2.000000000000000042e-03 0.000000000000000000e+00
6.000000000000000125e-03 0.000000000000000000e+00
1.000000000000000021e-02 0.000000000000000000e+00
1.400000000000000029e-02 0.000000000000000000e+00
1.800000000000000211e-02 1.801801801801801830e-03
2.199999999999999872e-02 0.000000000000000000e+00
2.600000000000000228e-02 2.471169686985173232e-03
2.999999999999999889e-02 4.205214465937762852e-03
3.400000000000000244e-02 6.410256410256410034e-03
3.800000000000000600e-02 1.028277634961439688e-02
4.199999999999999567e-02 1.773648648648648574e-02
4.599999999999999922e-02 1.680672268907562605e-02
5.000000000000000278e-02 3.138622493461203089e-02
5.400000000000000633e-02 4.962779156327544461e-02
5.799999999999999600e-02 6.405990016638934970e-02
6.199999999999999956e-02 7.679603633360856940e-02
6.600000000000000311e-02 1.178369652945924217e-01
7.000000000000000666e-02 1.225806451612903025e-01
7.400000000000001021e-02 2.039757994814174191e-01
7.799999999999999989e-02 2.336371168185583658e-01
8.200000000000000344e-02 2.774518021793797029e-01
8.599999999999999312e-02 3.195020746887966556e-01
8.999999999999999667e-02 3.799999999999998934e-01
9.400000000000000022e-02 4.612277867528273845e-01
9.800000000000000377e-02 4.716981132075472871e-01
1.020000000000000073e-01 5.634517766497459945e-01
1.060000000000000109e-01 5.725938009787929772e-01
1.100000000000000006e-01 6.021867115222878653e-01
1.140000000000000041e-01 6.719138359569178931e-01
1.179999999999999938e-01 7.209690893901417041e-01
1.219999999999999973e-01 7.653721682847898222e-01
1.260000000000000009e-01 7.893004115226336381e-01
1.300000000000000044e-01 8.323651452282163632e-01
1.340000000000000080e-01 8.636363636363633134e-01
1.380000000000000115e-01 8.768844221105531744e-01
1.420000000000000151e-01 8.968386023294510068e-01
1.460000000000000187e-01 9.125315391084942718e-01
1.499999999999999944e-01 9.385749385749377893e-01
1.539999999999999980e-01 9.537521815008727089e-01
1.580000000000000016e-01 9.548117154811723850e-01
1.620000000000000051e-01 9.647435897435894248e-01
1.660000000000000087e-01 9.801488833746905271e-01
1.700000000000000122e-01 9.817460317460309227e-01
1.739999999999999880e-01 9.871794871794854487e-01
1.779999999999999916e-01 9.925187032418953947e-01
1.819999999999999951e-01 9.943593875906522328e-01
1.859999999999999987e-01 9.956024626209334372e-01
1.900000000000000022e-01 9.945567651632956085e-01
1.940000000000000058e-01 9.982891360136854075e-01
1.980000000000000093e-01 9.965928449744474449e-01
2.020000000000000129e-01 9.968725566849094832e-01
2.060000000000000164e-01 9.991776315789486773e-01
2.100000000000000200e-01 1.000000000000000000e+00
2.139999999999999958e-01 1.000000000000000000e+00
2.179999999999999993e-01 1.000000000000000000e+00
2.220000000000000029e-01 1.000000000000000000e+00
2.260000000000000064e-01 1.000000000000000000e+00
2.300000000000000100e-01 9.991915925626493333e-01
2.340000000000000135e-01 1.000000000000000000e+00
2.379999999999999893e-01 1.000000000000000000e+00
2.419999999999999929e-01 1.000000000000000000e+00
2.459999999999999964e-01 1.000000000000000000e+00
2.500000000000000000e-01 1.000000000000000000e+00
2.540000000000000036e-01 1.000000000000000000e+00
2.580000000000000071e-01 1.000000000000000000e+00
2.620000000000000107e-01 1.000000000000000000e+00
2.660000000000000142e-01 1.000000000000000000e+00
2.700000000000000178e-01 1.000000000000000000e+00
2.740000000000000213e-01 1.000000000000000000e+00
2.780000000000000249e-01 1.000000000000000000e+00
2.820000000000000284e-01 1.000000000000000000e+00
2.860000000000000320e-01 1.000000000000000000e+00
2.900000000000000355e-01 1.000000000000000000e+00
2.939999999999999836e-01 1.000000000000000000e+00
2.979999999999999871e-01 1.000000000000000000e+00
3.019999999999999907e-01 1.000000000000000000e+00
3.059999999999999942e-01 1.000000000000000000e+00
3.099999999999999978e-01 1.000000000000000000e+00
3.140000000000000013e-01 1.000000000000000000e+00
3.180000000000000049e-01 1.000000000000000000e+00
3.220000000000000084e-01 1.000000000000000000e+00
3.260000000000000120e-01 1.000000000000000000e+00
3.300000000000000155e-01 1.000000000000000000e+00
3.340000000000000191e-01 1.000000000000000000e+00
3.380000000000000226e-01 1.000000000000000000e+00
3.420000000000000262e-01 1.000000000000000000e+00
3.460000000000000298e-01 1.000000000000000000e+00
3.499999999999999778e-01 1.000000000000000000e+00
3.539999999999999813e-01 1.000000000000000000e+00
3.579999999999999849e-01 1.000000000000007105e+00
3.619999999999999885e-01 1.000000000000000000e+00
3.659999999999999920e-01 1.000000000000000000e+00
3.699999999999999956e-01 1.000000000000000000e+00
3.739999999999999991e-01 1.000000000000000000e+00
3.780000000000000027e-01 1.000000000000000000e+00
3.820000000000000062e-01 1.000000000000000000e+00
3.860000000000000098e-01 1.000000000000000000e+00
3.900000000000000133e-01 1.000000000000000000e+00
3.940000000000000169e-01 1.000000000000000000e+00
3.980000000000000204e-01 1.000000000000000000e+00
4.020000000000000240e-01 1.000000000000000000e+00
4.060000000000000275e-01 1.000000000000000000e+00
4.100000000000000311e-01 1.000000000000000000e+00
4.140000000000000346e-01 1.000000000000000000e+00
4.180000000000000382e-01 1.000000000000000000e+00
4.219999999999999862e-01 1.000000000000000000e+00
4.259999999999999898e-01 1.000000000000000000e+00
4.299999999999999933e-01 1.000000000000000000e+00
4.339999999999999969e-01 1.000000000000000000e+00
4.380000000000000004e-01 1.000000000000000000e+00
4.420000000000000040e-01 1.000000000000000000e+00
4.460000000000000075e-01 1.000000000000000000e+00
4.500000000000000111e-01 1.000000000000000000e+00
4.540000000000000147e-01 1.000000000000000000e+00
4.580000000000000182e-01 1.000000000000000000e+00
4.620000000000000218e-01 1.000000000000000000e+00
4.660000000000000253e-01 1.000000000000000000e+00
4.700000000000000289e-01 1.000000000000000000e+00
4.740000000000000324e-01 1.000000000000000000e+00
4.779999999999999805e-01 1.000000000000000000e+00
4.819999999999999840e-01 1.000000000000000000e+00
4.859999999999999876e-01 1.000000000000000000e+00
4.899999999999999911e-01 1.000000000000000000e+00
4.939999999999999947e-01 1.000000000000000000e+00
4.979999999999999982e-01 1.000000000000000000e+00
5.020000000000000018e-01 1.000000000000000000e+00
5.060000000000000053e-01 1.000000000000000000e+00
5.100000000000000089e-01 1.000000000000000000e+00
5.140000000000000124e-01 1.000000000000000000e+00
5.180000000000000160e-01 1.000000000000000000e+00
5.220000000000000195e-01 1.000000000000000000e+00
5.260000000000000231e-01 1.000000000000000000e+00
5.300000000000000266e-01 1.000000000000000000e+00
5.340000000000000302e-01 1.000000000000000000e+00
5.380000000000000338e-01 1.000000000000000000e+00
5.420000000000000373e-01 1.000000000000000000e+00
5.460000000000000409e-01 1.000000000000000000e+00
5.500000000000000444e-01 1.000000000000000000e+00
5.540000000000000480e-01 1.000000000000000000e+00
5.580000000000000515e-01 1.000000000000000000e+00
5.620000000000000551e-01 1.000000000000000000e+00
5.660000000000000586e-01 1.000000000000000000e+00
5.700000000000000622e-01 1.000000000000000000e+00
5.740000000000000657e-01 1.000000000000000000e+00
5.780000000000000693e-01 1.000000000000000000e+00
5.819999999999999618e-01 1.000000000000000000e+00
5.859999999999999654e-01 1.000000000000000000e+00
5.899999999999999689e-01 1.000000000000000000e+00
5.939999999999999725e-01 1.000000000000000000e+00
5.979999999999999760e-01 1.000000000000000000e+00
6.019999999999999796e-01 1.000000000000000000e+00
6.059999999999999831e-01 1.000000000000000000e+00
6.099999999999999867e-01 1.000000000000000000e+00
6.139999999999999902e-01 1.000000000000000000e+00
6.179999999999999938e-01 1.000000000000000000e+00
6.219999999999999973e-01 1.000000000000000000e+00
6.260000000000000009e-01 1.000000000000000000e+00
6.300000000000000044e-01 1.000000000000000000e+00
6.340000000000000080e-01 1.000000000000000000e+00
6.380000000000000115e-01 1.000000000000000000e+00
6.420000000000000151e-01 1.000000000000000000e+00
6.460000000000000187e-01 1.000000000000000000e+00
6.500000000000000222e-01 1.000000000000000000e+00
6.540000000000000258e-01 1.000000000000000000e+00
6.580000000000000293e-01 1.000000000000000000e+00
6.620000000000000329e-01 1.000000000000000000e+00
6.660000000000000364e-01 1.000000000000000000e+00
6.700000000000000400e-01 1.000000000000000000e+00
6.740000000000000435e-01 1.000000000000000000e+00
6.780000000000000471e-01 1.000000000000000000e+00
6.820000000000000506e-01 1.000000000000000000e+00
6.860000000000000542e-01 1.000000000000000000e+00
6.900000000000000577e-01 1.000000000000000000e+00
6.940000000000000613e-01 1.000000000000000000e+00
6.980000000000000648e-01 1.000000000000000000e+00
7.019999999999999574e-01 1.000000000000000000e+00
7.059999999999999609e-01 1.000000000000000000e+00
7.099999999999999645e-01 1.000000000000000000e+00
7.139999999999999680e-01 1.000000000000000000e+00
7.179999999999999716e-01 1.000000000000000000e+00
7.219999999999999751e-01 1.000000000000000000e+00
7.259999999999999787e-01 1.000000000000000000e+00
7.299999999999999822e-01 1.000000000000000000e+00
7.339999999999999858e-01 1.000000000000000000e+00
7.379999999999999893e-01 1.000000000000000000e+00
7.419999999999999929e-01 1.000000000000000000e+00
7.459999999999999964e-01 1.000000000000000000e+00
7.500000000000000000e-01 1.000000000000000000e+00
7.540000000000000036e-01 1.000000000000000000e+00
7.580000000000000071e-01 1.000000000000000000e+00
7.620000000000000107e-01 1.000000000000000000e+00
7.660000000000000142e-01 1.000000000000000000e+00
7.700000000000000178e-01 1.000000000000000000e+00
7.740000000000000213e-01 1.000000000000000000e+00
7.780000000000000249e-01 1.000000000000000000e+00
7.820000000000000284e-01 1.000000000000000000e+00
7.860000000000000320e-01 1.000000000000000000e+00
7.900000000000000355e-01 1.000000000000000000e+00
7.940000000000000391e-01 1.000000000000000000e+00
7.980000000000000426e-01 1.000000000000000000e+00
8.020000000000000462e-01 1.000000000000000000e+00
8.060000000000000497e-01 1.000000000000000000e+00
8.100000000000000533e-01 1.000000000000000000e+00
8.140000000000000568e-01 1.000000000000000000e+00
8.180000000000000604e-01 1.000000000000000000e+00
8.220000000000000639e-01 1.000000000000000000e+00
8.260000000000000675e-01 1.000000000000000000e+00
8.300000000000000711e-01 1.000000000000000000e+00
8.340000000000000746e-01 1.000000000000000000e+00
8.379999999999999671e-01 1.000000000000000000e+00
8.419999999999999707e-01 1.000000000000000000e+00
8.459999999999999742e-01 1.000000000000000000e+00
8.499999999999999778e-01 1.000000000000000000e+00
8.539999999999999813e-01 1.000000000000000000e+00
8.579999999999999849e-01 1.000000000000000000e+00
8.619999999999999885e-01 1.000000000000000000e+00
8.659999999999999920e-01 1.000000000000000000e+00
8.699999999999999956e-01 1.000000000000000000e+00
8.739999999999999991e-01 1.000000000000000000e+00
8.780000000000000027e-01 1.000000000000000000e+00
8.820000000000000062e-01 1.000000000000000000e+00
8.860000000000000098e-01 1.000000000000000000e+00
8.900000000000000133e-01 1.000000000000000000e+00
8.940000000000000169e-01 1.000000000000000000e+00
8.980000000000000204e-01 1.000000000000000000e+00
9.020000000000000240e-01 1.000000000000000000e+00
9.060000000000000275e-01 1.000000000000000000e+00
9.100000000000000311e-01 1.000000000000000000e+00
9.140000000000000346e-01 1.000000000000000000e+00
9.180000000000000382e-01 1.000000000000000000e+00
9.220000000000000417e-01 1.000000000000000000e+00
9.260000000000000453e-01 1.000000000000000000e+00
9.300000000000000488e-01 1.000000000000000000e+00
9.340000000000000524e-01 1.000000000000000000e+00
9.380000000000000560e-01 1.000000000000000000e+00
9.420000000000000595e-01 1.000000000000000000e+00
9.460000000000000631e-01 1.000000000000000000e+00
9.500000000000000666e-01 1.000000000000000000e+00
9.540000000000000702e-01 1.000000000000000000e+00
9.579999999999999627e-01 1.000000000000000000e+00
9.619999999999999662e-01 1.000000000000000000e+00
9.659999999999999698e-01 1.000000000000000000e+00
9.699999999999999734e-01 1.000000000000000000e+00
9.739999999999999769e-01 1.000000000000000000e+00
9.779999999999999805e-01 1.000000000000000000e+00
9.819999999999999840e-01 1.000000000000000000e+00
9.859999999999999876e-01 1.000000000000000000e+00
9.899999999999999911e-01 1.000000000000000000e+00
9.939999999999999947e-01 1.000000000000000000e+00
9.979999999999999982e-01 1.000000000000000000e+00
1.000000000000000000e+03 1.000000000000000000e+00
