time 		 mean eVee 	 	 stdev eVee 	 	 mean eVth 	 	 stdev eVth 
 	  	 10 	 100 	 170 	 10 	 100 	 170 	 10 	 100 	 170 	 10 	 100 	 170 
-0.019 	 0.0 	 0.0 	 0.0 	 0.0 	 0.0 	 0.0 	 0.0 	 0.0 	 0.0 	 0.0 	 0.0 	 0.0
-0.0189692 	 0.0 	 0.0 	 0.0 	 0.0 	 0.0 	 0.0 	 0.0 	 0.0 	 0.0 	 0.0 	 0.0 	 0.0
-0.0189374 	 0.02 	 0.02 	 0.02 	 0.13999999999999999 	 0.13999999999999999 	 0.13999999999999999 	 0.02 	 0.02 	 0.02 	 0.13999999999999999 	 0.13999999999999999 	 0.13999999999999999
-0.0189047 	 0.0 	 0.0 	 0.0 	 0.0 	 0.0 	 0.0 	 0.0 	 0.0 	 0.0 	 0.0 	 0.0 	 0.0
-0.0188709 	 0.0 	 0.0 	 0.0 	 0.0 	 0.0 	 0.0 	 0.0 	 0.0 	 0.0 	 0.0 	 0.0 	 0.0
-0.0188361 	 0.02 	 0.02 	 0.02 	 0.13999999999999999 	 0.13999999999999999 	 0.13999999999999999 	 0.02 	 0.02 	 0.02 	 0.13999999999999999 	 0.13999999999999999 	 0.13999999999999999
-0.0188002 	 0.0 	 0.0 	 0.0 	 0.0 	 0.0 	 0.0 	 0.0 	 0.0 	 0.0 	 0.0 	 0.0 	 0.0
-0.0187632 	 0.0 	 0.0 	 0.0 	 0.0 	 0.0 	 0.0 	 0.0 	 0.0 	 0.0 	 0.0 	 0.0 	 0.0
-0.0187251 	 0.04 	 0.04 	 0.04 	 0.19595917942265428 	 0.19595917942265428 	 0.19595917942265428 	 0.04 	 0.04 	 0.04 	 0.19595917942265428 	 0.19595917942265428 	 0.19595917942265428
-0.0186858 	 0.0 	 0.0 	 0.0 	 0.0 	 0.0 	 0.0 	 0.0 	 0.0 	 0.0 	 0.0 	 0.0 	 0.0
-0.0186453 	 0.0 	 0.0 	 0.0 	 0.0 	 0.0 	 0.0 	 0.0 	 0.0 	 0.0 	 0.0 	 0.0 	 0.0
-0.0186036 	 0.02 	 0.02 	 0.02 	 0.13999999999999999 	 0.13999999999999999 	 0.13999999999999999 	 0.02 	 0.02 	 0.02 	 0.13999999999999999 	 0.13999999999999999 	 0.13999999999999999
-0.0185605 	 0.0 	 0.0 	 0.0 	 0.0 	 0.0 	 0.0 	 0.0 	 0.0 	 0.0 	 0.0 	 0.0 	 0.0
-0.0185161 	 0.0 	 0.0 	 0.0 	 0.0 	 0.0 	 0.0 	 0.0 	 0.0 	 0.0 	 0.0 	 0.0 	 0.0
-0.0184704 	 0.0 	 0.0 	 0.0 	 0.0 	 0.0 	 0.0 	 0.0 	 0.0 	 0.0 	 0.0 	 0.0 	 0.0
-0.0184233 	 0.0 	 0.0 	 0.0 	 0.0 	 0.0 	 0.0 	 0.0 	 0.0 	 0.0 	 0.0 	 0.0 	 0.0
-0.0183747 	 0.0 	 0.0 	 0.0 	 0.0 	 0.0 	 0.0 	 0.0 	 0.0 	 0.0 	 0.0 	 0.0 	 0.0
-0.0183246 	 0.0 	 0.0 	 0.0 	 0.0 	 0.0 	 0.0 	 0.0 	 0.0 	 0.0 	 0.0 	 0.0 	 0.0
-0.0182729 	 0.02 	 0.02 	 0.02 	 0.13999999999999999 	 0.13999999999999999 	 0.13999999999999999 	 0.02 	 0.02 	 0.02 	 0.13999999999999999 	 0.13999999999999999 	 0.13999999999999999
-0.0182197 	 0.04 	 0.04 	 0.02 	 0.19595917942265428 	 0.19595917942265428 	 0.13999999999999999 	 0.04 	 0.02 	 0.02 	 0.19595917942265428 	 0.13999999999999999 	 0.13999999999999999
-0.0181648 	 0.0 	 0.0 	 0.0 	 0.0 	 0.0 	 0.0 	 0.0 	 0.0 	 0.0 	 0.0 	 0.0 	 0.0
-0.0181082 	 0.0 	 0.0 	 0.0 	 0.0 	 0.0 	 0.0 	 0.0 	 0.0 	 0.0 	 0.0 	 0.0 	 0.0
-0.0180499 	 0.02 	 0.02 	 0.02 	 0.13999999999999999 	 0.13999999999999999 	 0.13999999999999999 	 0.02 	 0.02 	 0.02 	 0.13999999999999999 	 0.13999999999999999 	 0.13999999999999999
-0.0179898 	 0.06 	 0.04 	 0.04 	 0.31048349392520047 	 0.27999999999999997 	 0.27999999999999997 	 0.06 	 0.06 	 0.04 	 0.31048349392520047 	 0.31048349392520047 	 0.27999999999999997
-0.0179279 	 0.02 	 0.02 	 0.02 	 0.13999999999999999 	 0.13999999999999999 	 0.13999999999999999 	 0.02 	 0.02 	 0.02 	 0.13999999999999999 	 0.13999999999999999 	 0.13999999999999999
-0.017864 	 0.02 	 0.0 	 0.0 	 0.13999999999999999 	 0.0 	 0.0 	 0.02 	 0.0 	 0.0 	 0.13999999999999999 	 0.0 	 0.0
-0.0177982 	 0.04 	 0.04 	 0.04 	 0.19595917942265428 	 0.19595917942265428 	 0.19595917942265428 	 0.04 	 0.04 	 0.04 	 0.19595917942265428 	 0.19595917942265428 	 0.19595917942265428
-0.0177303 	 0.02 	 0.02 	 0.0 	 0.13999999999999999 	 0.13999999999999999 	 0.0 	 0.02 	 0.02 	 0.02 	 0.13999999999999999 	 0.13999999999999999 	 0.13999999999999999
-0.0176603 	 0.04 	 0.04 	 0.04 	 0.19595917942265426 	 0.19595917942265426 	 0.19595917942265426 	 0.04 	 0.04 	 0.04 	 0.19595917942265426 	 0.19595917942265426 	 0.19595917942265426
-0.0175882 	 0.0 	 0.0 	 0.0 	 0.0 	 0.0 	 0.0 	 0.0 	 0.0 	 0.0 	 0.0 	 0.0 	 0.0
-0.0175139 	 0.04 	 0.04 	 0.04 	 0.19595917942265428 	 0.19595917942265428 	 0.19595917942265428 	 0.04 	 0.04 	 0.04 	 0.19595917942265428 	 0.19595917942265428 	 0.19595917942265428
-0.0174373 	 0.04 	 0.04 	 0.04 	 0.19595917942265426 	 0.19595917942265426 	 0.19595917942265426 	 0.04 	 0.04 	 0.04 	 0.19595917942265426 	 0.19595917942265426 	 0.19595917942265426
-0.0173583 	 0.02 	 0.02 	 0.02 	 0.13999999999999999 	 0.13999999999999999 	 0.13999999999999999 	 0.02 	 0.02 	 0.02 	 0.13999999999999999 	 0.13999999999999999 	 0.13999999999999999
-0.0172768 	 0.0 	 0.0 	 0.0 	 0.0 	 0.0 	 0.0 	 0.0 	 0.0 	 0.0 	 0.0 	 0.0 	 0.0
-0.0171929 	 0.02 	 0.02 	 0.02 	 0.13999999999999999 	 0.13999999999999999 	 0.13999999999999999 	 0.02 	 0.02 	 0.02 	 0.13999999999999999 	 0.13999999999999999 	 0.13999999999999999
-0.0171064 	 0.0 	 0.0 	 0.0 	 0.0 	 0.0 	 0.0 	 0.0 	 0.0 	 0.0 	 0.0 	 0.0 	 0.0
-0.0170172 	 0.0 	 0.0 	 0.0 	 0.0 	 0.0 	 0.0 	 0.0 	 0.0 	 0.0 	 0.0 	 0.0 	 0.0
-0.0169253 	 0.0 	 0.0 	 0.0 	 0.0 	 0.0 	 0.0 	 0.0 	 0.0 	 0.0 	 0.0 	 0.0 	 0.0
-0.0168305 	 0.0 	 0.0 	 0.0 	 0.0 	 0.0 	 0.0 	 0.0 	 0.0 	 0.0 	 0.0 	 0.0 	 0.0
-0.0167328 	 0.04 	 0.04 	 0.04 	 0.19595917942265428 	 0.19595917942265428 	 0.19595917942265428 	 0.04 	 0.04 	 0.04 	 0.19595917942265428 	 0.19595917942265428 	 0.19595917942265428
-0.0166321 	 0.04 	 0.02 	 0.02 	 0.19595917942265428 	 0.13999999999999999 	 0.13999999999999999 	 0.04 	 0.04 	 0.02 	 0.19595917942265428 	 0.19595917942265428 	 0.13999999999999999
-0.0165283 	 0.04 	 0.04 	 0.02 	 0.19595917942265428 	 0.19595917942265428 	 0.13999999999999999 	 0.04 	 0.04 	 0.04 	 0.19595917942265428 	 0.19595917942265428 	 0.19595917942265428
-0.0164213 	 0.02 	 0.02 	 0.02 	 0.13999999999999999 	 0.13999999999999999 	 0.13999999999999999 	 0.02 	 0.02 	 0.02 	 0.13999999999999999 	 0.13999999999999999 	 0.13999999999999999
-0.016311 	 0.02 	 0.02 	 0.02 	 0.13999999999999999 	 0.13999999999999999 	 0.13999999999999999 	 0.02 	 0.02 	 0.02 	 0.13999999999999999 	 0.13999999999999999 	 0.13999999999999999
-0.0161973 	 0.06 	 0.06 	 0.06 	 0.23748684174075835 	 0.23748684174075835 	 0.23748684174075835 	 0.06 	 0.06 	 0.06 	 0.23748684174075835 	 0.23748684174075835 	 0.23748684174075835
-0.01608 	 0.04 	 0.04 	 0.04 	 0.19595917942265428 	 0.19595917942265428 	 0.19595917942265428 	 0.04 	 0.04 	 0.04 	 0.19595917942265428 	 0.19595917942265428 	 0.19595917942265428
-0.0159592 	 0.02 	 0.02 	 0.02 	 0.13999999999999999 	 0.13999999999999999 	 0.13999999999999999 	 0.02 	 0.02 	 0.02 	 0.13999999999999999 	 0.13999999999999999 	 0.13999999999999999
-0.0158347 	 0.02 	 0.02 	 0.02 	 0.13999999999999999 	 0.13999999999999999 	 0.13999999999999999 	 0.02 	 0.02 	 0.02 	 0.13999999999999999 	 0.13999999999999999 	 0.13999999999999999
-0.0157063 	 0.0 	 0.0 	 0.0 	 0.0 	 0.0 	 0.0 	 0.0 	 0.0 	 0.0 	 0.0 	 0.0 	 0.0
-0.0155739 	 0.04 	 0.02 	 0.02 	 0.19595917942265428 	 0.13999999999999999 	 0.13999999999999999 	 0.04 	 0.02 	 0.02 	 0.19595917942265428 	 0.13999999999999999 	 0.13999999999999999
-0.0154375 	 0.06 	 0.06 	 0.04 	 0.23748684174075835 	 0.23748684174075835 	 0.19595917942265428 	 0.06 	 0.04 	 0.04 	 0.23748684174075835 	 0.19595917942265428 	 0.19595917942265428
-0.0152969 	 0.02 	 0.02 	 0.02 	 0.13999999999999999 	 0.13999999999999999 	 0.13999999999999999 	 0.02 	 0.02 	 0.02 	 0.13999999999999999 	 0.13999999999999999 	 0.13999999999999999
-0.0151519 	 0.06 	 0.06 	 0.06 	 0.23748684174075835 	 0.23748684174075835 	 0.23748684174075835 	 0.06 	 0.06 	 0.04 	 0.23748684174075835 	 0.23748684174075835 	 0.19595917942265428
-0.0150025 	 0.04 	 0.04 	 0.04 	 0.19595917942265428 	 0.19595917942265428 	 0.19595917942265428 	 0.04 	 0.04 	 0.04 	 0.19595917942265428 	 0.19595917942265428 	 0.19595917942265428
-0.0148485 	 0.04 	 0.04 	 0.04 	 0.19595917942265428 	 0.19595917942265428 	 0.19595917942265428 	 0.04 	 0.04 	 0.04 	 0.19595917942265428 	 0.19595917942265428 	 0.19595917942265428
-0.0146897 	 0.02 	 0.02 	 0.0 	 0.13999999999999999 	 0.13999999999999999 	 0.0 	 0.02 	 0.02 	 0.0 	 0.13999999999999999 	 0.13999999999999999 	 0.0
-0.014526 	 0.06 	 0.04 	 0.04 	 0.23748684174075835 	 0.19595917942265428 	 0.19595917942265428 	 0.06 	 0.06 	 0.04 	 0.23748684174075835 	 0.23748684174075835 	 0.19595917942265428
-0.0143573 	 0.0 	 0.0 	 0.0 	 0.0 	 0.0 	 0.0 	 0.0 	 0.0 	 0.0 	 0.0 	 0.0 	 0.0
-0.0141833 	 0.06 	 0.06 	 0.06 	 0.23748684174075835 	 0.23748684174075835 	 0.23748684174075835 	 0.06 	 0.06 	 0.06 	 0.23748684174075835 	 0.23748684174075835 	 0.23748684174075835
-0.0140041 	 0.12 	 0.1 	 0.1 	 0.32496153618543844 	 0.3 	 0.3 	 0.12 	 0.1 	 0.1 	 0.32496153618543844 	 0.3 	 0.3
-0.0138192 	 0.06 	 0.06 	 0.06 	 0.31048349392520047 	 0.31048349392520047 	 0.31048349392520047 	 0.06 	 0.06 	 0.06 	 0.31048349392520047 	 0.31048349392520047 	 0.31048349392520047
-0.0136287 	 0.04 	 0.04 	 0.04 	 0.19595917942265428 	 0.19595917942265428 	 0.19595917942265428 	 0.04 	 0.04 	 0.04 	 0.19595917942265428 	 0.19595917942265428 	 0.19595917942265428
-0.0134324 	 0.08 	 0.08 	 0.08 	 0.2712931993250107 	 0.2712931993250107 	 0.2712931993250107 	 0.08 	 0.08 	 0.08 	 0.2712931993250107 	 0.2712931993250107 	 0.2712931993250107
-0.0132299 	 0.08 	 0.06 	 0.04 	 0.2712931993250107 	 0.23748684174075835 	 0.19595917942265428 	 0.08 	 0.06 	 0.04 	 0.2712931993250107 	 0.23748684174075835 	 0.19595917942265428
-0.0130213 	 0.06 	 0.04 	 0.04 	 0.23748684174075835 	 0.19595917942265428 	 0.19595917942265428 	 0.06 	 0.04 	 0.04 	 0.23748684174075835 	 0.19595917942265428 	 0.19595917942265428
-0.0128061 	 0.06 	 0.06 	 0.06 	 0.23748684174075835 	 0.23748684174075835 	 0.23748684174075835 	 0.06 	 0.06 	 0.06 	 0.23748684174075835 	 0.23748684174075835 	 0.23748684174075835
-0.0125844 	 0.08 	 0.08 	 0.08 	 0.2712931993250107 	 0.2712931993250107 	 0.2712931993250107 	 0.08 	 0.08 	 0.08 	 0.2712931993250107 	 0.2712931993250107 	 0.2712931993250107
-0.0123558 	 0.08 	 0.08 	 0.08 	 0.2712931993250107 	 0.2712931993250107 	 0.2712931993250107 	 0.08 	 0.08 	 0.08 	 0.2712931993250107 	 0.2712931993250107 	 0.2712931993250107
-0.0121202 	 0.04 	 0.04 	 0.02 	 0.19595917942265428 	 0.19595917942265428 	 0.13999999999999999 	 0.04 	 0.04 	 0.02 	 0.19595917942265428 	 0.19595917942265428 	 0.13999999999999999
-0.0118774 	 0.08 	 0.08 	 0.04 	 0.2712931993250107 	 0.2712931993250107 	 0.19595917942265428 	 0.08 	 0.08 	 0.06 	 0.2712931993250107 	 0.2712931993250107 	 0.23748684174075835
-0.011627 	 0.08 	 0.08 	 0.06 	 0.2712931993250107 	 0.2712931993250107 	 0.23748684174075835 	 0.08 	 0.08 	 0.08 	 0.2712931993250107 	 0.2712931993250107 	 0.2712931993250107
-0.0113689 	 0.06 	 0.06 	 0.06 	 0.23748684174075835 	 0.23748684174075835 	 0.23748684174075835 	 0.06 	 0.06 	 0.06 	 0.23748684174075835 	 0.23748684174075835 	 0.23748684174075835
-0.0111029 	 0.08 	 0.08 	 0.08 	 0.2712931993250107 	 0.2712931993250107 	 0.2712931993250107 	 0.08 	 0.08 	 0.08 	 0.2712931993250107 	 0.2712931993250107 	 0.2712931993250107
-0.0108286 	 0.1 	 0.06 	 0.06 	 0.36055512754639896 	 0.31048349392520047 	 0.31048349392520047 	 0.1 	 0.06 	 0.06 	 0.36055512754639896 	 0.31048349392520047 	 0.31048349392520047
-0.010546 	 0.08 	 0.08 	 0.08 	 0.2712931993250107 	 0.2712931993250107 	 0.2712931993250107 	 0.08 	 0.08 	 0.08 	 0.2712931993250107 	 0.2712931993250107 	 0.2712931993250107
-0.0102546 	 0.08 	 0.06 	 0.06 	 0.2712931993250107 	 0.23748684174075835 	 0.23748684174075835 	 0.08 	 0.06 	 0.06 	 0.2712931993250107 	 0.23748684174075835 	 0.23748684174075835
-0.00995417 	 0.06 	 0.06 	 0.06 	 0.23748684174075835 	 0.23748684174075835 	 0.23748684174075835 	 0.06 	 0.06 	 0.06 	 0.23748684174075835 	 0.23748684174075835 	 0.23748684174075835
-0.00964453 	 0.14 	 0.14 	 0.14 	 0.3469870314579494 	 0.3469870314579494 	 0.3469870314579494 	 0.14 	 0.14 	 0.14 	 0.3469870314579494 	 0.3469870314579494 	 0.3469870314579494
-0.00932535 	 0.2 	 0.18 	 0.18 	 0.4 	 0.38418745424597095 	 0.38418745424597095 	 0.2 	 0.2 	 0.18 	 0.4 	 0.4 	 0.38418745424597095
-0.00899633 	 0.12 	 0.1 	 0.1 	 0.32496153618543844 	 0.3 	 0.3 	 0.12 	 0.1 	 0.1 	 0.32496153618543844 	 0.3 	 0.3
-0.00865716 	 0.16 	 0.16 	 0.16 	 0.36660605559646714 	 0.36660605559646714 	 0.36660605559646714 	 0.16 	 0.16 	 0.16 	 0.36660605559646714 	 0.36660605559646714 	 0.36660605559646714
-0.00830754 	 0.18 	 0.18 	 0.18 	 0.38418745424597095 	 0.38418745424597095 	 0.38418745424597095 	 0.18 	 0.18 	 0.18 	 0.38418745424597095 	 0.38418745424597095 	 0.38418745424597095
-0.00794715 	 0.14 	 0.12 	 0.12 	 0.4004996878900157 	 0.38157568056677826 	 0.38157568056677826 	 0.14 	 0.12 	 0.12 	 0.4004996878900157 	 0.38157568056677826 	 0.38157568056677826
-0.00757565 	 0.18 	 0.16 	 0.16 	 0.38418745424597095 	 0.36660605559646714 	 0.36660605559646714 	 0.18 	 0.16 	 0.16 	 0.38418745424597095 	 0.36660605559646714 	 0.36660605559646714
-0.00719269 	 0.1 	 0.1 	 0.1 	 0.3605551275463989 	 0.3605551275463989 	 0.3605551275463989 	 0.1 	 0.1 	 0.1 	 0.3605551275463989 	 0.3605551275463989 	 0.3605551275463989
-0.00679794 	 0.24 	 0.22 	 0.18 	 0.5122499389946279 	 0.46 	 0.4331281565541544 	 0.24 	 0.22 	 0.18 	 0.5122499389946279 	 0.46 	 0.4331281565541544
-0.00639101 	 0.24 	 0.22 	 0.22 	 0.47159304490206383 	 0.41424630354415964 	 0.41424630354415964 	 0.24 	 0.22 	 0.22 	 0.47159304490206383 	 0.41424630354415964 	 0.41424630354415964
-0.00597154 	 0.3 	 0.26 	 0.24 	 0.49999999999999994 	 0.482078831727758 	 0.47159304490206383 	 0.3 	 0.28 	 0.24 	 0.49999999999999994 	 0.4915282290977803 	 0.47159304490206383
-0.00553915 	 0.24 	 0.22 	 0.18 	 0.47159304490206383 	 0.45999999999999996 	 0.4331281565541543 	 0.24 	 0.2 	 0.2 	 0.47159304490206383 	 0.447213595499958 	 0.447213595499958
-0.00509342 	 0.38 	 0.38 	 0.34 	 0.6289674077406556 	 0.6289674077406556 	 0.62 	 0.4 	 0.36 	 0.34 	 0.6324555320336759 	 0.6248199740725323 	 0.62
-0.00463396 	 0.28 	 0.28 	 0.26 	 0.44899888641287294 	 0.44899888641287294 	 0.4386342439892262 	 0.28 	 0.28 	 0.26 	 0.44899888641287294 	 0.44899888641287294 	 0.4386342439892262
-0.00416034 	 0.2 	 0.2 	 0.2 	 0.48989794855663565 	 0.48989794855663565 	 0.48989794855663565 	 0.2 	 0.2 	 0.2 	 0.48989794855663565 	 0.48989794855663565 	 0.48989794855663565
-0.00367211 	 0.4 	 0.34 	 0.32 	 0.6324555320336759 	 0.5868560300448484 	 0.5810335618533581 	 0.38 	 0.36 	 0.34 	 0.596322060635023 	 0.5919459434779496 	 0.5868560300448484
-0.00316884 	 0.5 	 0.46 	 0.46 	 0.6708203932499369 	 0.6696267617113283 	 0.6696267617113283 	 0.5 	 0.46 	 0.46 	 0.6708203932499369 	 0.6696267617113283 	 0.6696267617113283
-0.00265006 	 0.38 	 0.34 	 0.32 	 0.5249761899362675 	 0.5141984052872977 	 0.5075431016179808 	 0.38 	 0.36 	 0.32 	 0.5249761899362675 	 0.52 	 0.5075431016179808
-0.00211528 	 0.64 	 0.6 	 0.6 	 0.7418894796396563 	 0.7211102550927979 	 0.7211102550927979 	 0.62 	 0.6 	 0.6 	 0.7453858061433689 	 0.7211102550927979 	 0.7211102550927979
-0.00156403 	 0.38 	 0.36 	 0.34 	 0.596322060635023 	 0.5919459434779497 	 0.5868560300448484 	 0.38 	 0.36 	 0.34 	 0.596322060635023 	 0.5919459434779497 	 0.5868560300448484
-0.000995777 	 0.4 	 0.38 	 0.36 	 0.6324555320336759 	 0.6289674077406556 	 0.5919459434779497 	 0.4 	 0.38 	 0.36 	 0.6324555320336759 	 0.6289674077406556 	 0.5919459434779497
-0.000410014 	 0.58 	 0.54 	 0.52 	 0.6660330322138686 	 0.6696267617113282 	 0.6705221845696083 	 0.58 	 0.54 	 0.52 	 0.6660330322138686 	 0.6696267617113282 	 0.6705221845696083
0.000193805 	 0.54 	 0.48 	 0.42 	 0.6390618123468182 	 0.6079473661428265 	 0.5688585061331157 	 0.52 	 0.48 	 0.42 	 0.6079473661428265 	 0.6079473661428265 	 0.5688585061331157
0.000816235 	 0.52 	 0.44 	 0.4 	 0.7547184905645283 	 0.7525955088890712 	 0.692820323027551 	 0.52 	 0.44 	 0.42 	 0.7547184905645283 	 0.7525955088890712 	 0.6954135460285485
0.00145785 	 0.66 	 0.62 	 0.58 	 0.7901898506055364 	 0.7972452571197899 	 0.8022468448052631 	 0.64 	 0.62 	 0.58 	 0.7939773296511683 	 0.7972452571197899 	 0.8022468448052631
0.00211924 	 0.52 	 0.44 	 0.44 	 0.6997142273814361 	 0.6681317235396026 	 0.6681317235396026 	 0.52 	 0.48 	 0.44 	 0.6997142273814361 	 0.699714227381436 	 0.6681317235396026
0.00280102 	 0.6 	 0.54 	 0.46 	 0.6633249580710799 	 0.6069596362197407 	 0.5370288632839021 	 0.6 	 0.56 	 0.48 	 0.6633249580710799 	 0.6374950980203692 	 0.5381449618829484
0.00350381 	 0.64 	 0.6 	 0.56 	 0.7418894796396562 	 0.7211102550927979 	 0.6974238309665077 	 0.64 	 0.6 	 0.58 	 0.7418894796396562 	 0.7211102550927979 	 0.6954135460285484
0.00422826 	 1.54 	 1.48 	 1.44 	 1.2839003076563225 	 1.284367548640186 	 1.2831211945876353 	 1.54 	 1.48 	 1.46 	 1.2839003076563225 	 1.284367548640186 	 1.299384469662463
0.00497505 	 2.1 	 2.06 	 2.0 	 1.4866068747318506 	 1.5153877391611694 	 1.5231546211727816 	 2.1 	 2.06 	 2.04 	 1.4866068747318506 	 1.5153877391611694 	 1.535708305636197
0.00574485 	 2.9 	 2.88 	 2.8 	 1.6881943016134133 	 1.6928083175599062 	 1.6852299546352716 	 2.9 	 2.88 	 2.78 	 1.6881943016134133 	 1.6928083175599062 	 1.6527552752903256
0.00653838 	 3.54 	 3.46 	 3.36 	 1.6638509548634455 	 1.6638509548634457 	 1.70598944897089 	 3.56 	 3.46 	 3.42 	 1.6871277367170514 	 1.6638509548634457 	 1.6624078921853085
0.00735636 	 3.0 	 2.92 	 2.86 	 1.8439088914585775 	 1.852997571504075 	 1.854831528737853 	 3.02 	 2.94 	 2.88 	 1.8492160501142099 	 1.8698663053812163 	 1.8508376482014839
0.00819956 	 2.72 	 2.62 	 2.56 	 1.5879546593023368 	 1.560640893991952 	 1.564097183681372 	 2.7 	 2.64 	 2.6 	 1.57797338380595 	 1.5460918472070149 	 1.5874507866387544
0.00906875 	 2.82 	 2.7 	 2.56 	 1.4654692081377896 	 1.3892443989449805 	 1.4022838514366482 	 2.8 	 2.74 	 2.56 	 1.4696938456699071 	 1.4395832730342486 	 1.4022838514366482
0.00996473 	 2.42 	 2.32 	 2.28 	 1.2820296408429877 	 1.3181805642627267 	 1.312097557348538 	 2.4 	 2.32 	 2.28 	 1.2806248474865696 	 1.3181805642627267 	 1.2812493902437574
0.0108883 	 2.74 	 2.66 	 2.62 	 1.2619033243477886 	 1.2101239605924676 	 1.198165264060013 	 2.74 	 2.66 	 2.62 	 1.2619033243477886 	 1.2101239605924676 	 1.198165264060013
0.0118404 	 2.22 	 2.1 	 1.98 	 1.5005332385522154 	 1.5 	 1.476346842716846 	 2.22 	 2.12 	 2.02 	 1.5005332385522154 	 1.4783774890061065 	 1.5031965939290841
0.0128218 	 2.16 	 2.04 	 2.02 	 1.5278743403827424 	 1.548676854608475 	 1.542595215861893 	 2.16 	 2.04 	 2.02 	 1.5538339679644027 	 1.548676854608475 	 1.542595215861893
0.0138335 	 1.84 	 1.76 	 1.64 	 1.3016912076218383 	 1.32 	 1.2611106216347556 	 1.84 	 1.76 	 1.66 	 1.3016912076218383 	 1.32 	 1.2427389106324787
0.0148763 	 1.98 	 1.92 	 1.9 	 1.3782597723216041 	 1.3090454537562857 	 1.2369316876852983 	 1.98 	 1.94 	 1.9 	 1.3782597723216041 	 1.3328165665236908 	 1.2369316876852983
0.0159513 	 1.58 	 1.54 	 1.54 	 1.1847362575695908 	 1.2034949106664308 	 1.2034949106664308 	 1.58 	 1.54 	 1.52 	 1.1847362575695908 	 1.2034949106664308 	 1.2204917041913885
0.0170594 	 1.7 	 1.68 	 1.62 	 1.445683229480096 	 1.4204224723651764 	 1.4267445461609447 	 1.7 	 1.68 	 1.64 	 1.445683229480096 	 1.4204224723651764 	 1.4388884598883958
0.0182017 	 1.78 	 1.72 	 1.62 	 1.418308852119312 	 1.3717142559585798 	 1.2944496900227525 	 1.78 	 1.7 	 1.64 	 1.418308852119312 	 1.3601470508735443 	 1.3078226179417451
0.0193792 	 1.78 	 1.7 	 1.64 	 1.4736349615830917 	 1.445683229480096 	 1.410815367083872 	 1.78 	 1.78 	 1.68 	 1.4736349615830917 	 1.4736349615830917 	 1.4344336861632887
0.020593 	 1.74 	 1.68 	 1.62 	 1.3683566786477859 	 1.3629380029920657 	 1.3098091464026351 	 1.72 	 1.68 	 1.64 	 1.3422369388450013 	 1.3629380029920657 	 1.3380582946942186
0.0218441 	 2.2 	 2.1 	 2.06 	 1.42828568570857 	 1.40356688476182 	 1.3477388471065155 	 2.2 	 2.1 	 2.08 	 1.42828568570857 	 1.40356688476182 	 1.3541048703848604
0.0231339 	 2.02 	 1.96 	 1.94 	 1.5683111936092275 	 1.548676854608475 	 1.567290655877205 	 2.04 	 1.96 	 1.94 	 1.5742934923323542 	 1.548676854608475 	 1.567290655877205
0.0244634 	 2.2 	 2.16 	 2.06 	 1.4966629547095767 	 1.488086019019062 	 1.4478950238190613 	 2.2 	 2.16 	 2.06 	 1.4966629547095767 	 1.488086019019062 	 1.4478950238190613
0.0258339 	 2.5 	 2.4 	 2.36 	 1.2688577540449522 	 1.2328828005937953 	 1.2126005112979295 	 2.5 	 2.4 	 2.36 	 1.2688577540449522 	 1.2328828005937953 	 1.2126005112979295
0.0272466 	 2.76 	 2.66 	 2.5 	 1.4772948250095512 	 1.4779715829473854 	 1.3892443989449805 	 2.76 	 2.68 	 2.52 	 1.4772948250095512 	 1.502531197679436 	 1.3746272221951668
0.0287029 	 2.46 	 2.3 	 2.26 	 1.5519020587653074 	 1.4730919862656235 	 1.4806755215103677 	 2.46 	 2.34 	 2.24 	 1.5519020587653074 	 1.518025032731674 	 1.5041276541570532
0.0302041 	 3.02 	 2.94 	 2.9 	 1.6672132437093943 	 1.5926079241294764 	 1.6155494421403513 	 3.0 	 2.94 	 2.9 	 1.6492422502470643 	 1.5926079241294764 	 1.6155494421403513
0.0317515 	 2.7 	 2.56 	 2.44 	 1.6401219466856725 	 1.5894653189044423 	 1.564097183681372 	 2.7 	 2.56 	 2.46 	 1.6401219466856725 	 1.614434885648845 	 1.5519020587653074
0.0333466 	 3.12 	 3.08 	 2.96 	 1.6928083175599062 	 1.6951696080333671 	 1.684755175092215 	 3.12 	 3.1 	 2.96 	 1.6928083175599062 	 1.676305461424021 	 1.684755175092215
0.0349909 	 2.42 	 2.34 	 2.26 	 1.372443077143821 	 1.3507035203922435 	 1.425622670975739 	 2.42 	 2.34 	 2.28 	 1.372443077143821 	 1.3507035203922435 	 1.4005713120009278
0.0366859 	 3.0 	 2.94 	 2.88 	 1.3266499161421599 	 1.3177253128023307 	 1.3212115651930996 	 3.0 	 2.94 	 2.9 	 1.3266499161421599 	 1.3177253128023305 	 1.3152946437965904
0.0384331 	 2.92 	 2.82 	 2.78 	 1.7417232845661792 	 1.6696107330752281 	 1.6406096427852666 	 2.96 	 2.8 	 2.8 	 1.7545369759569047 	 1.6492422502470643 	 1.6492422502470643
0.0402342 	 3.66 	 3.4 	 3.3 	 1.8396738841436 	 1.7204650534085253 	 1.7233687939614086 	 3.68 	 3.42 	 3.3 	 1.8159295140505867 	 1.7215109642404258 	 1.7233687939614086
0.0420908 	 3.76 	 3.66 	 3.6 	 1.7499714283381889 	 1.6924538398432025 	 1.7320508075688774 	 3.78 	 3.66 	 3.6 	 1.8032193432857802 	 1.6924538398432025 	 1.7320508075688774
0.0440046 	 3.68 	 3.58 	 3.44 	 2.08269056751117 	 2.06 	 1.9200000000000002 	 3.68 	 3.58 	 3.48 	 2.101808744867144 	 2.06 	 1.9312172327317296
0.0459774 	 4.38 	 4.24 	 4.18 	 1.968654362756449 	 1.9345283662949995 	 1.946175737183053 	 4.4 	 4.24 	 4.16 	 1.9390719429665317 	 1.9345283662949995 	 1.9116485032557635
0.048011 	 4.32 	 4.06 	 3.9 	 2.2754340245324625 	 2.1298826258740173 	 2.0420577856662137 	 4.3 	 4.1 	 3.92 	 2.238302928559939 	 2.1840329667841556 	 2.0380382724571193
0.0501073 	 4.34 	 4.14 	 4.04 	 1.9759554650851825 	 1.9288338445807094 	 1.928315326911032 	 4.34 	 4.18 	 4.02 	 1.9759554650851825 	 1.9358718965882014 	 1.9543796969882796
0.0522682 	 4.7 	 4.56 	 4.4 	 2.2737634001804143 	 2.201454064930722 	 2.0493901531919194 	 4.74 	 4.58 	 4.4 	 2.2874439883852893 	 2.236872817126624 	 2.0784609690826525
0.0544957 	 4.04 	 3.94 	 3.88 	 1.72 	 1.6900887550658397 	 1.692808317559906 	 4.06 	 3.94 	 3.88 	 1.678213335663854 	 1.6900887550658397 	 1.6928083175599062
0.0567918 	 3.88 	 3.68 	 3.46 	 1.7848249213858485 	 1.737124060048677 	 1.6758281534811377 	 3.88 	 3.7 	 3.5 	 1.7848249213858485 	 1.7578395831246945 	 1.7
0.0591588 	 4.52 	 4.38 	 4.24 	 1.8787229705307804 	 1.906724940834414 	 1.9137397942249097 	 4.54 	 4.38 	 4.26 	 1.8677258899528058 	 1.906724940834414 	 1.905885620912231
0.0615987 	 4.24 	 4.0 	 3.9 	 2.083842604420977 	 1.9798989873223332 	 1.91049731745428 	 4.28 	 4.02 	 3.92 	 2.088444397153058 	 1.9848425630260955 	 1.9270703152713446
0.0641138 	 4.98 	 4.72 	 4.64 	 1.94411933790084 	 1.8977881862842334 	 1.9262398604535211 	 4.96 	 4.8 	 4.66 	 1.9489484344127734 	 1.9390719429665315 	 1.914262259984248
0.0667064 	 4.28 	 4.1 	 3.98 	 1.7780888616714294 	 1.7349351572897471 	 1.6910351859142376 	 4.26 	 4.1 	 4.04 	 1.775499929597295 	 1.7349351572897471 	 1.684755175092215
0.0693789 	 5.66 	 5.54 	 5.3 	 2.396747796494241 	 2.351254984045754 	 2.3430749027719964 	 5.68 	 5.52 	 5.32 	 2.378570999570961 	 2.3768887226792925 	 2.378570999570961
0.0721339 	 4.8 	 4.64 	 4.48 	 2.4166091947189146 	 2.338888624966995 	 2.2382135733660453 	 4.84 	 4.64 	 4.48 	 2.4848339984795764 	 2.321723497749032 	 2.2382135733660453
0.0749737 	 4.72 	 4.42 	 4.28 	 2.2094343167426365 	 2.245796072665548 	 2.154437281519237 	 4.72 	 4.48 	 4.32 	 2.2094343167426365 	 2.256014184352572 	 2.18577217477028
0.077901 	 4.68 	 4.54 	 4.46 	 1.9124852940611072 	 1.8133946068079059 	 1.8023318229449314 	 4.66 	 4.6 	 4.46 	 1.8932511719262186 	 1.876166303929372 	 1.8023318229449314
0.0809186 	 4.76 	 4.6 	 4.52 	 2.025438224187546 	 1.98997487421324 	 1.9823218709382189 	 4.78 	 4.6 	 4.52 	 2.0326337594362642 	 1.98997487421324 	 1.9823218709382189
0.0840292 	 5.12 	 4.8 	 4.68 	 2.558437022871581 	 2.537715508089904 	 2.5646832163056708 	 5.1 	 4.86 	 4.68 	 2.539685019840059 	 2.5140405724649715 	 2.5646832163056708
0.0872357 	 4.74 	 4.6 	 4.54 	 2.621526272994417 	 2.6229754097208002 	 2.593915958546074 	 4.76 	 4.62 	 4.54 	 2.627241899787684 	 2.5914474719739156 	 2.6321854038042227
0.090541 	 5.44 	 5.18 	 5.06 	 2.164809460437569 	 2.1418683432928365 	 2.1578693194908722 	 5.46 	 5.22 	 5.1 	 2.1560148422494687 	 2.1474636201807935 	 2.147091055358389
0.0939482 	 5.32 	 5.04 	 4.88 	 2.139532659250613 	 2.1443880245888334 	 2.1320412753978286 	 5.32 	 5.04 	 4.9 	 2.139532659250613 	 2.1629609335353237 	 2.1656407827707715
0.0974604 	 4.8 	 4.7 	 4.62 	 2.576819745345025 	 2.491987158875422 	 2.382351779229927 	 4.82 	 4.7 	 4.64 	 2.5666320343983866 	 2.491987158875422 	 2.4063249988312054
0.101081 	 5.42 	 5.18 	 5.0 	 2.41735392526622 	 2.242231031807383 	 2.32379000772445 	 5.4 	 5.2 	 5.02 	 2.3916521486202797 	 2.2803508501982757 	 2.319396473223153
0.104813 	 5.22 	 5.14 	 4.92 	 2.0424495097798623 	 2.068912757948 	 2.018316129846858 	 5.2 	 5.1 	 4.96 	 2.04939015319192 	 2.118962010041709 	 2.0489997559785116
0.10866 	 5.94 	 5.58 	 5.42 	 2.4364728605096344 	 2.384030201150984 	 2.3587284710199263 	 5.9 	 5.66 	 5.44 	 2.4020824298928627 	 2.421652328473268 	 2.367783773911799
0.112626 	 5.78 	 5.48 	 5.32 	 2.1098815132608753 	 2.012361796496843 	 2.0043951706188077 	 5.78 	 5.48 	 5.38 	 1.992887352561604 	 2.012361796496843 	 2.106086417980041
0.116714 	 5.7 	 5.46 	 5.28 	 2.238302928559939 	 2.118584433059018 	 2.1075103795711185 	 5.72 	 5.48 	 5.24 	 2.2719154913860686 	 2.0903588208726274 	 2.121885953579975
0.120927 	 5.68 	 5.46 	 5.34 	 2.1949031869310316 	 2.0900717691026784 	 2.0747047982785407 	 5.66 	 5.48 	 5.34 	 2.178164364780583 	 2.1188676221038443 	 2.0650423724466287
0.125271 	 5.56 	 5.26 	 5.14 	 2.6165626306282066 	 2.512449004457603 	 2.5060726246459817 	 5.56 	 5.3 	 5.2 	 2.6012304780622575 	 2.5475478405713994 	 2.529822128134703
0.129749 	 5.68 	 5.4 	 5.3 	 1.9229144546755064 	 1.9390719429665315 	 1.8138357147217055 	 5.72 	 5.44 	 5.34 	 1.9497692171126304 	 1.9713954448562572 	 1.8720042734993956
0.134365 	 6.14 	 6.04 	 5.9 	 2.4577225229874915 	 2.3913176284216195 	 2.4020824298928627 	 6.14 	 6.02 	 5.92 	 2.4577225229874915 	 2.3789913829183997 	 2.3986662960903917
0.139123 	 5.64 	 5.46 	 5.28 	 2.114332045824402 	 2.1091230405075945 	 2.0979990467109366 	 5.6 	 5.48 	 5.3 	 2.1354156504062622 	 2.1094074997496337 	 2.137755832643195
0.144027 	 4.66 	 4.46 	 4.34 	 2.2145879978000425 	 2.1744884455889846 	 2.1504418150696383 	 4.64 	 4.5 	 4.38 	 2.2068982758613953 	 2.2293496809607953 	 2.1249941176389173
0.149083 	 5.3 	 5.12 	 4.88 	 2.1931712199461306 	 2.1320412753978286 	 2.036074654819906 	 5.3 	 5.12 	 5.0 	 2.1931712199461306 	 2.1320412753978286 	 2.078460969082653
0.154295 	 6.04 	 5.88 	 5.74 	 2.521586801995918 	 2.5506077707087775 	 2.5044759930971585 	 6.04 	 5.88 	 5.76 	 2.521586801995918 	 2.5506077707087775 	 2.4944738924270187
0.159667 	 6.38 	 6.18 	 5.98 	 2.8347133893923036 	 2.7253623612283193 	 2.7385397568777416 	 6.34 	 6.2 	 6.04 	 2.790053762922858 	 2.734958866235469 	 2.734666341621954
0.165205 	 5.62 	 5.4 	 5.18 	 2.1807338214463496 	 2.1071307505705477 	 2.0561128373705566 	 5.58 	 5.42 	 5.24 	 2.173384457476403 	 2.136258411335108 	 2.1029503084951866
0.170913 	 5.72 	 5.64 	 5.46 	 2.2003636063160106 	 2.1886982432487123 	 2.183666641225258 	 5.72 	 5.64 	 5.46 	 2.2003636063160106 	 2.1886982432487123 	 2.183666641225258
0.176798 	 5.38 	 5.2 	 5.02 	 2.1343851573696817 	 2.1166010488516727 	 2.0247468977627796 	 5.38 	 5.22 	 5.06 	 2.1343851573696817 	 2.0908371529126795 	 2.0239565212721344
0.182863 	 5.94 	 5.76 	 5.66 	 2.452835094334717 	 2.5024787711387284 	 2.4868453912537465 	 5.96 	 5.76 	 5.72 	 2.457315608545227 	 2.5184121981915513 	 2.5222212432695112
0.189116 	 5.88 	 5.58 	 5.44 	 2.07499397589487 	 2.136258411335108 	 2.1086488564955523 	 5.9 	 5.6 	 5.5 	 2.0904544960366875 	 2.1447610589527217 	 2.1
0.195562 	 6.58 	 6.32 	 6.06 	 2.400749882849107 	 2.3869645996537106 	 2.3783187338958585 	 6.58 	 6.36 	 6.08 	 2.400749882849107 	 2.3979991659714983 	 2.3735205918634876
0.202206 	 5.7 	 5.5 	 5.36 	 2.5238858928247927 	 2.5942243542145698 	 2.535823337695274 	 5.7 	 5.54 	 5.44 	 2.5238858928247927 	 2.5784491462892962 	 2.585807417423038
0.209055 	 5.9 	 5.78 	 5.72 	 2.3685438564654024 	 2.2386603136697625 	 2.2719154913860677 	 5.96 	 5.82 	 5.76 	 2.3913176284216195 	 2.295125268912353 	 2.249977777668037
0.216115 	 7.08 	 6.86 	 6.72 	 2.3481056194302674 	 2.262830086418333 	 2.218467939817928 	 7.1 	 6.88 	 6.72 	 2.3430749027719964 	 2.268391500601252 	 2.218467939817928
0.223393 	 6.16 	 5.74 	 5.6 	 1.9324595726689862 	 1.9678414570284875 	 2.0 	 6.14 	 5.76 	 5.64 	 1.9596938536414303 	 1.9652989594461194 	 1.9875613198087752
0.230895 	 6.48 	 6.32 	 6.06 	 2.5709142342754263 	 2.51745903640953 	 2.3614402384985316 	 6.48 	 6.36 	 6.16 	 2.5709142342754263 	 2.535823337695274 	 2.394660727535322
0.238628 	 6.72 	 6.5 	 6.3 	 2.946455497712463 	 2.9342801502242417 	 2.823118842698621 	 6.72 	 6.5 	 6.32 	 2.946455497712463 	 2.9342801502242417 	 2.824464551025557
0.2466 	 6.18 	 5.96 	 5.88 	 2.363810483097154 	 2.3405982141324473 	 2.3464015001699945 	 6.16 	 5.98 	 5.88 	 2.3610167301397933 	 2.336578695443404 	 2.3633873994755916
0.254817 	 6.92 	 6.74 	 6.56 	 3.2486304806795125 	 3.2729802932495633 	 3.1884792613407416 	 6.9 	 6.72 	 6.54 	 3.2388269481403293 	 3.193994364428341 	 3.195058684907055
0.263288 	 7.08 	 6.78 	 6.6 	 2.5364542179980307 	 2.410726031717416 	 2.4331050121192876 	 7.12 	 6.76 	 6.64 	 2.5506077707087775 	 2.412964981096908 	 2.4556872765073328
0.27202 	 6.62 	 6.34 	 6.1 	 2.296867431960321 	 2.205538483001374 	 2.1840329667841556 	 6.6 	 6.34 	 6.12 	 2.3065125189341593 	 2.2769277546729496 	 2.2148589119851403
0.281021 	 8.04 	 7.7 	 7.5 	 2.513642774938396 	 2.4269322199023193 	 2.4919871588754225 	 8.06 	 7.7 	 7.54 	 2.493270943960965 	 2.4269322199023193 	 2.467468338196055
0.290299 	 7.72 	 7.48 	 7.44 	 2.835771499962576 	 2.7802158189608233 	 2.8011426240018555 	 7.72 	 7.48 	 7.46 	 2.835771499962576 	 2.7802158189608233 	 2.7943514453268046
0.299863 	 7.38 	 7.14 	 6.9 	 2.7268296609799445 	 2.660902102671198 	 2.6019223662515376 	 7.38 	 7.08 	 6.96 	 2.7268296609799445 	 2.644541548170495 	 2.584260048834095
0.309722 	 7.4 	 7.1 	 6.88 	 2.705549851693737 	 2.640075756488817 	 2.6880476186258306 	 7.36 	 7.1 	 6.88 	 2.7258760059841314 	 2.640075756488817 	 2.6880476186258306
0.319885 	 8.44 	 8.0 	 7.78 	 2.7939935576160515 	 2.705549851693737 	 2.663005820496831 	 8.46 	 8.12 	 7.82 	 2.829911659398576 	 2.7902688042552457 	 2.7180139808323283
0.330361 	 8.52 	 8.2 	 7.94 	 2.9205478938034894 	 2.7856776554368237 	 2.693770591568629 	 8.5 	 8.3 	 7.94 	 2.9274562336608896 	 2.9068883707497264 	 2.715952871461506
0.34116 	 7.66 	 7.42 	 7.26 	 2.51880924247947 	 2.4090662091358137 	 2.3984161440417298 	 7.68 	 7.44 	 7.3 	 2.5095019426172995 	 2.42619042945932 	 2.4515301344262523
0.352292 	 8.32 	 8.16 	 8.0 	 2.8385911998736275 	 2.8238980151556463 	 2.749545416973504 	 8.34 	 8.16 	 8.06 	 2.8185812033716537 	 2.8238980151556463 	 2.7742386342922987
0.363768 	 9.06 	 8.68 	 8.48 	 2.92854912883496 	 2.9013100489261743 	 2.9545896500191025 	 9.08 	 8.76 	 8.56 	 2.91094486378564 	 2.8952374686716116 	 2.9608106997915287
0.375596 	 9.06 	 8.84 	 8.56 	 2.564449258612851 	 2.492869832141261 	 2.4589428622885894 	 9.06 	 8.86 	 8.7 	 2.564449258612851 	 2.521983346495373 	 2.483948469674844
0.38779 	 8.74 	 8.44 	 8.16 	 2.3393161393877486 	 2.417933001553186 	 2.3862941981239447 	 8.74 	 8.44 	 8.24 	 2.3393161393877486 	 2.43441984875247 	 2.3371777852786466
0.400359 	 8.44 	 8.12 	 7.94 	 2.6919138173425985 	 2.6202289976259707 	 2.6412875648062255 	 8.44 	 8.12 	 7.98 	 2.7214701909078487 	 2.597229292919668 	 2.634312054408133
0.413316 	 8.98 	 8.64 	 8.44 	 2.9965980711466793 	 2.998399573105626 	 2.9404761519182574 	 9.0 	 8.7 	 8.54 	 2.979932885150268 	 3.0282007859453444 	 2.954386569154416
0.426672 	 8.88 	 8.6 	 8.36 	 2.479032069175387 	 2.4979991993593593 	 2.48 	 8.9 	 8.66 	 8.38 	 2.483948469674844 	 2.4787900274125683 	 2.505114767830009
0.440439 	 9.66 	 9.4 	 9.22 	 2.7247752200869706 	 2.821347195933177 	 2.7516540480227527 	 9.66 	 9.4 	 9.26 	 2.7247752200869706 	 2.7928480087537886 	 2.798642528083928
0.454631 	 9.14 	 8.94 	 8.78 	 2.6758923745173306 	 2.6260997696203394 	 2.5713031715455106 	 9.14 	 8.98 	 8.78 	 2.6758923745173306 	 2.6494527736874267 	 2.5713031715455106
0.469261 	 9.44 	 9.22 	 8.96 	 3.250599944625607 	 3.2390739417308767 	 3.1997499902336117 	 9.44 	 9.24 	 9.0 	 3.2444414003029856 	 3.2283742038369714 	 3.1749015732775088
0.484341 	 9.08 	 8.82 	 8.44 	 3.3516563069622753 	 3.2477068833255256 	 3.1251239975399376 	 9.1 	 8.82 	 8.58 	 3.3241540277189316 	 3.2477068833255256 	 3.213035947511325
0.499886 	 8.96 	 8.68 	 8.42 	 2.537400244344593 	 2.4693318934481043 	 2.41735392526622 	 8.94 	 8.68 	 8.44 	 2.5092628399591783 	 2.453079697033914 	 2.42619042945932
0.515911 	 9.5 	 9.2 	 8.86 	 3.3301651610693423 	 3.382306905057553 	 3.316685092076123 	 9.52 	 9.2 	 8.9 	 3.318071729182478 	 3.3763886032268267 	 3.2572994949804657
0.532429 	 9.46 	 8.98 	 8.8 	 2.7943514453268046 	 2.745833206879107 	 2.727636339397171 	 9.48 	 9.02 	 8.88 	 2.7945661559533708 	 2.7385397568777416 	 2.7396350121868425
0.549456 	 9.72 	 9.32 	 9.1 	 2.6910221106486656 	 2.4693318934481043 	 2.4433583445741234 	 9.72 	 9.36 	 9.14 	 2.6910221106486656 	 2.512050954897213 	 2.441393044964288
0.567009 	 9.9 	 9.5 	 9.18 	 3.080584360149873 	 3.1064449134018135 	 3.0963849889831208 	 9.92 	 9.52 	 9.2 	 3.180188673648153 	 3.1063805304566277 	 3.059411708155671
0.585102 	 9.76 	 9.36 	 9.1 	 2.7536158047193147 	 2.6287639681036405 	 2.5865034312755126 	 9.76 	 9.36 	 9.12 	 2.7536158047193147 	 2.6889403117213293 	 2.56624238917527
0.603753 	 10.12 	 9.78 	 9.5 	 3.024169307429728 	 2.9885782572989448 	 3.0740852297878796 	 10.12 	 9.82 	 9.56 	 3.024169307429728 	 2.957634189686074 	 3.0276063152266017
0.622979 	 11.1 	 10.68 	 10.28 	 2.808914381037628 	 2.8666356587470267 	 3.000266654815868 	 11.08 	 10.66 	 10.3 	 2.8484381685407882 	 2.86083903776497 	 2.9949958263743874
0.642797 	 11.0 	 10.7 	 10.48 	 2.946183972531247 	 2.7440845468024486 	 2.7874002224294956 	 11.0 	 10.72 	 10.56 	 2.946183972531247 	 2.778776709273345 	 2.772435752186153
0.663226 	 10.46 	 10.14 	 9.82 	 2.7800000000000002 	 2.8143205219022227 	 2.8120455188349993 	 10.48 	 10.14 	 9.98 	 2.7730128019899225 	 2.8143205219022227 	 2.7748153091692425
0.684285 	 12.02 	 11.64 	 11.36 	 2.485880125830689 	 2.4063249988312054 	 2.3303218661807215 	 12.04 	 11.64 	 11.38 	 2.473539973398449 	 2.3812601705819545 	 2.3314373249135394
0.705993 	 11.72 	 11.3 	 10.98 	 3.417835572405437 	 3.24499614791759 	 3.1208332220738746 	 11.7 	 11.32 	 11.02 	 3.4190641994557516 	 3.2768277342576315 	 3.1144180836875455
0.728371 	 11.82 	 11.4 	 11.04 	 3.9531759384069916 	 3.898717737923586 	 3.7680764323458193 	 11.78 	 11.4 	 11.14 	 3.946086669093825 	 3.9899874686520005 	 3.794785896463725
0.751438 	 11.94 	 11.6 	 11.26 	 3.4837336293120917 	 3.481379037105842 	 3.5089029624656196 	 11.96 	 11.66 	 11.26 	 3.515451606835173 	 3.444473835000057 	 3.4860292597739337
0.775215 	 12.98 	 12.64 	 12.18 	 4.1351662602608865 	 4.043562785465313 	 4.058029078259543 	 13.0 	 12.66 	 12.2 	 4.142463035441596 	 4.062560768776265 	 4.054626986542659
0.799726 	 11.74 	 11.3 	 10.96 	 3.6650238744106427 	 3.5958309192730407 	 3.4580919594481574 	 11.74 	 11.36 	 11.04 	 3.6650238744106427 	 3.609764535257113 	 3.452303578771716
0.824992 	 12.54 	 12.18 	 11.8 	 3.678097334220507 	 3.6969717337301895 	 3.627671429443411 	 12.56 	 12.22 	 11.88 	 3.688685402687521 	 3.6893901935143703 	 3.7075059001975976
0.851038 	 12.76 	 12.2 	 11.96 	 4.1258211303933185 	 3.9038442591886273 	 3.8985125368529983 	 12.72 	 12.22 	 12.02 	 4.079411722295262 	 3.9155587085370076 	 3.839218670510968
0.877885 	 13.68 	 13.22 	 12.76 	 3.3730698184294976 	 3.430976537372414 	 3.349985074593617 	 13.68 	 13.24 	 12.9 	 3.3611902653673154 	 3.43255007246799 	 3.3955853692699285
0.905561 	 13.54 	 13.16 	 12.78 	 3.4246751670778934 	 3.330825723450568 	 3.3721803036018105 	 13.52 	 13.14 	 12.82 	 3.4306850627826506 	 3.3347263755816607 	 3.409926685428882
0.934089 	 13.08 	 12.72 	 12.48 	 4.160961427362671 	 4.0989754817515065 	 4.026114752462975 	 13.1 	 12.8 	 12.5 	 4.158124577258358 	 4.1036569057366385 	 4.065710270051224
0.963497 	 13.2 	 12.7 	 12.28 	 3.3941125496954285 	 3.263433774416144 	 3.292658500361068 	 13.24 	 12.82 	 12.4 	 3.397410778813772 	 3.3207830401879614 	 3.2741411087489802
0.993811 	 13.8 	 13.14 	 12.82 	 3.8314488121336034 	 3.7736454523444563 	 3.745343775943671 	 13.8 	 13.22 	 12.92 	 3.82099463490856 	 3.7804232567266856 	 3.7938898244414005
1.02506 	 13.68 	 13.36 	 12.96 	 3.5521261238869326 	 3.3690354702792904 	 3.2982419559516853 	 13.7 	 13.38 	 13.02 	 3.5171010790137953 	 3.4228058665369847 	 3.2710243044037446
1.05727 	 14.12 	 13.78 	 13.28 	 4.097023309672523 	 4.080637205143334 	 4.044947465666272 	 14.12 	 13.78 	 13.36 	 4.097023309672523 	 4.187075351602834 	 4.078038744298539
1.09048 	 14.44 	 14.06 	 13.66 	 4.355043053748148 	 4.163700277397497 	 4.226629863141555 	 14.46 	 14.12 	 13.76 	 4.359862383149266 	 4.198285364288616 	 4.212172835960082
1.1247 	 14.0 	 13.48 	 13.14 	 3.509985754956849 	 3.383725757209056 	 3.405935994701016 	 13.98 	 13.58 	 13.22 	 3.455372628241417 	 3.4356367677622734 	 3.3840212765288578
1.15999 	 14.98 	 14.52 	 14.0 	 3.5241452864488996 	 3.4248503616946535 	 3.2186953878862163 	 14.98 	 14.54 	 14.1 	 3.552407634267216 	 3.4188302092967415 	 3.287856444554719
1.19636 	 14.94 	 14.42 	 14.08 	 3.158543968349974 	 3.2192545721020576 	 3.242468195680568 	 14.94 	 14.46 	 14.2 	 3.190047021597017 	 3.2570538834965563 	 3.2310988842807022
1.23385 	 15.46 	 14.9 	 14.42 	 3.742779715665885 	 3.753664875824692 	 3.6828793083673 	 15.44 	 14.96 	 14.54 	 3.7264460280540757 	 3.703835849494413 	 3.6943741012517943
1.2725 	 14.32 	 13.7 	 13.38 	 2.9895819105687673 	 2.9 	 3.058692531131562 	 14.32 	 13.74 	 13.46 	 2.9895819105687673 	 2.8831233064161514 	 3.067311526402234
1.31233 	 14.98 	 14.56 	 14.1 	 2.880902636327719 	 2.933666647729425 	 2.8442925306655784 	 15.0 	 14.58 	 14.18 	 2.8844410203711917 	 2.8919889349719163 	 2.957634189686074
1.3534 	 15.56 	 15.08 	 14.72 	 4.51734435260364 	 4.546823066713725 	 4.4588787828331915 	 15.56 	 15.12 	 14.82 	 4.51734435260364 	 4.523892129571615 	 4.5461632174835085
1.39573 	 14.68 	 14.32 	 13.8 	 4.420135744521881 	 4.4472013671521555 	 4.358898943540674 	 14.72 	 14.44 	 13.8 	 4.431884475028653 	 4.459417002254891 	 4.377213725647858
1.43937 	 15.94 	 15.46 	 15.08 	 3.7438482875244823 	 3.7958398280222525 	 3.6869499589769323 	 15.92 	 15.5 	 15.2 	 3.730093832599925 	 3.8013155617496426 	 3.757658845611187
1.48435 	 16.18 	 15.44 	 15.1 	 4.761050304292111 	 4.77141488449705 	 4.738143096192854 	 16.26 	 15.56 	 15.12 	 4.748936723099183 	 4.783973244072337 	 4.798499765551729
1.53072 	 16.14 	 15.48 	 15.14 	 3.649712317429964 	 3.737592808212259 	 3.800052631214468 	 16.18 	 15.46 	 15.18 	 3.658906940603983 	 3.811613831436758 	 3.8402604078369476
1.57852 	 16.12 	 15.7 	 15.2 	 3.5756957364966055 	 3.5 	 3.504283093587046 	 16.14 	 15.72 	 15.22 	 3.538417725481264 	 3.5159067109353175 	 3.5681367686791376
1.62779 	 15.32 	 14.52 	 14.12 	 3.7279484974983226 	 3.7322379345374004 	 3.755742270177761 	 15.32 	 14.68 	 14.22 	 3.7279484974983226 	 3.7010268845281304 	 3.727143678475516
1.67858 	 16.7 	 16.06 	 15.82 	 4.065710270051224 	 3.997048911384498 	 3.845464861365918 	 16.68 	 16.2 	 15.86 	 4.061723771996318 	 3.919183588453085 	 3.8626933608558676
1.73093 	 16.26 	 15.6 	 15.16 	 3.856475074468912 	 3.8314488121336034 	 3.6625674055230713 	 16.28 	 15.62 	 15.24 	 3.862848689762518 	 3.846504907055235 	 3.717848840391443
1.7849 	 16.64 	 16.08 	 15.76 	 4.3070175295672986 	 4.232446101251615 	 4.23584702273347 	 16.66 	 16.14 	 15.78 	 4.231359119715555 	 4.233249342998827 	 4.187075351602835
1.84053 	 16.24 	 15.44 	 15.06 	 4.329249357567661 	 4.24810546008453 	 4.061576048777124 	 16.24 	 15.46 	 15.14 	 4.375202852440101 	 4.234194138203868 	 4.142511315615202
1.89788 	 15.28 	 14.84 	 14.36 	 3.954946270178648 	 3.9413703200790464 	 3.866574711550263 	 15.28 	 14.86 	 14.42 	 3.8680227507086875 	 3.9294274392079056 	 3.8734480763268273
1.95699 	 16.78 	 16.14 	 15.68 	 3.195559418943732 	 3.1433103569326395 	 3.088300503513219 	 16.78 	 16.16 	 15.82 	 3.2267011017446285 	 3.1771685507696943 	 3.0899190927919133
2.01793 	 15.7 	 15.0 	 14.5 	 3.7107950630558943 	 3.5496478698597698 	 3.3000000000000003 	 15.66 	 15.08 	 14.54 	 3.663932313785286 	 3.576814224977305 	 3.3538634438509862
2.08075 	 16.42 	 15.9 	 15.56 	 3.6665515133432938 	 3.52845575287547 	 3.6230373997517606 	 16.48 	 15.92 	 15.66 	 3.6289943510565013 	 3.5204545161101 	 3.5643232176669946
2.1455 	 15.24 	 14.86 	 14.52 	 3.234563339927045 	 3.206306286055654 	 3.1701104081719302 	 15.22 	 14.9 	 14.54 	 3.214280634916621 	 3.1638584039112754 	 3.2075535848992454
2.21224 	 15.42 	 14.7 	 14.08 	 4.2383487350618045 	 4.129164564412516 	 4.01915413986575 	 15.42 	 14.76 	 14.18 	 4.228900566341091 	 4.17880365655052 	 4.033311294705629
2.28105 	 16.24 	 15.7 	 15.22 	 3.547167884383258 	 3.4828149534536 	 3.54 	 16.26 	 15.74 	 15.38 	 3.5654452737351052 	 3.4974848105460015 	 3.5150533424117483
2.35197 	 15.62 	 15.06 	 14.58 	 3.6763568923596086 	 3.662840427864692 	 3.572618087621457 	 15.66 	 15.12 	 14.64 	 3.7181178034053737 	 3.6146369112263543 	 3.5819547735838317
2.42508 	 15.54 	 14.82 	 14.3 	 4.157932178379056 	 4.087493119260263 	 3.9912404086950213 	 15.58 	 14.88 	 14.36 	 4.200428549564913 	 4.116503370580425 	 4.048505897241598
2.50045 	 15.44 	 14.76 	 14.3 	 4.20076183566743 	 4.081960313378855 	 4.036087214122113 	 15.46 	 14.86 	 14.32 	 4.224736678184808 	 4.0939467509971355 	 4.012181451529829
2.57813 	 15.28 	 14.5 	 14.0 	 3.6717298375561347 	 3.5397740040855714 	 3.4698703145794942 	 15.24 	 14.58 	 14.08 	 3.6472455360175573 	 3.527548723972498 	 3.491933561796387
2.65822 	 15.72 	 15.06 	 14.54 	 3.9193877072828607 	 3.9669131576075625 	 3.8946630149475063 	 15.7 	 15.16 	 14.6 	 3.9102429592034307 	 4.0117826461561945 	 3.924283374069717
2.74077 	 14.58 	 13.78 	 13.28 	 4.395861690271886 	 4.509057551196258 	 4.349896550494046 	 14.56 	 13.76 	 13.42 	 4.336634639902236 	 4.488028520408488 	 4.386752785375533
2.82586 	 14.78 	 14.36 	 13.84 	 3.822512262897269 	 3.7563812373080556 	 3.5964426868782433 	 14.8 	 14.44 	 13.98 	 3.8366652186501757 	 3.8218320214263732 	 3.6468616645000402
2.91358 	 14.76 	 13.9 	 13.5 	 3.7124654880550736 	 3.3896902513356584 	 3.132091952673165 	 14.74 	 13.88 	 13.62 	 3.7566474415361366 	 3.33250656413457 	 3.2304179296183952
3.004 	 14.44 	 13.86 	 13.4 	 4.143235450707575 	 4.044799129746742 	 4.049691346263317 	 14.46 	 14.0 	 13.52 	 4.133811800263771 	 3.9899874686520005 	 4.075487700877037
3.09721 	 14.38 	 13.78 	 13.4 	 3.2180118085550897 	 3.220496856076714 	 3.286335345030997 	 14.38 	 13.84 	 13.48 	 3.2612267630448515 	 3.2518302538724253 	 3.324093861490677
3.19329 	 12.26 	 11.62 	 11.22 	 3.192553836664309 	 3.1425467379181486 	 2.988578257298945 	 12.22 	 11.68 	 11.3 	 3.1704258389055564 	 3.094769781421552 	 3.0675723300355937
3.29233 	 13.2 	 12.56 	 12.14 	 4.0743097574926725 	 3.904663877979768 	 3.8523239739149666 	 13.2 	 12.62 	 12.24 	 4.049691346263317 	 4.004447527437462 	 3.8499870129651086
3.39443 	 13.64 	 12.98 	 12.44 	 3.3571416413371655 	 3.355532744587661 	 3.232089107682522 	 13.68 	 13.06 	 12.58 	 3.384907679686404 	 3.3669570831835682 	 3.2624530647964884
3.49967 	 12.84 	 12.36 	 12.1 	 3.3067204296704613 	 3.272674747053242 	 3.2878564445547194 	 12.82 	 12.42 	 12.22 	 3.3026655900953705 	 3.286883021952561 	 3.282011578285488
3.60816 	 13.52 	 13.06 	 12.6 	 3.699945945551097 	 3.5575834494780305 	 3.4871191548325386 	 13.48 	 13.08 	 12.66 	 3.66736962958467 	 3.626789213615812 	 3.564323217666995
3.71999 	 11.78 	 11.24 	 10.78 	 2.9549280871114276 	 2.7608694282779833 	 2.7949239703433797 	 11.82 	 11.24 	 10.88 	 2.97112773202365 	 2.796855377026134 	 2.7902688042552457
3.83526 	 12.24 	 11.8 	 11.34 	 3.5528017113258654 	 3.583294573433783 	 3.427010358898846 	 12.3 	 11.78 	 11.36 	 3.5341194094144583 	 3.534345766899441 	 3.416196715647388
3.95409 	 12.32 	 11.7 	 11.22 	 2.656614386771253 	 2.6476404589747453 	 2.516267076444788 	 12.32 	 11.76 	 11.3 	 2.6865591376331177 	 2.6196182928052707 	 2.5787593916455256
4.07659 	 11.2 	 10.66 	 10.46 	 2.85657137141714 	 2.8114764804280328 	 2.8440112517358296 	 11.24 	 10.68 	 10.56 	 2.9090204536922735 	 2.803141095271517 	 2.7939935576160515
4.20285 	 11.2 	 10.6 	 10.24 	 3.588871688985272 	 3.4409301068170506 	 3.4150256221586393 	 11.18 	 10.62 	 10.26 	 3.6093766774887874 	 3.474996402875836 	 3.416489426297117
4.33301 	 11.3 	 10.58 	 10.16 	 3.562302626111375 	 3.550154926196883 	 3.6019994447528725 	 11.3 	 10.6 	 10.18 	 3.5791060336346563 	 3.509985754956849 	 3.5535334527762643
4.46719 	 11.4 	 10.72 	 10.38 	 3.2680269276736382 	 3.046571843892738 	 2.9657376822638915 	 11.36 	 10.76 	 10.36 	 3.278780261011707 	 3.036840463376369 	 2.9445542956447586
4.60549 	 10.5 	 10.02 	 9.52 	 2.3937418407171647 	 2.36211769393483 	 2.4103111832292528 	 10.56 	 10.04 	 9.68 	 2.367783773911799 	 2.374531532744933 	 2.4119701490690137
4.74806 	 10.04 	 9.66 	 9.2 	 3.5437832890852676 	 3.58111714413254 	 3.3763886032268267 	 10.04 	 9.68 	 9.3 	 3.6164070567346256 	 3.5408473562129164 	 3.383784863137726
4.89503 	 9.8 	 9.24 	 8.94 	 3.2924155266308657 	 3.1212817879839045 	 2.8942010987490137 	 9.88 	 9.32 	 9.0 	 3.271941319767211 	 3.1650592411517353 	 2.9933259094191533
5.04652 	 8.72 	 8.1 	 7.82 	 2.9396598442677004 	 2.8513154858766505 	 2.854400112107621 	 8.68 	 8.14 	 7.86 	 2.9013100489261743 	 2.8775684179529075 	 2.8775684179529075
5.20269 	 8.86 	 8.46 	 8.18 	 3.249676907017065 	 3.0803246582138057 	 3.0178800506315686 	 8.92 	 8.48 	 8.18 	 3.2547810986301364 	 3.1384072393492852 	 3.0244999586708543
5.36367 	 8.38 	 7.7 	 7.28 	 3.7249966442937903 	 3.4942810419312296 	 3.3228903081504213 	 8.36 	 7.72 	 7.32 	 3.686515970398067 	 3.4873485630203356 	 3.367135280917593
5.52961 	 8.18 	 7.66 	 7.3 	 3.3328066250534247 	 3.1216021527414415 	 3.0610455730027932 	 8.2 	 7.68 	 7.38 	 3.3406586176980135 	 3.1205127783747337 	 3.0847366176061124
5.70066 	 8.02 	 7.16 	 6.74 	 2.873951982897418 	 2.7008146919031675 	 2.6367404119480553 	 8.02 	 7.18 	 6.8 	 2.894753875547971 	 2.6434068926292826 	 2.5922962793631443
5.87699 	 7.74 	 7.28 	 6.9 	 3.161075766254267 	 3.1498571396176045 	 3.0740852297878796 	 7.8 	 7.3 	 6.98 	 3.162277660168379 	 3.151190251317746 	 3.1399999999999997
6.05875 	 6.78 	 6.28 	 6.0 	 2.419008061168875 	 2.306859336847394 	 2.3323807579381204 	 6.84 	 6.3 	 6.08 	 2.402998127340094 	 2.2825424421026654 	 2.3224125387191656
6.24611 	 6.68 	 6.3 	 5.96 	 2.4693318934481043 	 2.4515301344262523 	 2.2712111306525427 	 6.68 	 6.3 	 6.02 	 2.493511580081392 	 2.4020824298928627 	 2.267068591816313
6.43925 	 6.26 	 5.64 	 5.44 	 2.189155088156159 	 2.037253052519495 	 2.011566553708825 	 6.28 	 5.72 	 5.46 	 2.209434316742636 	 1.9803030071178502 	 2.0120636172845034
6.63835 	 6.42 	 5.9 	 5.64 	 2.3671924298628535 	 2.4596747752497685 	 2.48 	 6.4 	 5.96 	 5.68 	 2.3916521486202797 	 2.3913176284216195 	 2.5253910588263357
6.84357 	 6.26 	 5.76 	 5.3 	 2.5830989140952383 	 2.371160053644629 	 2.3515952032609695 	 6.24 	 5.76 	 5.38 	 2.6043041297052842 	 2.379579794837736 	 2.3314373249135394
7.05513 	 5.72 	 5.1 	 4.68 	 1.97017765696396 	 1.982422760159901 	 1.9229144546755061 	 5.74 	 5.18 	 4.74 	 1.9576516544063705 	 1.9968975937688942 	 1.9678414570284872
7.2732 	 5.14 	 4.48 	 4.28 	 2.2804385543136214 	 2.342989543297195 	 2.2184679398179274 	 5.14 	 4.48 	 4.26 	 2.297912095794789 	 2.2824548188299367 	 2.225398840657557
7.498 	 4.8 	 4.24 	 3.9 	 2.2181073012818837 	 2.0352886773133685 	 2.0024984394500787 	 4.82 	 4.32 	 4.0 	 2.242231031807383 	 2.1113029152634635 	 1.9798989873223332
7.72973 	 3.68 	 3.34 	 3.04 	 1.8914544668059021 	 1.8826576959181933 	 1.7083325203250097 	 3.7 	 3.34 	 3.06 	 1.9416487838947598 	 1.882657695918193 	 1.713592717071358
7.9686 	 4.1 	 3.76 	 3.52 	 1.857417562100671 	 1.6680527569594434 	 1.6277591959500646 	 4.16 	 3.84 	 3.66 	 1.8260339536821326 	 1.701293625450939 	 1.62
8.21483 	 2.86 	 2.38 	 2.14 	 1.6853486286225767 	 1.635726138447387 	 1.4833745312630926 	 2.82 	 2.4 	 2.16 	 1.6086018774078314 	 1.6370705543744901 	 1.5147276983009192
8.46865 	 2.68 	 2.36 	 2.18 	 1.7371240600486773 	 1.52 	 1.5058552387264854 	 2.7 	 2.4 	 2.16 	 1.7349351572897471 	 1.562049935181331 	 1.5409088227406578
8.73029 	 0.78 	 0.68 	 0.6 	 0.8072174428244225 	 0.7054076835419358 	 0.6928203230275509 	 0.78 	 0.68 	 0.6 	 0.8072174428244225 	 0.7054076835419358 	 0.6928203230275509
