time 	 delTime 		 mean eVee 	 	 stdev eVee 	 	 mean eVth 	 	 stdev eVth 
 	  	 10 	 100 	 170 	 10 	 100 	 170 	 10 	 100 	 170 	 10 	 100 	 170 
5.82 	 0.009999999999999787 	 120.948 	 119.09866666666667 	 117.63266666666667 	 11.202617075189767 	 11.095386348488375 	 11.01316180253831 	 120.96933333333334 	 119.24933333333334 	 117.89333333333333 	 11.203171852451232 	 11.128783980691193 	 11.003179338516462
5.83 	 0.010000000000000231 	 120.90466666666667 	 118.99933333333334 	 117.59066666666666 	 10.722604389274505 	 10.629863571822339 	 10.60121594702964 	 120.92866666666667 	 119.17133333333334 	 117.876 	 10.696584106879895 	 10.630552426327096 	 10.610087527128762
5.840000000000001 	 0.010000000000000231 	 121.214 	 119.308 	 117.862 	 10.875179875907033 	 10.758615276450158 	 10.713307425813936 	 121.22666666666667 	 119.47533333333334 	 118.11066666666666 	 10.8671042856667 	 10.777324570081802 	 10.701764008278678
5.8500000000000005 	 0.009999999999999787 	 121.04533333333333 	 119.11666666666666 	 117.734 	 11.104200926776416 	 10.953799442304128 	 10.904948907109407 	 121.06133333333334 	 119.32333333333334 	 117.95933333333333 	 11.094273517850949 	 10.96358163294378 	 10.926558449738673
5.86 	 0.009999999999999787 	 120.01066666666667 	 118.19133333333333 	 116.72466666666666 	 11.00593262240365 	 10.926179183756577 	 10.828335893489001 	 120.01666666666667 	 118.37333333333333 	 116.98 	 11.00522855535293 	 10.923703075829593 	 10.82815465965154
5.87 	 0.010000000000000231 	 120.72 	 118.81466666666667 	 117.37666666666667 	 10.833109741282357 	 10.72674157835868 	 10.696360232444597 	 120.75733333333334 	 118.98266666666666 	 117.67133333333334 	 10.848891474349912 	 10.736403784425315 	 10.690212574541674
5.880000000000001 	 0.010000000000000231 	 120.66866666666667 	 118.81733333333334 	 117.31466666666667 	 10.742759649591388 	 10.616149626342354 	 10.567039236333999 	 120.688 	 118.96733333333333 	 117.58533333333334 	 10.743617764359762 	 10.636020538194202 	 10.59685731190568
5.890000000000001 	 0.009999999999999787 	 119.87866666666666 	 117.98866666666666 	 116.59466666666667 	 10.774225953120201 	 10.659606225789435 	 10.559720871731832 	 119.90133333333333 	 118.16133333333333 	 116.852 	 10.776932072203522 	 10.659673457579375 	 10.599281233492517
5.9 	 0.009999999999999787 	 120.51733333333334 	 118.56866666666667 	 117.14333333333333 	 10.7469235701303 	 10.662705326927538 	 10.591700629371198 	 120.542 	 118.75 	 117.41533333333334 	 10.756156500658898 	 10.687664228757688 	 10.611134005792637
5.91 	 0.010000000000000231 	 120.56733333333334 	 118.642 	 117.21266666666666 	 10.942400691296626 	 10.877277661866197 	 10.823651858571374 	 120.59533333333333 	 118.792 	 117.464 	 10.959238639410838 	 10.891743172391338 	 10.829005987008534
5.920000000000001 	 0.010000000000000231 	 119.644 	 117.824 	 116.42066666666666 	 10.955604227973918 	 10.842617642125601 	 10.86037320823839 	 119.66 	 117.994 	 116.67466666666667 	 10.951365211698494 	 10.861336504623484 	 10.836089003366894
5.930000000000001 	 0.009999999999999787 	 119.77533333333334 	 117.89733333333334 	 116.45666666666666 	 10.824518074979393 	 10.730957998033333 	 10.667714011081392 	 119.806 	 118.08933333333333 	 116.75666666666666 	 10.819936721934498 	 10.756146439232882 	 10.666276555366244
5.94 	 0.009999999999999787 	 120.16666666666667 	 118.24266666666666 	 116.786 	 10.816664098612947 	 10.757870586484835 	 10.699292998449321 	 120.18133333333333 	 118.41466666666666 	 117.044 	 10.820680118283796 	 10.755652074865361 	 10.688220806102388
5.95 	 0.010000000000000231 	 119.69466666666666 	 117.86266666666667 	 116.39066666666666 	 10.726855933693816 	 10.660447436930383 	 10.577998214323078 	 119.714 	 118.01933333333334 	 116.68866666666666 	 10.72661195345483 	 10.68476920147969 	 10.578771426252148
5.960000000000001 	 0.010000000000000231 	 119.60066666666667 	 117.75066666666666 	 116.33066666666667 	 10.975360262373572 	 10.936140371366044 	 10.899051620311843 	 119.614 	 117.918 	 116.59533333333333 	 10.9890098431721 	 10.938583515854935 	 10.887098399277722
5.970000000000001 	 0.009999999999999787 	 119.66266666666667 	 117.83266666666667 	 116.45533333333333 	 11.089854502602318 	 10.952777405246986 	 10.870572120280617 	 119.67066666666666 	 118.01066666666667 	 116.698 	 11.089313454352748 	 10.99077884208192 	 10.909818024757943
5.98 	 0.009999999999999787 	 119.31866666666667 	 117.424 	 115.96466666666667 	 10.978332518597208 	 10.93899251911863 	 10.864594710444667 	 119.334 	 117.598 	 116.254 	 10.973716052459165 	 10.939426980727402 	 10.878425927801628
5.99 	 0.009999999999999787 	 119.38666666666667 	 117.512 	 116.10066666666667 	 10.999628276547451 	 10.890570355434406 	 10.803511754157636 	 119.40066666666667 	 117.676 	 116.376 	 10.99267026502458 	 10.904266321032333 	 10.813631397453863
6.0 	 0.010000000000000231 	 119.68 	 117.85733333333333 	 116.45333333333333 	 10.496996395795005 	 10.44456698746078 	 10.408385508275954 	 119.70666666666666 	 118.02733333333333 	 116.722 	 10.500950221554026 	 10.45293832161826 	 10.428584883226806
6.010000000000001 	 0.010000000000000231 	 119.37933333333334 	 117.49066666666667 	 116.084 	 10.929384225817827 	 10.84585540912083 	 10.761022751888719 	 119.37133333333334 	 117.65866666666666 	 116.35466666666666 	 10.925144311276727 	 10.84998424986056 	 10.775135492832046
6.0200000000000005 	 0.009999999999999787 	 119.62133333333334 	 117.75 	 116.31933333333333 	 10.888248017421759 	 10.84125607728797 	 10.76742121195022 	 119.63133333333333 	 117.90666666666667 	 116.598 	 10.892355953705435 	 10.84720957461206 	 10.78710940582941
6.03 	 0.009999999999999787 	 119.208 	 117.284 	 115.854 	 10.650480552538463 	 10.589964305888854 	 10.480172581276195 	 119.23533333333333 	 117.48666666666666 	 116.144 	 10.642177951695581 	 10.600463302244021 	 10.490277911793694
6.04 	 0.010000000000000231 	 118.37333333333333 	 116.50733333333334 	 115.12133333333334 	 11.05353437694126 	 10.970655384048646 	 10.911398240168651 	 118.38333333333334 	 116.69733333333333 	 115.38533333333334 	 11.066543674015339 	 10.957329033827337 	 10.948950553465032
6.050000000000001 	 0.010000000000000231 	 118.98933333333333 	 117.16066666666667 	 115.75933333333333 	 10.699714305635558 	 10.62821023921191 	 10.527364954673553 	 118.996 	 117.33133333333333 	 116.03866666666667 	 10.705387304218998 	 10.64901645954008 	 10.528050067425697
6.0600000000000005 	 0.009999999999999787 	 118.96333333333334 	 117.06066666666666 	 115.67933333333333 	 10.982986337462544 	 10.852080578805563 	 10.820374587888454 	 118.964 	 117.266 	 115.91933333333333 	 10.982533283962008 	 10.877893975091563 	 10.819650004608384
6.07 	 0.009999999999999787 	 118.666 	 116.83333333333333 	 115.46333333333334 	 10.766976239099504 	 10.711250575394494 	 10.568916164341966 	 118.70466666666667 	 117.01733333333334 	 115.71666666666667 	 10.757700105299254 	 10.706245819873349 	 10.580377539997752
6.08 	 0.010000000000000231 	 118.22733333333333 	 116.33933333333333 	 114.942 	 10.881773119405782 	 10.820483024749352 	 10.6986589190733 	 118.23733333333334 	 116.51333333333334 	 115.19066666666667 	 10.876994356081198 	 10.833919984115733 	 10.726088735207982
6.090000000000001 	 0.010000000000000231 	 118.51533333333333 	 116.68333333333334 	 115.30666666666667 	 11.142371002419349 	 11.084360854625563 	 10.974301293881489 	 118.53 	 116.854 	 115.54866666666666 	 11.132524421711366 	 11.104564406885427 	 11.009615413608032
6.1000000000000005 	 0.009999999999999787 	 118.212 	 116.35066666666667 	 114.932 	 10.864148501685104 	 10.821507884250183 	 10.752087053219016 	 118.23266666666666 	 116.51666666666667 	 115.18 	 10.866149251485346 	 10.831084381948507 	 10.767649077986647
6.11 	 0.009999999999999787 	 118.248 	 116.408 	 114.982 	 10.790049243013986 	 10.714921184964451 	 10.625645517645818 	 118.286 	 116.57666666666667 	 115.256 	 10.787965702578035 	 10.740582955418306 	 10.619971625825245
6.12 	 0.010000000000000231 	 118.14466666666667 	 116.282 	 114.92 	 11.050779982527127 	 10.963688977711836 	 10.912085043656871 	 118.154 	 116.448 	 115.172 	 11.042627283999643 	 10.973572617885207 	 10.927751339289037
6.130000000000001 	 0.010000000000000231 	 117.71933333333334 	 115.95333333333333 	 114.55533333333334 	 10.417384167289256 	 10.322814000498552 	 10.25242759328519 	 117.722 	 116.108 	 114.806 	 10.399585696875942 	 10.308265421495511 	 10.25821771394362
6.140000000000001 	 0.009999999999999787 	 117.78866666666667 	 115.944 	 114.55533333333334 	 11.197738085087641 	 11.200871870826246 	 11.093193328443448 	 117.808 	 116.10266666666666 	 114.842 	 11.22487428288917 	 11.187319885576805 	 11.10512056065429
6.15 	 0.009999999999999787 	 117.868 	 116.07 	 114.69866666666667 	 10.932333206289192 	 10.850119815006654 	 10.769023395317186 	 117.87466666666667 	 116.22266666666667 	 114.94066666666667 	 10.92448129457667 	 10.829146760274124 	 10.791098780424951
6.16 	 0.010000000000000231 	 117.66 	 115.756 	 114.396 	 11.034932411815369 	 10.91117763274585 	 10.905740873503277 	 117.66333333333333 	 115.93733333333333 	 114.626 	 11.04285540770844 	 10.922152087488172 	 10.88592932795971
6.170000000000001 	 0.010000000000000231 	 117.38666666666667 	 115.50466666666667 	 114.10066666666667 	 11.023905337442303 	 10.90739710268016 	 10.822008419060772 	 117.4 	 115.67533333333333 	 114.39866666666667 	 11.005150309438456 	 10.925715455851037 	 10.85153130003114
6.180000000000001 	 0.009999999999999787 	 117.356 	 115.46666666666667 	 114.11333333333333 	 10.610494679011593 	 10.513779318378123 	 10.433878580001888 	 117.38 	 115.64266666666667 	 114.38933333333334 	 10.608468315454404 	 10.543006191573424 	 10.451495246561082
6.19 	 0.009999999999999787 	 117.364 	 115.57666666666667 	 114.206 	 10.828088658669174 	 10.799450088880555 	 10.712900198670138 	 117.376 	 115.72866666666667 	 114.46333333333334 	 10.831187561851193 	 10.803658865814345 	 10.713137832690393
6.2 	 0.010000000000000231 	 117.352 	 115.52666666666667 	 114.15 	 10.81351450731907 	 10.7915996136913 	 10.740864335176507 	 117.35266666666666 	 115.702 	 114.408 	 10.811612255142872 	 10.783128612173122 	 10.751629457900789
6.210000000000001 	 0.010000000000000231 	 117.544 	 115.75066666666666 	 114.35266666666666 	 10.770332585394009 	 10.686775295767298 	 10.642569844210039 	 117.532 	 115.912 	 114.61333333333333 	 10.775573117008673 	 10.691316850603577 	 10.632708445588495
6.220000000000001 	 0.009999999999999787 	 116.984 	 115.098 	 113.74133333333333 	 10.643358367232276 	 10.57842439433523 	 10.477010939300495 	 117.01133333333334 	 115.268 	 114.00066666666666 	 10.63913553296925 	 10.584462322983946 	 10.511993129542825
6.23 	 0.009999999999999787 	 116.424 	 114.61933333333333 	 113.25933333333333 	 10.666218823931937 	 10.615574700515381 	 10.582694027934895 	 116.458 	 114.76933333333334 	 113.51 	 10.655776336491552 	 10.616471144196435 	 10.585488494475191
6.24 	 0.010000000000000231 	 116.75333333333333 	 114.93866666666666 	 113.57666666666667 	 10.698371631026637 	 10.601206136829694 	 10.499339132641742 	 116.77266666666667 	 115.10666666666667 	 113.82733333333333 	 10.69982801523256 	 10.588513692781543 	 10.503659023830167
6.250000000000001 	 0.010000000000000231 	 116.78666666666666 	 114.94133333333333 	 113.53133333333334 	 10.650437654022591 	 10.568470003847398 	 10.485594160031605 	 116.82066666666667 	 115.11 	 113.79066666666667 	 10.63913402908756 	 10.579377738474665 	 10.511272340788352
6.260000000000001 	 0.009999999999999787 	 116.52266666666667 	 114.66733333333333 	 113.328 	 10.709566730524422 	 10.635631914570107 	 10.551417724647242 	 116.538 	 114.832 	 113.56933333333333 	 10.732655278789743 	 10.64705480402914 	 10.572031950176633
6.2700000000000005 	 0.009999999999999787 	 116.808 	 114.98333333333333 	 113.592 	 10.563859900623445 	 10.515974620653202 	 10.414806895313358 	 116.81333333333333 	 115.142 	 113.85666666666667 	 10.555558830408849 	 10.514585235123004 	 10.458431473643113
6.28 	 0.009999999999999787 	 116.37733333333334 	 114.61466666666666 	 113.23466666666667 	 10.705339145595632 	 10.610977879326464 	 10.514732437024835 	 116.39066666666666 	 114.74466666666666 	 113.49 	 10.70610633652071 	 10.627423875155364 	 10.561781731002272
6.29 	 0.010000000000000231 	 116.092 	 114.28 	 112.91866666666667 	 11.222516176568128 	 11.157550507765283 	 11.112337807840236 	 116.09866666666667 	 114.414 	 113.18533333333333 	 11.224003959768051 	 11.161657762178521 	 11.108809637200357
6.300000000000001 	 0.010000000000000231 	 115.84333333333333 	 114.01066666666667 	 112.60266666666666 	 10.741948405925042 	 10.67382559764253 	 10.609152945557069 	 115.862 	 114.16266666666667 	 112.85 	 10.761302089741124 	 10.6896307804443 	 10.623158663975607
6.3100000000000005 	 0.009999999999999787 	 116.602 	 114.76533333333333 	 113.43733333333333 	 10.906860043110482 	 10.800845563606995 	 10.770363947219034 	 116.61333333333333 	 114.94333333333333 	 113.68466666666667 	 10.901857130273212 	 10.810432718238227 	 10.778244981855297
6.32 	 0.009999999999999787 	 115.84 	 114.05533333333334 	 112.68866666666666 	 10.561237301250896 	 10.410968809652422 	 10.36563576867762 	 115.87666666666667 	 114.22733333333333 	 112.93733333333333 	 10.571792132315545 	 10.44514175213636 	 10.394104397312075
6.33 	 0.010000000000000231 	 115.60466666666666 	 113.77 	 112.37533333333333 	 11.104130382679932 	 11.002595148418395 	 10.882453379434049 	 115.61133333333333 	 113.93333333333334 	 112.65533333333333 	 11.137456541878052 	 10.997918995074578 	 10.890999566410587
6.340000000000001 	 0.010000000000000231 	 115.64533333333334 	 113.85066666666667 	 112.504 	 11.046668195533993 	 10.976537077886734 	 10.938341617143495 	 115.676 	 114.014 	 112.756 	 11.060697265543434 	 10.987832846683949 	 10.974354832973098
6.3500000000000005 	 0.009999999999999787 	 115.47533333333334 	 113.668 	 112.304 	 10.80660561364617 	 10.742770095898607 	 10.646670089751067 	 115.49266666666666 	 113.85 	 112.564 	 10.809283643650438 	 10.72912702258048 	 10.688338068505631
6.36 	 0.009999999999999787 	 115.088 	 113.30466666666666 	 111.99066666666667 	 10.770341498764093 	 10.642360870074313 	 10.572160590700255 	 115.094 	 113.47133333333333 	 112.242 	 10.764811377818006 	 10.656008237400886 	 10.569236932405921
6.37 	 0.010000000000000231 	 115.19266666666667 	 113.452 	 112.084 	 10.690410635497383 	 10.58015576444884 	 10.559905807660723 	 115.208 	 113.59733333333334 	 112.348 	 10.677237595308378 	 10.590146027741492 	 10.565804717736048
6.380000000000001 	 0.010000000000000231 	 115.23333333333333 	 113.49333333333334 	 112.11266666666667 	 10.57066170534697 	 10.472406069709525 	 10.380621668388759 	 115.27 	 113.64866666666667 	 112.39133333333334 	 10.557387618787772 	 10.483696782253016 	 10.381563380446234
6.390000000000001 	 0.009999999999999787 	 115.07666666666667 	 113.312 	 111.87933333333334 	 10.832179938600643 	 10.725856111907028 	 10.653236107190883 	 115.07066666666667 	 113.47533333333334 	 112.14 	 10.834220763652343 	 10.727910244880977 	 10.660600358328795
6.4 	 0.009999999999999787 	 114.812 	 112.97866666666667 	 111.664 	 10.551049995142664 	 10.436261058870121 	 10.353506845508917 	 114.83 	 113.14666666666666 	 111.91866666666667 	 10.544497775301267 	 10.465171867782308 	 10.3847348652829
6.41 	 0.010000000000000231 	 115.11133333333333 	 113.31 	 111.98933333333333 	 10.357747738877512 	 10.28704201086655 	 10.218996341237343 	 115.122 	 113.43133333333333 	 112.25533333333334 	 10.350673858900846 	 10.316456993022792 	 10.224650192332037
6.420000000000001 	 0.010000000000000231 	 114.81733333333334 	 113.04733333333333 	 111.748 	 10.908466110727433 	 10.844280807053192 	 10.793292484995794 	 114.81866666666667 	 113.22133333333333 	 111.98333333333333 	 10.915636409400152 	 10.84369301586052 	 10.82215577209807
6.430000000000001 	 0.009999999999999787 	 115.15133333333333 	 113.34333333333333 	 112.01133333333334 	 10.811741991413266 	 10.721634929223972 	 10.635249795948482 	 115.16066666666667 	 113.50533333333334 	 112.24533333333333 	 10.814936564256346 	 10.746191800922883 	 10.634902204011512
6.44 	 0.009999999999999787 	 114.474 	 112.73533333333333 	 111.40466666666667 	 10.559734403225617 	 10.462502165139828 	 10.44896700901843 	 114.50866666666667 	 112.87666666666667 	 111.632 	 10.574147320496133 	 10.467033433064445 	 10.461066357371667
6.45 	 0.010000000000000231 	 114.26266666666666 	 112.53133333333334 	 111.208 	 10.582706312134382 	 10.525952920704562 	 10.476930339242184 	 114.27866666666667 	 112.67733333333334 	 111.44266666666667 	 10.587272778619095 	 10.548801806629772 	 10.47193294265942
6.460000000000001 	 0.010000000000000231 	 114.32533333333333 	 112.514 	 111.176 	 10.512190933493466 	 10.45653562769875 	 10.336199688473515 	 114.34866666666667 	 112.68066666666667 	 111.418 	 10.500560217859277 	 10.44107399754557 	 10.376669793339287
6.470000000000001 	 0.009999999999999787 	 113.818 	 112.03533333333333 	 110.68333333333334 	 10.687978106265001 	 10.6359493333798 	 10.609385258136099 	 113.818 	 112.182 	 110.93333333333334 	 10.679616534938571 	 10.644351052710228 	 10.607837773185553
6.48 	 0.009999999999999787 	 114.416 	 112.73133333333334 	 111.40733333333333 	 10.604791872859488 	 10.505450246842774 	 10.489808366007244 	 114.456 	 112.88133333333333 	 111.63666666666667 	 10.617284524145836 	 10.491738887757782 	 10.46374640790233
6.49 	 0.010000000000000231 	 114.25 	 112.47133333333333 	 111.11666666666666 	 10.887339742410294 	 10.786713040691414 	 10.737677692230394 	 114.27733333333333 	 112.622 	 111.358 	 10.89454387398675 	 10.782290232908158 	 10.754309337811208
6.500000000000001 	 0.010000000000000231 	 114.208 	 112.436 	 111.13733333333333 	 10.455719455557965 	 10.335597257375438 	 10.254615524511662 	 114.22466666666666 	 112.59933333333333 	 111.37 	 10.449219662518134 	 10.34376460589771 	 10.271243027663854
6.510000000000001 	 0.009999999999999787 	 114.4 	 112.66 	 111.30733333333333 	 10.77466163428501 	 10.687207305933574 	 10.552766440870165 	 114.428 	 112.79933333333334 	 111.58933333333333 	 10.760892899755113 	 10.686209160512544 	 10.572890785189996
6.5200000000000005 	 0.009999999999999787 	 114.67266666666667 	 112.884 	 111.53066666666666 	 10.501183404211588 	 10.427138182006924 	 10.348448815590135 	 114.70666666666666 	 113.03866666666667 	 111.8 	 10.51008827534553 	 10.427519913937136 	 10.367577666295375
6.53 	 0.009999999999999787 	 113.804 	 112.06333333333333 	 110.75866666666667 	 10.487655473619132 	 10.428518058136971 	 10.324554464425518 	 113.82333333333334 	 112.218 	 110.99866666666667 	 10.4619368293936 	 10.402106004715263 	 10.328536434988692
6.54 	 0.010000000000000231 	 113.82266666666666 	 112.09066666666666 	 110.724 	 10.715684122921049 	 10.625932722458872 	 10.534316494201226 	 113.82333333333334 	 112.25 	 110.98133333333334 	 10.725551526870568 	 10.648920133046355 	 10.533865303022543
6.550000000000001 	 0.010000000000000231 	 113.57133333333333 	 111.84466666666667 	 110.55333333333333 	 10.763746786732252 	 10.60970647829409 	 10.584980974107712 	 113.58066666666667 	 112.016 	 110.80466666666666 	 10.77160586397817 	 10.625052658693038 	 10.588162173966841
6.5600000000000005 	 0.009999999999999787 	 113.26466666666667 	 111.49733333333333 	 110.17666666666666 	 10.327049508720076 	 10.24203721054665 	 10.223508312816215 	 113.27533333333334 	 111.65 	 110.422 	 10.327545282183737 	 10.245950419556012 	 10.21638794617093
6.57 	 0.009999999999999787 	 113.276 	 111.45733333333334 	 110.12666666666667 	 10.534696198752007 	 10.436419224150695 	 10.341564463636804 	 113.30333333333333 	 111.62333333333333 	 110.38466666666666 	 10.537013597578564 	 10.429003894055377 	 10.368318646509449
6.58 	 0.010000000000000231 	 113.57333333333334 	 111.80533333333334 	 110.45266666666667 	 10.745384538902686 	 10.639083836914196 	 10.527413083099866 	 113.57866666666666 	 111.98 	 110.70866666666667 	 10.730446319805258 	 10.641221734368662 	 10.540072337934351
6.590000000000001 	 0.010000000000000231 	 113.35533333333333 	 111.57266666666666 	 110.21066666666667 	 10.65218623361212 	 10.599027607390322 	 10.520501551204148 	 113.36933333333333 	 111.73066666666666 	 110.45533333333333 	 10.668064158453907 	 10.631938968138513 	 10.532299759417324
6.6000000000000005 	 0.009999999999999787 	 112.888 	 111.10466666666666 	 109.80533333333334 	 10.782491486973996 	 10.727863015945388 	 10.679861339091543 	 112.894 	 111.28133333333334 	 110.03266666666667 	 10.791853285387702 	 10.737575062472077 	 10.68723223706161
6.61 	 0.009999999999999787 	 112.372 	 110.66666666666667 	 109.34133333333334 	 10.860215590248044 	 10.754265303693332 	 10.713643554936025 	 112.38133333333333 	 110.80466666666666 	 109.59533333333333 	 10.846746895831128 	 10.780716343958266 	 10.711344992836127
6.62 	 0.010000000000000231 	 113.22533333333334 	 111.50266666666667 	 110.18333333333334 	 10.508023516447906 	 10.419692552512712 	 10.344808144937032 	 113.25266666666667 	 111.65 	 110.41666666666667 	 10.53816047620372 	 10.41867713931732 	 10.360263295667517
6.630000000000001 	 0.010000000000000231 	 113.202 	 111.444 	 110.14933333333333 	 10.591562490964211 	 10.534334214051373 	 10.469847160085745 	 113.194 	 111.61 	 110.41 	 10.589194051799534 	 10.521497041771195 	 10.492246343530699
6.640000000000001 	 0.009999999999999787 	 113.27666666666667 	 111.53933333333333 	 110.17733333333334 	 10.451672380798948 	 10.37897487980174 	 10.334177255861036 	 113.286 	 111.71066666666667 	 110.44533333333334 	 10.445104307760646 	 10.351503251004443 	 10.347447908649855
6.65 	 0.009999999999999787 	 112.36866666666667 	 110.61866666666667 	 109.314 	 10.269992772906686 	 10.177028948677616 	 10.16395939910558 	 112.38666666666667 	 110.772 	 109.53933333333333 	 10.254681315813228 	 10.197712946211682 	 10.143723160435501
6.66 	 0.010000000000000231 	 112.24533333333333 	 110.55933333333333 	 109.27866666666667 	 10.729700751755486 	 10.627189008492426 	 10.519427022841542 	 112.27266666666667 	 110.70866666666667 	 109.49933333333334 	 10.725467490458815 	 10.626184242500011 	 10.558566800891533
6.670000000000001 	 0.010000000000000231 	 112.562 	 110.86533333333334 	 109.61066666666666 	 10.736518181732226 	 10.677228021458669 	 10.61177425734683 	 112.58466666666666 	 111.018 	 109.836 	 10.729406548774676 	 10.682213066588776 	 10.621978974434723
6.680000000000001 	 0.009999999999999787 	 112.278 	 110.54466666666667 	 109.23266666666666 	 10.707912152547138 	 10.588232692737517 	 10.548548062279577 	 112.28466666666667 	 110.69266666666667 	 109.462 	 10.687795136925525 	 10.592365783378561 	 10.561844346514485
6.69 	 0.009999999999999787 	 112.222 	 110.448 	 109.16666666666667 	 10.995364902236457 	 10.92785261003582 	 10.8788581917201 	 112.23333333333333 	 110.628 	 109.39866666666667 	 11.015030135632353 	 10.92448088774321 	 10.888330062757813
6.7 	 0.010000000000000231 	 112.30466666666666 	 110.526 	 109.24266666666666 	 10.557833342541873 	 10.518871485731411 	 10.428539985166774 	 112.32333333333334 	 110.722 	 109.50066666666666 	 10.564726951301465 	 10.532080326317304 	 10.436123141388387
6.710000000000001 	 0.010000000000000231 	 112.40066666666667 	 110.67 	 109.354 	 10.587105343556168 	 10.5304526651675 	 10.458394586806014 	 112.40133333333333 	 110.82666666666667 	 109.6 	 10.573312232009208 	 10.51560533471828 	 10.491583928717978
6.720000000000001 	 0.009999999999999787 	 112.132 	 110.44333333333333 	 109.218 	 10.449939840337201 	 10.4118580901244 	 10.367761378426877 	 112.13533333333334 	 110.62066666666666 	 109.40466666666667 	 10.452480641242802 	 10.436319892035165 	 10.37231466720691
6.73 	 0.009999999999999787 	 112.468 	 110.74533333333333 	 109.45266666666667 	 10.786456446241587 	 10.750588118279339 	 10.674818947202597 	 112.47533333333334 	 110.91266666666667 	 109.698 	 10.80234811922338 	 10.747637239050368 	 10.697108456650017
6.74 	 0.010000000000000231 	 111.70533333333333 	 110.04333333333334 	 108.74933333333334 	 10.443810202964986 	 10.343957441692979 	 10.206982882103583 	 111.712 	 110.19466666666666 	 108.99533333333333 	 10.441187161110241 	 10.342893126307658 	 10.247372584662319
6.750000000000001 	 0.010000000000000231 	 111.54266666666666 	 109.83266666666667 	 108.59333333333333 	 10.7373575064921 	 10.583351685023459 	 10.483381557917697 	 111.55333333333333 	 110.00866666666667 	 108.84666666666666 	 10.748231895939393 	 10.612661850617664 	 10.501388268012738
6.760000000000001 	 0.009999999999999787 	 111.61266666666667 	 109.922 	 108.63266666666667 	 10.581491997298343 	 10.461098540147047 	 10.381220202311908 	 111.648 	 110.078 	 108.892 	 10.571223328766953 	 10.46396591482726 	 10.398413468730059
6.7700000000000005 	 0.009999999999999787 	 111.348 	 109.61066666666666 	 108.32733333333333 	 10.409557915684987 	 10.411680278524798 	 10.347375813326886 	 111.35066666666667 	 109.76066666666667 	 108.54333333333334 	 10.423036964126892 	 10.400483300736024 	 10.332543518202842
6.78 	 0.009999999999999787 	 111.83333333333333 	 110.12 	 108.83 	 10.466464966209406 	 10.349183542676204 	 10.328847951248001 	 111.84866666666667 	 110.272 	 109.05666666666667 	 10.466666050955396 	 10.37153232008977 	 10.306702781308008
6.79 	 0.010000000000000231 	 111.78333333333333 	 110.07266666666666 	 108.794 	 10.647334042952828 	 10.543847474027475 	 10.477319822677298 	 111.80133333333333 	 110.22466666666666 	 109.01866666666666 	 10.661732108600157 	 10.558575893030692 	 10.512642463032574
6.800000000000001 	 0.010000000000000231 	 111.412 	 109.73533333333333 	 108.44266666666667 	 10.46828174375655 	 10.369375658908089 	 10.255472338653588 	 111.43066666666667 	 109.892 	 108.642 	 10.472051353748967 	 10.379226175394773 	 10.294035619393073
6.8100000000000005 	 0.009999999999999787 	 111.058 	 109.34933333333333 	 108.10866666666666 	 10.143304984076934 	 10.070979738282114 	 10.008972219408388 	 111.06133333333334 	 109.52 	 108.32933333333334 	 10.133586312631651 	 10.095886951295233 	 10.028137392135967
6.82 	 0.009999999999999787 	 110.766 	 109.06666666666666 	 107.79266666666666 	 10.511100988954487 	 10.485715150728739 	 10.452320933117623 	 110.78866666666667 	 109.22333333333333 	 108.036 	 10.521787152802935 	 10.481545157508453 	 10.464162842769602
6.83 	 0.010000000000000231 	 110.876 	 109.10533333333333 	 107.81066666666666 	 10.497839015721283 	 10.404209319095592 	 10.380823003125629 	 110.898 	 109.26266666666666 	 108.06066666666666 	 10.50699430538217 	 10.427224281764646 	 10.37353939384025
6.840000000000001 	 0.010000000000000231 	 110.87333333333333 	 109.116 	 107.81466666666667 	 10.502188131792133 	 10.445024844393622 	 10.382179518557534 	 110.89666666666666 	 109.28333333333333 	 108.04133333333333 	 10.508757723389044 	 10.458380477981388 	 10.393441436256273
6.8500000000000005 	 0.009999999999999787 	 110.768 	 109.01 	 107.726 	 10.611291595905437 	 10.530110793972366 	 10.481551602696998 	 110.78 	 109.16666666666667 	 107.97866666666667 	 10.596269783906662 	 10.54262248631188 	 10.487939655729443
6.86 	 0.009999999999999787 	 110.70666666666666 	 108.94533333333334 	 107.65666666666667 	 10.251014041980866 	 10.185333158790415 	 10.1031408757651 	 110.72333333333333 	 109.122 	 107.88933333333334 	 10.262299395792782 	 10.196492011144487 	 10.124018613618256
6.87 	 0.010000000000000231 	 110.25 	 108.582 	 107.31133333333334 	 10.611039848509979 	 10.510087662178021 	 10.423166739954269 	 110.25466666666667 	 108.738 	 107.552 	 10.604046942349678 	 10.531984111900917 	 10.434140884615275
6.880000000000001 	 0.010000000000000231 	 110.33533333333334 	 108.63866666666667 	 107.35333333333334 	 10.240323150283013 	 10.165108864258277 	 10.148652893638424 	 110.348 	 108.78933333333333 	 107.61733333333333 	 10.231856918467928 	 10.16816697126653 	 10.159014037898668
6.890000000000001 	 0.009999999999999787 	 109.92733333333334 	 108.19066666666667 	 106.91133333333333 	 10.657175339752191 	 10.571895740857245 	 10.528665864623537 	 109.952 	 108.34266666666667 	 107.16266666666667 	 10.676907916933006 	 10.583316094474148 	 10.536169744688479
6.9 	 0.009999999999999787 	 110.80933333333333 	 109.09333333333333 	 107.864 	 10.517333924949273 	 10.4733609165773 	 10.396866707490933 	 110.83266666666667 	 109.25866666666667 	 108.08866666666667 	 10.516431566310356 	 10.4649776981235 	 10.400615601438641
6.91 	 0.010000000000000231 	 110.148 	 108.452 	 107.15066666666667 	 10.480303557944621 	 10.410108676986358 	 10.360371593507423 	 110.18533333333333 	 108.59733333333334 	 107.394 	 10.454169099242444 	 10.429598564768552 	 10.367325145217869
6.920000000000001 	 0.010000000000000231 	 110.68933333333334 	 109.03866666666667 	 107.75666666666666 	 10.166127723420008 	 10.08734379749639 	 10.063338853923627 	 110.71466666666667 	 109.17866666666667 	 107.99333333333334 	 10.157620368745603 	 10.084711773548888 	 10.060415277490067
6.930000000000001 	 0.009999999999999787 	 110.18066666666667 	 108.45933333333333 	 107.21933333333334 	 10.46944886589335 	 10.392770542812707 	 10.333984044027853 	 110.202 	 108.614 	 107.45133333333334 	 10.473451961984644 	 10.40773769846262 	 10.3234828532924
6.94 	 0.009999999999999787 	 109.73266666666666 	 108.076 	 106.814 	 10.703575705757814 	 10.638212130491352 	 10.628424342300226 	 109.758 	 108.21933333333334 	 107.03533333333333 	 10.69289963792173 	 10.642582372505068 	 10.624786345564265
6.95 	 0.010000000000000231 	 109.97733333333333 	 108.31066666666666 	 107.03 	 10.477570625971568 	 10.35487741222571 	 10.350834104876121 	 110.00733333333334 	 108.47266666666667 	 107.278 	 10.471896336809722 	 10.38312346497377 	 10.358026646036397
6.960000000000001 	 0.010000000000000231 	 109.64266666666667 	 107.87066666666666 	 106.622 	 10.483335007948991 	 10.417578392100323 	 10.339138390923427 	 109.64866666666667 	 108.02466666666666 	 106.86333333333333 	 10.488083629635216 	 10.412495292782717 	 10.35242269015111
6.970000000000001 	 0.009999999999999787 	 109.57333333333334 	 107.89066666666666 	 106.63866666666667 	 10.759892605825064 	 10.646691797089941 	 10.638801854010108 	 109.58866666666667 	 108.04133333333333 	 106.88133333333333 	 10.768447964101213 	 10.658249929306198 	 10.62879351363811
6.98 	 0.009999999999999787 	 109.66666666666667 	 108.03666666666666 	 106.736 	 10.769442366663599 	 10.71998082502431 	 10.6206545937621 	 109.66866666666667 	 108.18933333333334 	 107.024 	 10.784319707591923 	 10.722444663207899 	 10.650293767466385
6.99 	 0.010000000000000231 	 109.25533333333334 	 107.54333333333334 	 106.298 	 10.583862160016173 	 10.46582321442301 	 10.340915304427037 	 109.27333333333333 	 107.71066666666667 	 106.51133333333334 	 10.57191037083123 	 10.482506994459337 	 10.369853979471241
7.000000000000001 	 0.010000000000000231 	 109.81866666666667 	 108.08733333333333 	 106.816 	 10.223459210180389 	 10.151832653379499 	 10.124992707816304 	 109.838 	 108.24 	 107.07266666666666 	 10.232811083307787 	 10.160892349264081 	 10.136043913787184
7.010000000000001 	 0.009999999999999787 	 109.186 	 107.55733333333333 	 106.314 	 10.40535458309807 	 10.29627988914227 	 10.252645382209089 	 109.19733333333333 	 107.70133333333334 	 106.56 	 10.397999465709203 	 10.313557334348266 	 10.262150521861065
7.0200000000000005 	 0.009999999999999787 	 108.658 	 106.97733333333333 	 105.74533333333333 	 10.052513914439514 	 9.969260398288776 	 9.904568553057837 	 108.67466666666667 	 107.13133333333333 	 105.966 	 10.062645024489779 	 9.993969092518858 	 9.919249501180353
7.03 	 0.009999999999999787 	 108.974 	 107.37133333333334 	 106.12466666666667 	 10.806047257593006 	 10.668838341429472 	 10.61595300584089 	 108.99133333333333 	 107.502 	 106.346 	 10.79533502130537 	 10.689839225482611 	 10.623415207298764
7.04 	 0.010000000000000231 	 108.942 	 107.216 	 105.95266666666667 	 10.660892833154266 	 10.617470382974155 	 10.529565971850671 	 108.97133333333333 	 107.394 	 106.206 	 10.682376993077066 	 10.647508190495403 	 10.533734570417085
7.050000000000001 	 0.010000000000000231 	 109.10333333333334 	 107.44133333333333 	 106.196 	 10.547258200857488 	 10.407876419114302 	 10.328613201522588 	 109.12066666666666 	 107.59666666666666 	 106.436 	 10.549223015095578 	 10.415340715608982 	 10.321332472118122
7.0600000000000005 	 0.009999999999999787 	 108.43333333333334 	 106.75533333333334 	 105.49333333333334 	 10.387759891119718 	 10.267852983408405 	 10.240668380964637 	 108.44933333333333 	 106.91066666666667 	 105.736 	 10.380274541434613 	 10.299321315288477 	 10.244785860784663
7.07 	 0.009999999999999787 	 108.24466666666666 	 106.608 	 105.376 	 10.409777690016034 	 10.36653281799979 	 10.322465338603307 	 108.26266666666666 	 106.746 	 105.58066666666667 	 10.415581575483701 	 10.363404395596396 	 10.331222558611133
7.08 	 0.010000000000000231 	 108.776 	 107.074 	 105.838 	 10.436434129209715 	 10.342623329375064 	 10.303320953297858 	 108.81666666666666 	 107.244 	 106.06133333333334 	 10.455894137864165 	 10.357113368759334 	 10.289682772348016
7.090000000000001 	 0.010000000000000231 	 108.14933333333333 	 106.49066666666667 	 105.24666666666667 	 10.130171085535634 	 10.043268702082118 	 10.015279438049754 	 108.158 	 106.65533333333333 	 105.49 	 10.129809277572802 	 10.05885372307512 	 10.033904191955061
7.1000000000000005 	 0.009999999999999787 	 108.38333333333334 	 106.724 	 105.43933333333334 	 10.365667154387872 	 10.313477783948535 	 10.236063023556577 	 108.402 	 106.89266666666667 	 105.686 	 10.371775611404892 	 10.303970734085423 	 10.267525050695843
7.11 	 0.009999999999999787 	 108.36666666666666 	 106.71866666666666 	 105.48466666666667 	 10.386540435689943 	 10.319472768616729 	 10.287553882672444 	 108.368 	 106.86533333333334 	 105.708 	 10.39483410161028 	 10.333143998265431 	 10.313683596723981
7.12 	 0.010000000000000231 	 108.17666666666666 	 106.552 	 105.24933333333334 	 10.398851966550069 	 10.293717954817556 	 10.218700156521322 	 108.19066666666667 	 106.68133333333333 	 105.49066666666667 	 10.388117228620187 	 10.275786339199978 	 10.260632512450465
7.130000000000001 	 0.010000000000000231 	 108.146 	 106.48933333333333 	 105.20133333333334 	 10.435165738980862 	 10.31390095399839 	 10.26635921617569 	 108.156 	 106.63933333333334 	 105.45733333333334 	 10.42437835076989 	 10.343625390655939 	 10.260418098477059
7.140000000000001 	 0.009999999999999787 	 108.114 	 106.444 	 105.224 	 10.541584510878808 	 10.42523528111796 	 10.359174227063983 	 108.132 	 106.60666666666667 	 105.43933333333334 	 10.557899538576159 	 10.468553969972273 	 10.406519729904367
7.15 	 0.009999999999999787 	 107.87533333333333 	 106.262 	 104.99733333333333 	 10.228968254694877 	 10.136141080312566 	 10.087285374282926 	 107.90266666666666 	 106.40133333333333 	 105.218 	 10.227863554471623 	 10.164460875466483 	 10.09044809047976
7.16 	 0.010000000000000231 	 107.762 	 106.124 	 104.86666666666666 	 10.334538660885318 	 10.250819024188589 	 10.115708356588557 	 107.764 	 106.26466666666667 	 105.098 	 10.351439706630185 	 10.250526078640494 	 10.148582626817074
7.170000000000001 	 0.010000000000000231 	 108.03733333333334 	 106.354 	 105.116 	 10.48770420805028 	 10.416622165238277 	 10.364999308570487 	 108.05266666666667 	 106.53133333333334 	 105.32866666666666 	 10.481884033363894 	 10.448461683690837 	 10.376029019920011
7.180000000000001 	 0.009999999999999787 	 107.402 	 105.79666666666667 	 104.60466666666666 	 10.15967827574607 	 10.037030880140247 	 9.987878230913488 	 107.406 	 105.942 	 104.81066666666666 	 10.147700757642918 	 10.046954895224058 	 9.97183464675494
7.19 	 0.009999999999999787 	 107.358 	 105.748 	 104.496 	 10.177188675333348 	 10.072693913083365 	 10.002765484271503 	 107.38 	 105.88733333333333 	 104.748 	 10.17589963262872 	 10.090191915364588 	 10.022599263664093
7.2 	 0.010000000000000231 	 107.71733333333333 	 106.10133333333333 	 104.87666666666667 	 10.490190634852903 	 10.3902068421289 	 10.332995155756576 	 107.73333333333333 	 106.24 	 105.09466666666667 	 10.491753375336692 	 10.396076182868226 	 10.33003895873045
7.210000000000001 	 0.010000000000000231 	 106.98466666666667 	 105.29533333333333 	 104.05066666666667 	 10.245670543643733 	 10.196933111915998 	 10.105119142735967 	 106.99733333333333 	 105.456 	 104.31466666666667 	 10.252739124524506 	 10.180179959116636 	 10.128029664692383
7.220000000000001 	 0.009999999999999787 	 107.61866666666667 	 105.956 	 104.74866666666667 	 10.167591564486756 	 10.064627696376387 	 9.96902694460308 	 107.63466666666666 	 106.122 	 104.95666666666666 	 10.13988156845149 	 10.071169213816901 	 9.995471752526518
7.23 	 0.009999999999999787 	 106.85066666666667 	 105.248 	 104.008 	 10.28819871935262 	 10.204043120253854 	 10.163526422129936 	 106.86066666666666 	 105.39533333333334 	 104.24466666666666 	 10.297633363491288 	 10.229583482342877 	 10.174451904429818
7.24 	 0.010000000000000231 	 107.13733333333333 	 105.48533333333333 	 104.30333333333333 	 10.243492546761361 	 10.153642280263549 	 10.029655472093191 	 107.14733333333334 	 105.646 	 104.53466666666667 	 10.234726484973706 	 10.14662590880995 	 10.04659800905538
7.250000000000001 	 0.010000000000000231 	 107.00733333333334 	 105.366 	 104.13 	 10.238844965240085 	 10.169236811744199 	 10.043427369844089 	 107.02266666666667 	 105.50466666666667 	 104.39133333333334 	 10.25121876765013 	 10.161855714167347 	 10.06628986049754
7.260000000000001 	 0.009999999999999787 	 107.20333333333333 	 105.61133333333333 	 104.37066666666666 	 10.230509382343687 	 10.148510804820358 	 10.04682070220337 	 107.22466666666666 	 105.73866666666666 	 104.61 	 10.233972423040603 	 10.151307217409107 	 10.054877754934003
7.2700000000000005 	 0.009999999999999787 	 106.54266666666666 	 104.896 	 103.69466666666666 	 10.329577898227768 	 10.255137769267982 	 10.18882254673664 	 106.54666666666667 	 105.06 	 103.89466666666667 	 10.345618503609257 	 10.25581461090894 	 10.211345237311075
7.28 	 0.009999999999999787 	 106.75266666666667 	 105.086 	 103.89133333333334 	 10.32270117534919 	 10.270732073875422 	 10.191868894150648 	 106.76933333333334 	 105.24666666666667 	 104.11133333333333 	 10.316530079871278 	 10.282176596205472 	 10.222472216749832
7.29 	 0.010000000000000231 	 106.61333333333333 	 104.95 	 103.69733333333333 	 10.29218905556809 	 10.15897796696761 	 10.128066262728646 	 106.65066666666667 	 105.10933333333334 	 103.93066666666667 	 10.278876376119888 	 10.147579985176543 	 10.153777271975631
7.300000000000001 	 0.010000000000000231 	 106.26133333333334 	 104.642 	 103.41333333333333 	 10.13329684203956 	 10.053017921665779 	 10.025957421723984 	 106.28466666666667 	 104.78733333333334 	 103.64066666666666 	 10.119665585164144 	 10.069265426148137 	 10.017828085745709
7.3100000000000005 	 0.009999999999999787 	 106.292 	 104.74266666666666 	 103.50133333333333 	 9.817606768793842 	 9.621041847025833 	 9.533414824826528 	 106.30266666666667 	 104.888 	 103.73533333333333 	 9.806072585676468 	 9.628332635162401 	 9.542114627039206
7.32 	 0.009999999999999787 	 106.35 	 104.714 	 103.504 	 10.429165834332101 	 10.341898794064207 	 10.369409369229604 	 106.37733333333334 	 104.87066666666666 	 103.73066666666666 	 10.424919802515936 	 10.339210457713339 	 10.351076895129747
7.33 	 0.010000000000000231 	 106.118 	 104.498 	 103.306 	 10.562515925037305 	 10.499364869679816 	 10.449132212772504 	 106.124 	 104.666 	 103.53333333333333 	 10.562478749485527 	 10.53342824851751 	 10.452984688063447
7.340000000000001 	 0.010000000000000231 	 106.25333333333333 	 104.60733333333333 	 103.40466666666667 	 10.470075877895486 	 10.35360546970099 	 10.309004715404015 	 106.27133333333333 	 104.754 	 103.62666666666667 	 10.47748593678634 	 10.365141131053965 	 10.304139405544205
7.3500000000000005 	 0.009999999999999787 	 105.77 	 104.17 	 102.94666666666667 	 10.459625550977753 	 10.31282858062391 	 10.224145712750556 	 105.8 	 104.328 	 103.15133333333333 	 10.451538961639413 	 10.324424891166254 	 10.25757110084492
7.36 	 0.009999999999999787 	 105.872 	 104.338 	 103.13466666666666 	 10.548788998426945 	 10.47064576168379 	 10.393934042935278 	 105.90133333333333 	 104.48866666666666 	 103.35266666666666 	 10.552010782573888 	 10.48976667466388 	 10.40360320060101
7.37 	 0.010000000000000231 	 105.88266666666667 	 104.26866666666666 	 103.03133333333334 	 10.248946265619482 	 10.208778161736866 	 10.205081326912044 	 105.91933333333333 	 104.39733333333334 	 103.27133333333333 	 10.249463053686709 	 10.19801252968222 	 10.197861453374536
7.380000000000001 	 0.010000000000000231 	 105.65333333333334 	 104.04 	 102.82 	 10.348646717754399 	 10.280907871713795 	 10.193834738049596 	 105.676 	 104.18066666666667 	 103.04 	 10.372994938782146 	 10.311160275265932 	 10.210830850947765
7.390000000000001 	 0.009999999999999787 	 105.30666666666667 	 103.672 	 102.45466666666667 	 10.309443351715078 	 10.217195440367512 	 10.115793504328874 	 105.334 	 103.81866666666667 	 102.68533333333333 	 10.305327618922812 	 10.228218395964937 	 10.13737235294345
7.4 	 0.009999999999999787 	 105.754 	 104.20533333333333 	 102.93666666666667 	 10.26223581876776 	 10.230762673862046 	 10.21531475557927 	 105.74666666666667 	 104.32933333333334 	 103.176 	 10.276242287702036 	 10.233647421889986 	 10.221335072614863
7.41 	 0.010000000000000231 	 105.57266666666666 	 103.95066666666666 	 102.752 	 10.340054136974118 	 10.287673832742215 	 10.30565359402304 	 105.56933333333333 	 104.10466666666666 	 103.00133333333333 	 10.33807813646016 	 10.284764373685098 	 10.293946354802689
7.420000000000001 	 0.010000000000000231 	 105.16266666666667 	 103.55066666666667 	 102.32666666666667 	 10.105256365982122 	 9.98943272774897 	 9.959315014375013 	 105.174 	 103.69266666666667 	 102.55266666666667 	 10.112618717885756 	 9.998510533518925 	 9.957604776696497
7.430000000000001 	 0.009999999999999787 	 105.294 	 103.726 	 102.50466666666667 	 10.434153727063828 	 10.27717166020561 	 10.191858428285895 	 105.31733333333334 	 103.86866666666667 	 102.73133333333334 	 10.425128275256643 	 10.318757267983171 	 10.195120641213075
7.44 	 0.009999999999999787 	 105.212 	 103.632 	 102.45533333333333 	 10.13168574325122 	 10.030914348486217 	 10.007397508288001 	 105.20066666666666 	 103.78066666666666 	 102.67266666666667 	 10.122733469221092 	 10.04585617168702 	 10.020321995269857
7.45 	 0.010000000000000231 	 104.58266666666667 	 103.048 	 101.87 	 10.208060518803538 	 10.150617189773897 	 10.097116750175106 	 104.60666666666667 	 103.19 	 102.094 	 10.205878480344333 	 10.158308586242757 	 10.108206105272421
7.460000000000001 	 0.010000000000000231 	 105.03333333333333 	 103.428 	 102.24533333333333 	 10.15796348793508 	 10.09089437727565 	 10.034663832048496 	 105.05733333333333 	 103.56133333333334 	 102.47333333333333 	 10.153720806789115 	 10.108325193731265 	 10.046489713106542
7.470000000000001 	 0.009999999999999787 	 104.60866666666666 	 103.002 	 101.80733333333333 	 10.361572832131015 	 10.271870780599478 	 10.216630864537596 	 104.62466666666667 	 103.16266666666667 	 102.04866666666666 	 10.376052150130231 	 10.297323578915488 	 10.26130100046881
7.48 	 0.009999999999999787 	 104.44266666666667 	 102.834 	 101.616 	 10.037399043355581 	 9.977229608797558 	 9.93179460117858 	 104.44933333333333 	 102.98266666666666 	 101.808 	 10.03431277611421 	 9.971410777261605 	 9.945072615789858
7.49 	 0.010000000000000231 	 105.32266666666666 	 103.74 	 102.49533333333333 	 10.391978616007423 	 10.327458545063253 	 10.252315749245252 	 105.30466666666666 	 103.87333333333333 	 102.726 	 10.387035744405406 	 10.339759292276693 	 10.266202998187792
7.500000000000001 	 0.010000000000000231 	 104.12266666666666 	 102.50933333333333 	 101.34 	 10.040432571469331 	 10.013087080860172 	 9.959939758853967 	 104.13266666666667 	 102.63533333333334 	 101.54933333333334 	 10.046113654322031 	 10.008780389682295 	 9.979958227478821
7.510000000000001 	 0.009999999999999787 	 104.38533333333334 	 102.80333333333333 	 101.52066666666667 	 10.070063797657337 	 9.997699179755754 	 9.953771792084089 	 104.39266666666667 	 102.94133333333333 	 101.75466666666667 	 10.081392738880654 	 10.023666572445212 	 9.976563113395091
7.5200000000000005 	 0.009999999999999787 	 104.602 	 103.05066666666667 	 101.84466666666667 	 10.080456140473009 	 10.0481556958921 	 9.99202373006701 	 104.62733333333334 	 103.188 	 102.076 	 10.090149629988424 	 10.05832935100722 	 10.007641613620397
7.53 	 0.009999999999999787 	 104.40466666666667 	 102.83333333333333 	 101.60533333333333 	 10.1551749478885 	 10.062946332406273 	 10.016731247711945 	 104.42533333333333 	 102.99533333333333 	 101.86066666666666 	 10.161385644793835 	 10.082558118960794 	 10.04841212442156
7.54 	 0.010000000000000231 	 104.27666666666667 	 102.714 	 101.53466666666667 	 10.523186568504597 	 10.403534847989569 	 10.33754314246002 	 104.292 	 102.85466666666666 	 101.766 	 10.531543223415392 	 10.419543090856827 	 10.356153275549115
7.550000000000001 	 0.010000000000000231 	 104.162 	 102.564 	 101.39866666666667 	 10.284021068304622 	 10.167820349842273 	 10.116771465684538 	 104.18066666666667 	 102.73 	 101.61733333333333 	 10.277419888063129 	 10.192796475943194 	 10.123647212782993
7.5600000000000005 	 0.009999999999999787 	 104.17933333333333 	 102.62266666666666 	 101.43866666666666 	 10.042866766461104 	 9.98894152995646 	 9.941876326372647 	 104.20066666666666 	 102.77933333333333 	 101.67466666666667 	 10.036088193226593 	 9.988058180758772 	 9.92945911025481
7.57 	 0.009999999999999787 	 104.02666666666667 	 102.414 	 101.258 	 9.832291470229896 	 9.753765290047394 	 9.763303880688476 	 104.03533333333333 	 102.55733333333333 	 101.46866666666666 	 9.80976137437717 	 9.764222765905243 	 9.74691497631715
7.58 	 0.010000000000000231 	 103.566 	 101.96466666666667 	 100.76733333333334 	 10.346479787831221 	 10.249524455093297 	 10.213252806471056 	 103.57733333333333 	 102.11866666666667 	 100.98466666666667 	 10.354452482976694 	 10.253288166350453 	 10.222088740674394
7.590000000000001 	 0.010000000000000231 	 103.674 	 102.14533333333334 	 100.97266666666667 	 10.132245095074767 	 10.065860365060152 	 10.016715340979907 	 103.70666666666666 	 102.276 	 101.20733333333334 	 10.136565274073638 	 10.080136771558873 	 10.034026089041006
7.6000000000000005 	 0.009999999999999787 	 103.53066666666666 	 101.93133333333333 	 100.768 	 9.919730820720668 	 9.79571087545746 	 9.7749770332211 	 103.55466666666666 	 102.08666666666667 	 100.976 	 9.939299684697218 	 9.801793486681687 	 9.763576393924513
7.61 	 0.009999999999999787 	 103.30466666666666 	 101.72 	 100.536 	 9.68978043553562 	 9.624565791071651 	 9.568178370689655 	 103.30933333333333 	 101.83933333333333 	 100.77133333333333 	 9.697644708324226 	 9.641309708171857 	 9.59300326047873
7.62 	 0.010000000000000231 	 103.04933333333334 	 101.45533333333333 	 100.29733333333333 	 10.154419377241068 	 10.135942887675633 	 10.08904981761029 	 103.06866666666667 	 101.59266666666667 	 100.51666666666667 	 10.148363655727405 	 10.131933653333679 	 10.089882170879015
7.630000000000001 	 0.010000000000000231 	 103.15866666666666 	 101.56133333333334 	 100.36666666666666 	 10.452758402556821 	 10.402735452220675 	 10.32925726059505 	 103.16866666666667 	 101.69533333333334 	 100.58266666666667 	 10.449189038176865 	 10.391335086931269 	 10.337270733719913
7.640000000000001 	 0.009999999999999787 	 103.29133333333333 	 101.72133333333333 	 100.52066666666667 	 10.036390032720375 	 9.954346365058608 	 9.88306158142416 	 103.29666666666667 	 101.86266666666667 	 100.75933333333333 	 10.05136751337294 	 9.95816948819187 	 9.876710631019261
7.65 	 0.009999999999999787 	 103.072 	 101.50533333333334 	 100.308 	 10.305539740029792 	 10.170380436454785 	 10.085557462695522 	 103.108 	 101.63466666666666 	 100.53266666666667 	 10.321062735978307 	 10.192670482045202 	 10.110370891097693
7.66 	 0.010000000000000231 	 102.79066666666667 	 101.19666666666667 	 100.04733333333333 	 9.886026142434021 	 9.854643011742683 	 9.804340512695838 	 102.82266666666666 	 101.348 	 100.272 	 9.881795698263662 	 9.858070940435894 	 9.824765442492762
7.670000000000001 	 0.010000000000000231 	 102.37 	 100.862 	 99.76066666666667 	 10.110313216381247 	 10.038407377002923 	 9.946090666968383 	 102.39933333333333 	 100.97533333333334 	 99.98066666666666 	 10.129554097897016 	 10.037930973174811 	 9.93674793660157
7.680000000000001 	 0.009999999999999787 	 103.31933333333333 	 101.782 	 100.58666666666667 	 10.314457146269124 	 10.253575441441551 	 10.183900147891388 	 103.318 	 101.92533333333333 	 100.80266666666667 	 10.322251498583048 	 10.24550754667083 	 10.194756473577756
7.69 	 0.009999999999999787 	 102.70866666666667 	 101.208 	 99.97 	 10.320648795281988 	 10.190750839200549 	 10.165420142161693 	 102.72333333333333 	 101.34466666666667 	 100.192 	 10.311358893095624 	 10.210739683729523 	 10.17967596078906
7.7 	 0.010000000000000231 	 102.79 	 101.25866666666667 	 100.07266666666666 	 9.795197803005307 	 9.773693854196353 	 9.719364839787056 	 102.80266666666667 	 101.40533333333333 	 100.28666666666666 	 9.79433813769749 	 9.790320298925646 	 9.74716141015196
7.710000000000001 	 0.010000000000000231 	 102.76133333333334 	 101.238 	 100.02466666666666 	 10.219411507300974 	 10.17303737009421 	 10.121596953489547 	 102.79333333333334 	 101.38133333333333 	 100.26133333333334 	 10.215541536741403 	 10.189729382514969 	 10.106418994326768
7.720000000000001 	 0.009999999999999787 	 102.60733333333333 	 101.06533333333333 	 99.83266666666667 	 10.2071125310845 	 10.020765018478158 	 9.94622204100074 	 102.622 	 101.19466666666666 	 100.07933333333334 	 10.216870819058707 	 10.048321827825559 	 9.964054038838253
7.73 	 0.009999999999999787 	 102.51866666666666 	 100.92533333333333 	 99.79 	 10.41743657954724 	 10.391138446879737 	 10.346492159181294 	 102.54533333333333 	 101.06133333333334 	 99.988 	 10.412617901159898 	 10.426580050791129 	 10.371171068559873
7.74 	 0.010000000000000231 	 102.32933333333334 	 100.80666666666667 	 99.64333333333333 	 9.857427295643062 	 9.75321941150146 	 9.717619164292364 	 102.344 	 100.94133333333333 	 99.83933333333333 	 9.866660900899216 	 9.769300122776906 	 9.706021475810203
7.750000000000001 	 0.010000000000000231 	 102.27333333333333 	 100.74933333333334 	 99.62466666666667 	 10.022971393531739 	 9.91980340306982 	 9.863795325442545 	 102.276 	 100.88533333333334 	 99.84 	 10.022233151016462 	 9.92237462617806 	 9.87912276807342
7.760000000000001 	 0.009999999999999787 	 102.13266666666667 	 100.59 	 99.38133333333333 	 9.99181662940006 	 9.923200088681071 	 9.831238556537805 	 102.14 	 100.71 	 99.58066666666667 	 9.985809932098649 	 9.926894445562183 	 9.849576618086463
7.7700000000000005 	 0.009999999999999787 	 102.062 	 100.506 	 99.37333333333333 	 10.381625884224494 	 10.28652665707267 	 10.272128417335047 	 102.08333333333333 	 100.628 	 99.568 	 10.384751107058635 	 10.317830004414688 	 10.284618417812107
7.78 	 0.009999999999999787 	 102.19133333333333 	 100.67 	 99.488 	 10.034211057953463 	 9.97963426183545 	 9.900262084072994 	 102.20466666666667 	 100.792 	 99.70466666666667 	 10.050743499308341 	 10.007234183329578 	 9.912892861767896
7.79 	 0.010000000000000231 	 101.75266666666667 	 100.20466666666667 	 99.006 	 9.68914304202848 	 9.64365654487734 	 9.552275331040244 	 101.77 	 100.342 	 99.24866666666667 	 9.677039836644262 	 9.655173190229855 	 9.556995599501388
7.800000000000001 	 0.010000000000000231 	 102.40533333333333 	 100.88133333333333 	 99.75866666666667 	 10.284472351829994 	 10.219878581579245 	 10.147598643138297 	 102.42533333333333 	 100.99133333333333 	 99.984 	 10.275168687450128 	 10.21831321152806 	 10.176299785940532
7.8100000000000005 	 0.009999999999999787 	 101.32933333333334 	 99.74733333333333 	 98.63066666666667 	 10.15143041918505 	 10.063440078930377 	 9.99851286719958 	 101.34333333333333 	 99.896 	 98.84266666666667 	 10.145086933530383 	 10.095800314982464 	 10.028255725144271
7.82 	 0.009999999999999787 	 101.39666666666666 	 99.87533333333333 	 98.784 	 10.0186819936002 	 9.96566396293906 	 9.853595485912743 	 101.40266666666666 	 100.02666666666667 	 98.98666666666666 	 10.030446627920192 	 10.002364164980643 	 9.8792622306639
7.83 	 0.010000000000000231 	 102.05666666666667 	 100.54733333333333 	 99.39133333333334 	 10.19529902564031 	 10.12072590721085 	 10.057941715657114 	 102.06066666666666 	 100.668 	 99.602 	 10.20899862321907 	 10.111467549272955 	 10.051513783173823
7.840000000000001 	 0.010000000000000231 	 101.942 	 100.438 	 99.24066666666667 	 10.021508668858196 	 9.99110384291946 	 9.974905825230742 	 101.95066666666666 	 100.57866666666666 	 99.44533333333334 	 10.027108234957652 	 9.979903718083769 	 9.982535327037695
7.8500000000000005 	 0.009999999999999787 	 100.83733333333333 	 99.31066666666666 	 98.19466666666666 	 10.066257475127266 	 10.026007159161395 	 9.964442025968584 	 100.866 	 99.444 	 98.39066666666666 	 10.05505067118013 	 10.031958798426823 	 9.962164066551448
