time 	 delTime 		 mean eVee 	 	 stdev eVee 	 	 mean eVth 	 	 stdev eVth 
 	  	 10 	 100 	 170 	 10 	 100 	 170 	 10 	 100 	 170 	 10 	 100 	 170 
1.7400000000000002 	 0.010000000000000009 	 452.12533333333334 	 444.19666666666666 	 438.336 	 21.51170901832044 	 21.308573913385718 	 21.186137857885598 	 452.196 	 444.934 	 439.38 	 21.525866238860942 	 21.29313607714937 	 21.154154832246707
1.7500000000000002 	 0.010000000000000009 	 448.2873333333333 	 440.48533333333336 	 434.58666666666664 	 20.931462113818572 	 20.79497819720478 	 20.636694395071018 	 448.322 	 441.16133333333335 	 435.6766666666667 	 20.941720305011557 	 20.802963848665623 	 20.669271610022665
1.7600000000000002 	 0.010000000000000009 	 446.17133333333334 	 438.354 	 432.50533333333334 	 20.9827701910136 	 20.816708449384272 	 20.56179235594234 	 446.22933333333333 	 439.04533333333336 	 433.61 	 20.993222864110745 	 20.780261745758217 	 20.611014045893036
1.7700000000000002 	 0.009999999999999898 	 442.504 	 434.63933333333335 	 428.868 	 20.668187728971304 	 20.570462307774115 	 20.376487495804245 	 442.57466666666664 	 435.268 	 429.94266666666664 	 20.676792745061363 	 20.555976649140266 	 20.412529964596636
1.78 	 0.009999999999999898 	 439.2146666666667 	 431.568 	 425.8106666666667 	 21.194195389828373 	 21.144740307382985 	 20.95258503277234 	 439.31933333333336 	 432.254 	 426.8473333333333 	 21.187355338083663 	 21.09230864557031 	 20.986345391441763
1.79 	 0.010000000000000009 	 437.4193333333333 	 429.87333333333333 	 424.18 	 20.66496615584507 	 20.540560416459485 	 20.371440793424505 	 437.472 	 430.56333333333333 	 425.228 	 20.68783578176638 	 20.526096939154204 	 20.390619150318443
1.8 	 0.010000000000000009 	 433.11 	 425.5 	 419.80066666666664 	 20.406222090333134 	 20.237374665043223 	 20.09310660124235 	 433.18266666666665 	 426.15933333333334 	 420.8813333333333 	 20.38319486461553 	 20.211497047197888 	 20.12383126765102
1.81 	 0.010000000000000009 	 430.50533333333334 	 422.9513333333333 	 417.34066666666666 	 19.912290297424075 	 19.79140297087489 	 19.67853177675837 	 430.56733333333335 	 423.61333333333334 	 418.354 	 19.88178729949152 	 19.754623650061156 	 19.708966250584194
1.82 	 0.010000000000000009 	 427.498 	 420.1573333333333 	 414.602 	 21.185073267122146 	 21.066669873417478 	 20.83022473874602 	 427.56733333333335 	 420.846 	 415.64 	 21.182606061473066 	 21.065286231143407 	 20.86620233775183
1.83 	 0.010000000000000009 	 424.86466666666666 	 417.36533333333335 	 411.8353333333333 	 20.095431111463014 	 19.864571433137495 	 19.73755012378408 	 424.9746666666667 	 418.0586666666667 	 412.8473333333333 	 20.083642387663538 	 19.899126234307094 	 19.76056745698924
1.84 	 0.010000000000000009 	 422.33666666666664 	 415.03333333333336 	 409.5353333333333 	 20.380267962473464 	 20.167371888495754 	 20.064581187311692 	 422.44666666666666 	 415.672 	 410.54 	 20.368778941202038 	 20.223659807265353 	 20.06968858751924
1.85 	 0.010000000000000009 	 419.464 	 412.12466666666666 	 406.74266666666665 	 20.284296980669556 	 19.992426688345986 	 19.872102209434768 	 419.576 	 412.80266666666665 	 407.75533333333334 	 20.276593007702253 	 20.071465472710813 	 19.91487228736911
1.86 	 0.010000000000000009 	 417.634 	 410.41266666666667 	 404.90866666666665 	 20.237128683025496 	 20.146754235415248 	 19.978496562276376 	 417.74533333333335 	 411.052 	 405.8666666666667 	 20.237271181878473 	 20.16088529802201 	 20.016815153487553
1.87 	 0.010000000000000009 	 414.038 	 406.78933333333333 	 401.26666666666665 	 20.490824515702958 	 20.28381011765021 	 20.16593387098373 	 414.12266666666665 	 407.408 	 402.26933333333335 	 20.460261147459047 	 20.27044324461933 	 20.243010140677093
1.8800000000000001 	 0.010000000000000009 	 411.5246666666667 	 404.306 	 398.884 	 20.236305448925755 	 20.066265987140376 	 19.992362141577967 	 411.5946666666667 	 404.94533333333334 	 399.868 	 20.201675794074333 	 20.087434170534465 	 20.005496977914177
1.8900000000000001 	 0.010000000000000009 	 409.2746666666667 	 402.018 	 396.6646666666667 	 19.719344771625206 	 19.570598934796724 	 19.472653086372752 	 409.34866666666665 	 402.67466666666667 	 397.612 	 19.74326294095167 	 19.55493522248426 	 19.470699080070716
1.9000000000000001 	 0.010000000000000009 	 405.762 	 398.642 	 393.30066666666664 	 19.917798305368326 	 19.70598477620441 	 19.517639873258812 	 405.846 	 399.30533333333335 	 394.24666666666667 	 19.92217233804252 	 19.69961348746608 	 19.521897676427074
1.9100000000000001 	 0.010000000000000009 	 403.74333333333334 	 396.726 	 391.408 	 20.339717850113413 	 20.11176083787792 	 19.99247031592978 	 403.81533333333334 	 397.37533333333334 	 392.41866666666664 	 20.28726772031058 	 20.095002485416337 	 19.965755304743393
1.9200000000000002 	 0.010000000000000009 	 400.11133333333333 	 393.13533333333334 	 387.9146666666667 	 19.37628115907579 	 19.31582300142094 	 19.224759683514613 	 400.13866666666667 	 393.7733333333333 	 388.92533333333336 	 19.335548562743757 	 19.32926853820967 	 19.288193925012493
1.9300000000000002 	 0.010000000000000009 	 397.6893333333333 	 390.77666666666664 	 385.51933333333335 	 19.641100263364972 	 19.461109652044225 	 19.384331117912964 	 397.778 	 391.42333333333335 	 386.48066666666665 	 19.68026209175071 	 19.454839729200774 	 19.386119421437137
1.9400000000000002 	 0.010000000000000009 	 394.7486666666667 	 387.8233333333333 	 382.5926666666667 	 19.913885395762314 	 19.739337768921114 	 19.474155853906023 	 394.8213333333333 	 388.4753333333333 	 383.56733333333335 	 19.896467313459333 	 19.71689778393706 	 19.549837157605403
1.9500000000000002 	 0.010000000000000009 	 392.78266666666667 	 386.0233333333333 	 380.8186666666667 	 19.293956728007405 	 19.136704406860538 	 19.11688045216118 	 392.8453333333333 	 386.668 	 381.7606666666667 	 19.302920631057074 	 19.190634243470605 	 19.119328428466194
1.9600000000000002 	 0.010000000000000009 	 389.73466666666667 	 382.94733333333335 	 377.8086666666667 	 19.87920852437429 	 19.689605368202674 	 19.60054569535133 	 389.83 	 383.5953333333333 	 378.742 	 19.919833499973503 	 19.66932243085381 	 19.633766050692707
1.9700000000000002 	 0.010000000000000009 	 387.5953333333333 	 380.78066666666666 	 375.6553333333333 	 19.420493768754238 	 19.23196712652025 	 19.157606101899983 	 387.6673333333333 	 381.40933333333334 	 376.584 	 19.425738927744522 	 19.249392532983705 	 19.183368074106973
1.9800000000000002 	 0.010000000000000009 	 384.70866666666666 	 377.7746666666667 	 372.82533333333333 	 19.021596276046047 	 18.758355246544287 	 18.605845628607035 	 384.75533333333334 	 378.3693333333333 	 373.76733333333334 	 19.00984319299405 	 18.814345401551684 	 18.650322594767335
1.9900000000000002 	 0.009999999999999898 	 382.084 	 375.3706666666667 	 370.4313333333333 	 19.494912430341067 	 19.27153184247572 	 19.133041705094588 	 382.1453333333333 	 375.94666666666666 	 371.3446666666667 	 19.467825034028724 	 19.308024814108308 	 19.17044265413701
2.0 	 0.010000000000000009 	 379.17133333333334 	 372.5973333333333 	 367.582 	 19.60562788815724 	 19.519917850464658 	 19.322058447967358 	 379.252 	 373.16066666666666 	 368.516 	 19.631178331080044 	 19.52332415912368 	 19.315116981266254
2.0100000000000002 	 0.010000000000000009 	 376.77733333333333 	 370.112 	 365.1 	 19.343209477459755 	 19.26854403771425 	 19.157052661269862 	 376.8086666666667 	 370.66266666666667 	 365.98466666666667 	 19.35169393676487 	 19.29558342096853 	 19.171204923588455
2.02 	 0.009999999999999787 	 374.46666666666664 	 367.786 	 362.8806666666667 	 19.304081318611242 	 19.28447226829572 	 19.20971350356087 	 374.5346666666667 	 368.38933333333335 	 363.792 	 19.304286179211314 	 19.283060430221017 	 19.25923335268913
2.03 	 0.010000000000000009 	 372.7373333333333 	 366.29133333333334 	 361.29 	 19.782964208856285 	 19.67969659883562 	 19.601374951773153 	 372.7993333333333 	 366.836 	 362.21 	 19.811185381552065 	 19.675393363285014 	 19.601919123732078
2.04 	 0.010000000000000009 	 369.8093333333333 	 363.272 	 358.356 	 19.30867627662641 	 19.175175340354343 	 19.141819767200822 	 369.8926666666667 	 363.854 	 359.2126666666667 	 19.32628123106518 	 19.169333599962904 	 19.144697426586706
2.05 	 0.010000000000000009 	 366.744 	 360.288 	 355.472 	 18.898177972139713 	 18.652177424275877 	 18.54133803154454 	 366.85 	 360.862 	 356.35 	 18.908996976748043 	 18.70608517746743 	 18.604358808264976
2.06 	 0.010000000000000009 	 364.226 	 357.872 	 353.102 	 19.32042763501885 	 19.169270965097585 	 19.092570876303345 	 364.274 	 358.45666666666665 	 354.00933333333336 	 19.296396658443772 	 19.157490847069603 	 19.08269494128705
2.07 	 0.010000000000000009 	 362.0 	 355.626 	 350.9766666666667 	 18.640278967869552 	 18.51120716394981 	 18.455571576687138 	 362.0953333333333 	 356.18066666666664 	 351.79133333333334 	 18.648634754914962 	 18.529364790935375 	 18.44240923041841
2.08 	 0.010000000000000009 	 360.004 	 353.6933333333333 	 348.98266666666666 	 18.738871826589065 	 18.560548363546687 	 18.336549099786712 	 360.09 	 354.244 	 349.848 	 18.775637583492784 	 18.576556839199238 	 18.418348532554884
2.09 	 0.010000000000000009 	 357.784 	 351.53866666666664 	 346.8 	 19.164133444188565 	 19.027081705354142 	 18.899347431415016 	 357.83933333333334 	 352.12533333333334 	 347.69933333333336 	 19.155439250742567 	 19.049067122098716 	 18.89693801181086
2.1 	 0.010000000000000009 	 357.002 	 350.804 	 346.274 	 18.174579206499757 	 18.13244561552578 	 18.055255670671997 	 357.0713333333333 	 351.3713333333333 	 347.112 	 18.19244105543716 	 18.123615668207293 	 18.040494893433493
2.11 	 0.010000000000000009 	 355.74066666666664 	 349.4773333333333 	 344.8093333333333 	 18.985470222134495 	 18.84519796187406 	 18.74853717552978 	 355.78866666666664 	 350.046 	 345.68533333333335 	 19.023529418999924 	 18.874777279039172 	 18.726549376635184
2.12 	 0.010000000000000009 	 354.326 	 348.0853333333333 	 343.5013333333333 	 19.141222287687555 	 18.995737720750817 	 18.96669005270966 	 354.37466666666666 	 348.64866666666666 	 344.336 	 19.175808324263382 	 18.98588681684957 	 19.009693246692155
2.13 	 0.010000000000000009 	 350.932 	 344.858 	 340.30533333333335 	 18.505009483920833 	 18.33326219380137 	 18.23922800510543 	 351.00466666666665 	 345.432 	 341.1906666666667 	 18.47612815379769 	 18.316696645410712 	 18.241773841622116
2.14 	 0.010000000000000009 	 349.99066666666664 	 343.844 	 339.25533333333334 	 18.86262387780543 	 18.72961106554716 	 18.609159166627837 	 350.068 	 344.444 	 340.092 	 18.859322433922877 	 18.775769775608847 	 18.612456474092827
2.15 	 0.009999999999999787 	 349.84133333333335 	 343.8 	 339.1566666666667 	 19.298086905758876 	 19.128687008434916 	 19.05403165270338 	 349.88933333333335 	 344.3226666666667 	 340.01733333333334 	 19.291373362781155 	 19.130565932268937 	 19.08915135765746
2.1599999999999997 	 0.010000000000000009 	 348.57533333333333 	 342.4533333333333 	 337.8686666666667 	 18.13347709501836 	 18.045936446253553 	 17.850436546171327 	 348.65933333333334 	 343.03066666666666 	 338.77666666666664 	 18.15373091742362 	 18.086801621317377 	 17.90542158739141
2.17 	 0.010000000000000009 	 346.376 	 340.29 	 335.85 	 18.777538638845435 	 18.50298804697951 	 18.49120962331381 	 346.43466666666666 	 340.82666666666665 	 336.67266666666666 	 18.71545880341228 	 18.544270154297138 	 18.48073373964236
2.1799999999999997 	 0.010000000000000009 	 345.01733333333334 	 339.04 	 334.52133333333336 	 18.957734557577165 	 18.86668315664768 	 18.809825753815186 	 345.08133333333336 	 339.564 	 335.3793333333333 	 18.93212573613668 	 18.879280636012947 	 18.85327839454513
2.19 	 0.010000000000000009 	 344.04066666666665 	 337.91266666666667 	 333.4046666666667 	 17.826806020397733 	 17.726393867776817 	 17.577094324400974 	 344.0466666666667 	 338.454 	 334.2386666666667 	 17.893364381493182 	 17.789356855528343 	 17.590955201150642
2.1999999999999997 	 0.010000000000000009 	 343.03133333333335 	 336.99333333333334 	 332.5613333333333 	 18.954604143115787 	 18.678756798983052 	 18.5416172853275 	 343.092 	 337.528 	 333.384 	 18.92855521868129 	 18.68028950525125 	 18.547395432602748
2.21 	 0.010000000000000009 	 340.428 	 334.5373333333333 	 330.06933333333336 	 18.726758466607794 	 18.562200109062744 	 18.439573193421683 	 340.48533333333336 	 335.026 	 330.91066666666666 	 18.749020904806972 	 18.56221944344659 	 18.464200124083963
2.2199999999999998 	 0.010000000000000009 	 338.328 	 332.49266666666665 	 328.04533333333336 	 18.42810578075421 	 18.195584067447673 	 18.131205463387026 	 338.37533333333334 	 333.026 	 328.90866666666665 	 18.441650094886363 	 18.21815918252994 	 18.163709006942632
2.23 	 0.010000000000000009 	 337.3546666666667 	 331.52666666666664 	 327.24266666666665 	 19.231212777380655 	 18.98227126089558 	 18.877140838120116 	 337.4033333333333 	 332.07466666666664 	 328.0486666666667 	 19.26397299508997 	 19.000169075271117 	 18.891963852977863
2.2399999999999998 	 0.010000000000000009 	 336.094 	 330.27866666666665 	 325.99 	 18.335425565463886 	 18.102734919220232 	 18.066264140657303 	 336.12 	 330.81733333333335 	 326.764 	 18.351138021023836 	 18.194613659603277 	 18.07551670077511
2.25 	 0.010000000000000009 	 334.56666666666666 	 328.82733333333334 	 324.5 	 18.1534263677381 	 17.952646589167728 	 17.796685084588084 	 334.63533333333334 	 329.31933333333336 	 325.2986666666667 	 18.128716213663765 	 17.966970424148368 	 17.871694516438247
2.26 	 0.010000000000000009 	 333.266 	 327.418 	 323.11133333333333 	 18.395631111761293 	 18.355469920435162 	 18.197369907642027 	 333.31266666666664 	 327.9626666666667 	 323.9506666666667 	 18.383731201496854 	 18.351419733149317 	 18.227641085877117
2.27 	 0.010000000000000009 	 331.63866666666667 	 325.9053333333333 	 321.69733333333335 	 18.452247511406902 	 18.24742095627641 	 18.19869206533505 	 331.6933333333333 	 326.4293333333333 	 322.51 	 18.45746341065195 	 18.286342979271595 	 18.196169010719444
2.28 	 0.010000000000000009 	 330.2253333333333 	 324.56666666666666 	 320.322 	 18.010105262200874 	 17.78640554530966 	 17.70339843080983 	 330.29333333333335 	 325.06266666666664 	 321.092 	 18.00638652133058 	 17.79322173063539 	 17.71337167227064
2.29 	 0.010000000000000009 	 328.6413333333333 	 323.0013333333333 	 318.8433333333333 	 18.601882294243474 	 18.435726137644327 	 18.304829660198667 	 328.716 	 323.52066666666667 	 319.602 	 18.584850748212464 	 18.440071571324108 	 18.321524572662252
2.3 	 0.010000000000000009 	 327.25333333333333 	 321.55533333333335 	 317.33733333333333 	 18.10601618861041 	 18.035934636780603 	 17.89378494213998 	 327.31733333333335 	 322.034 	 318.076 	 18.13208848668263 	 18.044154473586914 	 17.92698777448868
2.31 	 0.010000000000000009 	 326.6573333333333 	 321.01533333333333 	 316.7753333333333 	 18.304532577722078 	 18.159820985412335 	 17.961538303336443 	 326.75733333333335 	 321.52933333333334 	 317.58133333333336 	 18.351052092152344 	 18.18398030013109 	 17.999797727258553
2.32 	 0.010000000000000009 	 323.4153333333333 	 317.814 	 313.6073333333333 	 18.3147708573041 	 18.204525188351752 	 18.109844824171066 	 323.4193333333333 	 318.32866666666666 	 314.42066666666665 	 18.350499345309984 	 18.183783385814465 	 18.07376661229074
2.33 	 0.010000000000000009 	 323.444 	 317.852 	 313.6413333333333 	 18.12924517641776 	 17.926649510342603 	 17.840273490678953 	 323.52733333333333 	 318.36066666666665 	 314.43266666666665 	 18.134127666425595 	 17.951116573133334 	 17.883142888081935
2.34 	 0.010000000000000009 	 321.7613333333333 	 316.24733333333336 	 312.05333333333334 	 18.44094280549548 	 18.2513056945402 	 18.26248857327196 	 321.8086666666667 	 316.7246666666667 	 312.838 	 18.450692621747894 	 18.264524582430887 	 18.26814411299991
2.35 	 0.010000000000000009 	 320.5606666666667 	 315.1193333333333 	 311.08133333333336 	 17.68056332687269 	 17.5315646636447 	 17.52453665261621 	 320.632 	 315.5833333333333 	 311.83866666666665 	 17.687865218844244 	 17.56971984852222 	 17.529574197782317
2.36 	 0.010000000000000009 	 320.23266666666666 	 314.714 	 310.6413333333333 	 18.14404951737315 	 17.976545941865474 	 17.88062335478144 	 320.294 	 315.2606666666667 	 311.37533333333334 	 18.163724764852976 	 18.019416922370773 	 17.903141015537532
2.37 	 0.010000000000000009 	 319.3666666666667 	 313.89666666666665 	 309.81733333333335 	 18.00922603062725 	 17.836834235804165 	 17.675330253083125 	 319.3933333333333 	 314.374 	 310.572 	 17.99614650109542 	 17.903727470371454 	 17.70904145721426
2.38 	 0.010000000000000009 	 318.336 	 312.84933333333333 	 308.89 	 17.67462693618548 	 17.483972647986942 	 17.329028632134385 	 318.37266666666665 	 313.34133333333335 	 309.598 	 17.665534793930114 	 17.500004520634338 	 17.34036896954618
2.39 	 0.010000000000000009 	 315.934 	 310.6446666666667 	 306.6773333333333 	 17.72832885525311 	 17.58483451411724 	 17.405436494255337 	 315.95866666666666 	 311.13733333333334 	 307.44533333333334 	 17.728911177947605 	 17.610975920967267 	 17.4555534111322
2.4 	 0.010000000000000009 	 315.75333333333333 	 310.27933333333334 	 306.21933333333334 	 18.454317170305224 	 18.283179142467414 	 18.15989793167596 	 315.82466666666664 	 310.8113333333333 	 306.93466666666666 	 18.4289787623249 	 18.31887200554542 	 18.192445269641155
2.41 	 0.010000000000000009 	 314.318 	 308.906 	 304.844 	 17.83781216031458 	 17.76467930097998 	 17.65396076427799 	 314.358 	 309.42133333333334 	 305.6166666666667 	 17.82538927111177 	 17.79426344515433 	 17.69543412547115
2.42 	 0.009999999999999787 	 313.872 	 308.384 	 304.384 	 17.953336254486704 	 17.825278230647623 	 17.761359107155435 	 313.9053333333333 	 308.93 	 305.1066666666667 	 17.923030944073666 	 17.825293826470297 	 17.785704621658624
2.4299999999999997 	 0.010000000000000009 	 312.87533333333334 	 307.5473333333333 	 303.57666666666665 	 17.885779963112842 	 17.796771979459898 	 17.56360219949832 	 312.89666666666665 	 308.05533333333335 	 304.334 	 17.867232267166866 	 17.76641789694504 	 17.638398755744998
2.44 	 0.010000000000000009 	 312.4293333333333 	 307.098 	 302.926 	 17.240524147742402 	 17.206444412874305 	 17.081740465577074 	 312.458 	 307.5586666666667 	 303.71666666666664 	 17.225066115015835 	 17.198523915990258 	 17.10178515698158
2.4499999999999997 	 0.010000000000000009 	 310.18066666666664 	 304.7633333333333 	 300.72866666666664 	 17.109179589396515 	 16.871533882713674 	 16.731857185886117 	 310.21066666666667 	 305.248 	 301.466 	 17.108855978378244 	 16.912357296761837 	 16.74111238836894
2.46 	 0.010000000000000009 	 308.57 	 303.296 	 299.32933333333335 	 17.491705653442338 	 17.374206475884492 	 17.297385338702366 	 308.62266666666665 	 303.7966666666667 	 300.068 	 17.49267331071942 	 17.40082341602131 	 17.301388460660224
2.4699999999999998 	 0.010000000000000009 	 307.61133333333333 	 302.24066666666664 	 298.27933333333334 	 17.557987875101812 	 17.299404986556297 	 17.218671248257095 	 307.66266666666667 	 302.764 	 299.006 	 17.557321537055575 	 17.327520615098592 	 17.221400368920836
2.48 	 0.010000000000000009 	 308.422 	 303.036 	 299.12266666666665 	 17.47477942636187 	 17.313001973468765 	 17.202818167058815 	 308.46866666666665 	 303.538 	 299.8426666666667 	 17.497381277081306 	 17.34955972544164 	 17.26049186887661
2.4899999999999998 	 0.010000000000000009 	 304.936 	 299.622 	 295.66266666666667 	 17.720381034278013 	 17.51632902941329 	 17.43172030778629 	 304.9993333333333 	 300.10333333333335 	 296.35 	 17.754792767650716 	 17.507007803226173 	 17.43550496353155
2.5 	 0.010000000000000009 	 305.73133333333334 	 300.4526666666667 	 296.4646666666667 	 17.27878713593315 	 17.169151392994227 	 17.082995977156802 	 305.788 	 300.92066666666665 	 297.2006666666667 	 17.28117634884848 	 17.1599448199061 	 17.101200724575516
2.51 	 0.010000000000000009 	 303.934 	 298.7273333333333 	 294.77933333333334 	 17.139281704124397 	 16.971181049715494 	 16.86843125156838 	 303.9766666666667 	 299.18733333333336 	 295.518 	 17.1756452248202 	 16.990592678172106 	 16.88199265489711
2.52 	 0.010000000000000009 	 303.234 	 297.86533333333335 	 293.97133333333335 	 17.574884845521275 	 17.433125505453372 	 17.29176619730391 	 303.288 	 298.34066666666666 	 294.682 	 17.57262234272392 	 17.47499011603599 	 17.325882642259046
2.53 	 0.010000000000000009 	 300.43733333333336 	 295.1933333333333 	 291.27666666666664 	 17.527295081925473 	 17.40068836441695 	 17.201088789828265 	 300.54066666666665 	 295.66066666666666 	 292.008 	 17.490197622922643 	 17.427531462857523 	 17.25881231912169
2.54 	 0.010000000000000009 	 300.806 	 295.718 	 291.818 	 17.19597910365482 	 17.05132866768257 	 16.93858148330806 	 300.8453333333333 	 296.1893333333333 	 292.55733333333336 	 17.183017145490552 	 17.087114625419417 	 16.955865638638315
2.55 	 0.010000000000000009 	 301.272 	 296.0926666666667 	 292.13866666666667 	 17.992461828962334 	 17.929382204142513 	 17.79155525023662 	 301.31 	 296.5566666666667 	 292.89866666666666 	 17.97633351567184 	 17.902182051979647 	 17.828153715090323
2.56 	 0.010000000000000009 	 300.74733333333336 	 295.55133333333333 	 291.656 	 17.36170574057233 	 17.28380836377086 	 17.16105078367872 	 300.77666666666664 	 295.9533333333333 	 292.37266666666665 	 17.337015954950903 	 17.268984400427904 	 17.251138693495633
2.57 	 0.010000000000000009 	 301.028 	 295.83 	 291.97333333333336 	 17.496948762570003 	 17.376222259167843 	 17.29109468933519 	 301.0966666666667 	 296.3686666666667 	 292.65866666666665 	 17.487576224915284 	 17.384995970344338 	 17.312793676610628
2.58 	 0.010000000000000009 	 300.46733333333333 	 295.3 	 291.48 	 17.106283432963718 	 16.932709962279123 	 16.865633696959033 	 300.50666666666666 	 295.73066666666665 	 292.25333333333333 	 17.1425967175986 	 16.941609316184287 	 16.911016790509343
2.59 	 0.010000000000000009 	 300.6653333333333 	 295.5233333333333 	 291.72933333333333 	 17.52936578684149 	 17.30730449518032 	 17.129547752997514 	 300.7246666666667 	 295.974 	 292.44266666666664 	 17.582212362372246 	 17.31361672210633 	 17.157312713696033
2.6 	 0.010000000000000009 	 299.5713333333333 	 294.47133333333335 	 290.62533333333334 	 16.977894791627012 	 16.851266368502465 	 16.73462353591765 	 299.62533333333334 	 294.958 	 291.3473333333333 	 16.946532336210325 	 16.848073163817084 	 16.757606021014922
2.61 	 0.010000000000000009 	 299.4633333333333 	 294.3686666666667 	 290.6066666666667 	 17.070500545938565 	 16.974355703694783 	 16.83024922242356 	 299.49666666666667 	 294.8106666666667 	 291.32466666666664 	 17.046348256705564 	 16.972492045136512 	 16.886777615111246
2.62 	 0.010000000000000009 	 300.484 	 295.35 	 291.48333333333335 	 17.563154917800695 	 17.42976859666626 	 17.284570833228372 	 300.54133333333334 	 295.82933333333335 	 292.24466666666666 	 17.557646716522754 	 17.445425557689582 	 17.3254958049947
2.63 	 0.010000000000000009 	 299.15066666666667 	 293.9533333333333 	 290.0253333333333 	 17.128299182606803 	 16.86101486335334 	 16.74469144402355 	 299.16066666666666 	 294.4393333333333 	 290.7966666666667 	 17.097880557412825 	 16.870871926357438 	 16.773570149361632
2.64 	 0.010000000000000009 	 299.164 	 293.97866666666664 	 290.0946666666667 	 17.78084467434923 	 17.574817539751457 	 17.451123313096176 	 299.214 	 294.412 	 290.78933333333333 	 17.799631194681158 	 17.60260177738886 	 17.49387377213965
2.65 	 0.010000000000000009 	 299.30533333333335 	 294.23066666666665 	 290.3826666666667 	 17.408583272499676 	 17.171064601694198 	 17.08875554925584 	 299.35333333333335 	 294.6433333333333 	 291.11533333333335 	 17.389857835978866 	 17.195661920638265 	 17.110017481645723
2.66 	 0.010000000000000009 	 298.738 	 293.658 	 289.864 	 17.196201789930242 	 17.079023274180525 	 16.99325858490164 	 298.798 	 294.1406666666667 	 290.5833333333333 	 17.191699431217767 	 17.120617577126776 	 17.015220310716586
2.67 	 0.009999999999999787 	 298.51666666666665 	 293.3953333333333 	 289.47866666666664 	 17.642346467771482 	 17.49709627973231 	 17.37734765594438 	 298.55533333333335 	 293.8426666666667 	 290.182 	 17.656507909424093 	 17.487040331501372 	 17.40178753270288
2.6799999999999997 	 0.010000000000000009 	 297.312 	 292.26733333333334 	 288.45733333333334 	 17.124056840207775 	 16.955938966103357 	 16.73264811346037 	 297.34 	 292.7366666666667 	 289.1813333333333 	 17.15265965771295 	 16.94561857498536 	 16.753918493561105
2.69 	 0.010000000000000009 	 297.38933333333335 	 292.32933333333335 	 288.5853333333333 	 17.510047198362685 	 17.357636347024776 	 17.22509946431531 	 297.452 	 292.80733333333336 	 289.2613333333333 	 17.492618328883758 	 17.351912850044965 	 17.263247228980095
2.6999999999999997 	 0.010000000000000009 	 297.8226666666667 	 292.75733333333335 	 288.94533333333334 	 17.414148066698207 	 17.313533614552007 	 17.21920473063595 	 297.8333333333333 	 293.22 	 289.6653333333333 	 17.415095622923108 	 17.296770411457356 	 17.216232598593948
2.71 	 0.010000000000000009 	 297.19533333333334 	 292.134 	 288.354 	 16.857832350440418 	 16.67745116417174 	 16.505413778515216 	 297.23466666666667 	 292.57533333333333 	 289.05733333333336 	 16.823542974719157 	 16.65065538916979 	 16.50735329751226
2.7199999999999998 	 0.010000000000000009 	 296.254 	 291.278 	 287.554 	 17.09748960130307 	 16.917191926163948 	 16.712123862633376 	 296.30533333333335 	 291.72866666666664 	 288.23333333333335 	 17.093081589409856 	 16.92360417352705 	 16.754269770883944
2.73 	 0.010000000000000009 	 293.25266666666664 	 288.28866666666664 	 284.556 	 17.496537549533116 	 17.330204986926404 	 17.242936640839343 	 293.2853333333333 	 288.74533333333335 	 285.25666666666666 	 17.522782833278 	 17.331949637078406 	 17.23666988976957
2.7399999999999998 	 0.010000000000000009 	 291.18066666666664 	 286.26533333333333 	 282.61533333333335 	 17.22029886177615 	 16.971199080271916 	 16.93711993095507 	 291.22866666666664 	 286.67533333333336 	 283.24 	 17.211441298030667 	 16.996566071481094 	 16.887383851068627
2.75 	 0.010000000000000009 	 287.70533333333333 	 282.816 	 279.1553333333333 	 17.141018198721127 	 17.079953473785185 	 16.97925807828154 	 287.774 	 283.25666666666666 	 279.81 	 17.12690643402947 	 17.05532533322722 	 16.93707668597703
2.76 	 0.010000000000000009 	 285.3453333333333 	 280.484 	 276.79533333333336 	 17.066441092259264 	 16.9465948595384 	 16.85372693369498 	 285.41266666666667 	 280.9053333333333 	 277.46733333333333 	 17.05879165969527 	 16.94277736644405 	 16.888287841644047
2.77 	 0.010000000000000009 	 282.144 	 277.286 	 273.6813333333333 	 16.147422828426834 	 15.978074685852068 	 15.934274951255931 	 282.16066666666666 	 277.716 	 274.34 	 16.140513815310285 	 15.995978994734894 	 15.948053172722995
2.78 	 0.010000000000000009 	 280.1173333333333 	 275.33133333333336 	 271.712 	 16.711699481368 	 16.46568810857563 	 16.35994262418627 	 280.15933333333334 	 275.762 	 272.3546666666667 	 16.685820713674495 	 16.479401971349972 	 16.399986124655378
2.79 	 0.010000000000000009 	 276.968 	 272.296 	 268.76 	 16.61149128364659 	 16.543167290455596 	 16.4304514038213 	 277.00733333333335 	 272.71933333333334 	 269.40866666666665 	 16.643255277205302 	 16.53325616917477 	 16.453256766434485
2.8 	 0.010000000000000009 	 274.884 	 270.12266666666665 	 266.57 	 16.41669507950164 	 16.382906322003905 	 16.248356840000774 	 274.9033333333333 	 270.52866666666665 	 267.2386666666667 	 16.38411798731388 	 16.374691189624173 	 16.25194464945315
2.81 	 0.010000000000000009 	 270.62333333333333 	 266.03133333333335 	 262.496 	 16.49549803902736 	 16.305286000421933 	 16.183592019902957 	 270.66333333333336 	 266.42066666666665 	 263.1813333333333 	 16.50105013493249 	 16.308843395191726 	 16.20305891559437
2.82 	 0.010000000000000009 	 268.9053333333333 	 264.316 	 260.87466666666666 	 16.35095425010078 	 16.07018390270213 	 15.955572429579439 	 268.98333333333335 	 264.748 	 261.5 	 16.36521887690137 	 16.136888258479907 	 16.03190568834535
2.83 	 0.010000000000000009 	 265.08866666666665 	 260.484 	 257.07733333333334 	 15.936189576627854 	 15.861538723171426 	 15.78748511391926 	 265.11466666666666 	 260.9033333333333 	 257.64933333333335 	 15.962754092643982 	 15.878223732171332 	 15.781794349467646
2.84 	 0.010000000000000009 	 263.454 	 259.014 	 255.64133333333334 	 15.834557693012247 	 15.73388500445244 	 15.5907031556915 	 263.49666666666667 	 259.40133333333335 	 256.22933333333333 	 15.833908410609034 	 15.738369194071183 	 15.655310266984667
2.85 	 0.010000000000000009 	 260.588 	 256.11466666666666 	 252.73933333333332 	 16.100960302623776 	 15.97323338866896 	 15.837025801021548 	 260.63733333333334 	 256.49 	 253.34466666666665 	 16.09220741711825 	 15.980088652236361 	 15.858053838840236
2.86 	 0.010000000000000009 	 257.7146666666667 	 253.28133333333332 	 249.96 	 16.231653794018925 	 16.01705918353581 	 15.910156085553236 	 257.7373333333333 	 253.678 	 250.54133333333334 	 16.19869355500279 	 16.03021052055566 	 15.914237594752136
2.87 	 0.010000000000000009 	 254.762 	 250.418 	 247.09 	 16.096956938088226 	 16.01842509944928 	 15.88539895627428 	 254.81133333333332 	 250.81 	 247.704 	 16.11677402239322 	 16.03215207013706 	 15.903303136979646
2.88 	 0.010000000000000009 	 251.96733333333333 	 247.686 	 244.454 	 16.26860779401715 	 16.161045881996625 	 16.032047613036415 	 251.98066666666668 	 248.07666666666665 	 245.07 	 16.25477241373198 	 16.179332152128186 	 16.032459782162768
2.89 	 0.010000000000000009 	 249.03 	 244.72866666666667 	 241.484 	 15.571504958309799 	 15.392304729600726 	 15.248751118261017 	 249.1 	 245.09066666666666 	 242.06933333333333 	 15.594122824534463 	 15.400036132713744 	 15.291539912281198
2.9 	 0.010000000000000009 	 245.83733333333333 	 241.64666666666668 	 238.436 	 16.20868716323304 	 16.097261326766805 	 15.89701976262637 	 245.898 	 241.99266666666668 	 239.048 	 16.191878499214763 	 16.089767334827712 	 15.94073490568529
2.91 	 0.010000000000000009 	 243.132 	 238.87866666666667 	 235.73733333333334 	 16.035499451737284 	 15.973434557275262 	 15.872250614060867 	 243.19733333333335 	 239.276 	 236.302 	 16.045302310091333 	 15.978688640394326 	 15.871445932869507
2.92 	 0.009999999999999787 	 239.79733333333334 	 235.65266666666668 	 232.47666666666666 	 15.764525351419737 	 15.563333818804875 	 15.457213706084145 	 239.84533333333334 	 236.04333333333332 	 233.05133333333333 	 15.761220708505489 	 15.61503940294598 	 15.435047723354216
2.9299999999999997 	 0.010000000000000009 	 237.52666666666667 	 233.346 	 230.268 	 14.977893339481655 	 14.889491283004489 	 14.74675702202578 	 237.582 	 233.70133333333334 	 230.81066666666666 	 14.97729201157539 	 14.850099827573176 	 14.791399062368045
2.94 	 0.010000000000000009 	 234.68266666666668 	 230.64533333333333 	 227.606 	 15.763606806678336 	 15.646454706702375 	 15.529974157523037 	 234.722 	 231.02266666666668 	 228.13866666666667 	 15.759464330998055 	 15.659740937264008 	 15.500734548903015
2.9499999999999997 	 0.010000000000000009 	 231.974 	 227.94466666666668 	 224.88266666666667 	 15.483582402015369 	 15.237506518091761 	 15.1711425483456 	 232.022 	 228.306 	 225.46933333333334 	 15.47527649726061 	 15.233877729149157 	 15.151272539148504
2.96 	 0.010000000000000009 	 228.99533333333332 	 224.91 	 221.92266666666666 	 15.004820721651054 	 14.90093621219821 	 14.821179200350048 	 229.038 	 225.29 	 222.49733333333333 	 15.009837529655897 	 14.889567936422244 	 14.840776918866329
2.9699999999999998 	 0.010000000000000009 	 226.62066666666666 	 222.60533333333333 	 219.69666666666666 	 14.335484164206742 	 14.155290114378518 	 14.118899469229968 	 226.67266666666666 	 223.00666666666666 	 220.22866666666667 	 14.348386188774759 	 14.193752929448301 	 14.10504796951156
2.98 	 0.010000000000000009 	 223.104 	 219.22266666666667 	 216.20466666666667 	 14.623036073264675 	 14.5018994005 	 14.358555343611542 	 223.14733333333334 	 219.56933333333333 	 216.73866666666666 	 14.606812094209863 	 14.494545855443542 	 14.390356894655376
2.9899999999999998 	 0.010000000000000009 	 221.03933333333333 	 217.14933333333335 	 214.308 	 15.380175103756857 	 15.170641589010737 	 15.157433907712303 	 221.07866666666666 	 217.5 	 214.79066666666668 	 15.400318553703867 	 15.203398742825017 	 15.114237643875908
3.0 	 0.010000000000000009 	 217.87866666666667 	 213.94533333333334 	 211.054 	 14.92706529168484 	 14.823708877635477 	 14.727720484401742 	 217.91133333333335 	 214.32933333333332 	 211.61266666666666 	 14.916773720286242 	 14.817001705998267 	 14.710675473576627
3.01 	 0.010000000000000009 	 215.11666666666667 	 211.28533333333334 	 208.39266666666666 	 14.24477877056089 	 14.107489200972495 	 13.97821446235375 	 215.152 	 211.61733333333333 	 208.95333333333335 	 14.250785802895223 	 14.126342988269196 	 14.001017423347808
3.02 	 0.010000000000000009 	 211.67333333333335 	 207.93933333333334 	 205.084 	 14.520788163487852 	 14.366662320184957 	 14.237542297274016 	 211.706 	 208.24466666666666 	 205.65133333333333 	 14.55218989247552 	 14.376165630035786 	 14.288938550112423
3.03 	 0.010000000000000009 	 210.25066666666666 	 206.60066666666665 	 203.868 	 14.622306004488104 	 14.496109807653761 	 14.402820649673684 	 210.298 	 206.94533333333334 	 204.378 	 14.598397035291237 	 14.522201792045475 	 14.401450713961655
3.04 	 0.010000000000000009 	 209.2 	 205.51266666666666 	 202.81266666666667 	 14.22031410811074 	 14.10472165230101 	 14.004484027942224 	 209.21066666666667 	 205.82866666666666 	 203.30666666666667 	 14.225128689126937 	 14.116301860693623 	 13.962782276068365
3.05 	 0.010000000000000009 	 208.18733333333333 	 204.58 	 201.828 	 13.669097978855648 	 13.555500728486571 	 13.504064178362501 	 208.22933333333333 	 204.89933333333335 	 202.346 	 13.697472013315288 	 13.597789019624557 	 13.515902386941589
3.06 	 0.010000000000000009 	 207.58133333333333 	 203.94466666666668 	 201.20733333333334 	 14.664994086448026 	 14.57830368123199 	 14.503161019431438 	 207.584 	 204.30266666666665 	 201.68733333333333 	 14.663478805067598 	 14.586628336329895 	 14.530069037076947
3.07 	 0.010000000000000009 	 206.46066666666667 	 202.84466666666665 	 200.13 	 14.759599798850314 	 14.70040378886089 	 14.623489095743647 	 206.50066666666666 	 203.18333333333334 	 200.63066666666666 	 14.726733046477833 	 14.701895191512632 	 14.64625980317918
3.08 	 0.010000000000000009 	 205.04133333333334 	 201.47666666666666 	 198.82333333333332 	 14.380112130609026 	 14.254313577144133 	 14.121430129023366 	 205.07933333333332 	 201.79266666666666 	 199.32733333333334 	 14.36494713607475 	 14.268438815169032 	 14.138464776001042
3.09 	 0.010000000000000009 	 203.25533333333334 	 199.71133333333333 	 197.05066666666667 	 14.40539730641108 	 14.263566812765388 	 14.19742111167455 	 203.262 	 200.04466666666667 	 197.546 	 14.417628885037464 	 14.317728109662589 	 14.22701247627203
3.1 	 0.010000000000000009 	 201.558 	 198.022 	 195.43333333333334 	 13.956837129760693 	 13.787053685734792 	 13.705335538476326 	 201.58466666666666 	 198.37466666666666 	 195.92066666666668 	 13.953786758041307 	 13.79510631427762 	 13.73476269260675
3.11 	 0.010000000000000009 	 200.41333333333333 	 196.84066666666666 	 194.26066666666668 	 14.184680312067508 	 14.149886202918932 	 14.034744489618928 	 200.436 	 197.176 	 194.73066666666668 	 14.17920674791083 	 14.150183414594549 	 14.075112535567483
3.12 	 0.010000000000000009 	 199.62733333333333 	 196.14666666666668 	 193.60533333333333 	 13.634971686398504 	 13.467336616998757 	 13.420192679524224 	 199.65266666666668 	 196.44266666666667 	 194.086 	 13.649665181078822 	 13.491776985342671 	 13.402186538024308
3.13 	 0.010000000000000009 	 198.306 	 194.86 	 192.34266666666667 	 14.081111367123453 	 13.928737679105502 	 13.853804996782975 	 198.33266666666665 	 195.17666666666668 	 192.78733333333332 	 14.075723766668467 	 13.9275789552799 	 13.850226456231281
3.14 	 0.010000000000000009 	 196.53466666666668 	 193.12133333333333 	 190.542 	 13.935211930772907 	 13.81274574039821 	 13.737014571344579 	 196.57266666666666 	 193.43266666666668 	 191.00466666666668 	 13.93927495324711 	 13.807442421470467 	 13.759723043078383
3.15 	 0.010000000000000009 	 195.53533333333334 	 192.12333333333333 	 189.63866666666667 	 13.873166601593004 	 13.750252926966674 	 13.635838987348338 	 195.56266666666667 	 192.43066666666667 	 190.094 	 13.884406345089284 	 13.770107463471573 	 13.677761658984997
3.16 	 0.010000000000000009 	 194.576 	 191.19733333333335 	 188.75866666666667 	 13.66392661963122 	 13.4300555802606 	 13.351570128224203 	 194.64533333333333 	 191.534 	 189.17866666666666 	 13.66517025954021 	 13.483898199951922 	 13.3426663335665
3.17 	 0.010000000000000009 	 193.63266666666667 	 190.29066666666668 	 187.78933333333333 	 14.223093881274762 	 14.138818181006345 	 14.08425667979046 	 193.67666666666668 	 190.62866666666667 	 188.278 	 14.245705395740227 	 14.163572226744996 	 14.100190873412554
3.18 	 0.010000000000000009 	 191.57066666666665 	 188.286 	 185.83666666666667 	 13.56042057689297 	 13.45070768894088 	 13.36385631303912 	 191.60666666666665 	 188.60333333333332 	 186.322 	 13.555710563776762 	 13.484039536512128 	 13.371897746144088
3.19 	 0.009999999999999787 	 191.26533333333333 	 187.99666666666667 	 185.59733333333332 	 13.18171454031008 	 13.041701916885268 	 12.951622532417405 	 191.288 	 188.30066666666667 	 186.02533333333332 	 13.176888454158416 	 13.057243183595668 	 12.975182396491475
3.1999999999999997 	 0.010000000000000009 	 189.128 	 185.902 	 183.522 	 13.451776190030321 	 13.298485978987733 	 13.21176934908165 	 189.15 	 186.16933333333333 	 183.93466666666666 	 13.449194523588888 	 13.301904358232154 	 13.263775162281497
3.21 	 0.010000000000000009 	 188.51666666666668 	 185.32 	 182.89533333333333 	 13.714775082208078 	 13.589221218794451 	 13.518396535421235 	 188.56533333333334 	 185.62266666666667 	 183.33733333333333 	 13.738330741234742 	 13.633694273950681 	 13.51900660387277
3.2199999999999998 	 0.010000000000000009 	 187.69066666666666 	 184.508 	 182.14533333333333 	 13.645865535839866 	 13.455975227880486 	 13.380242083842214 	 187.71866666666668 	 184.79533333333333 	 182.57066666666665 	 13.677896459454415 	 13.426892599886575 	 13.360476771266644
3.23 	 0.010000000000000009 	 185.812 	 182.58066666666667 	 180.28733333333332 	 14.055342614109412 	 13.971190341397385 	 13.85898407371751 	 185.83266666666665 	 182.87466666666666 	 180.75266666666667 	 14.05652871642055 	 13.968737412124579 	 13.869660878654852
3.2399999999999998 	 0.010000000000000009 	 184.47866666666667 	 181.35 	 179.044 	 13.272485758976057 	 13.10082058498627 	 13.016120671434072 	 184.49466666666666 	 181.622 	 179.44733333333335 	 13.271899068667185 	 13.107979096718152 	 13.022207681068863
3.25 	 0.010000000000000009 	 183.166 	 180.03 	 177.64333333333335 	 13.326506568989988 	 13.149186286611046 	 13.10364283531704 	 183.19133333333335 	 180.316 	 178.05933333333334 	 13.329418275211996 	 13.200611500987367 	 13.142443185682367
3.26 	 0.010000000000000009 	 182.23466666666667 	 179.14 	 176.82666666666665 	 13.5672005791746 	 13.47765063602209 	 13.405196339065268 	 182.27533333333332 	 179.40133333333333 	 177.25266666666667 	 13.570735360407784 	 13.462996133435116 	 13.40843613385079
3.27 	 0.010000000000000009 	 181.21 	 178.19266666666667 	 175.866 	 13.59040960874003 	 13.467276867363433 	 13.345113113046288 	 181.27066666666667 	 178.466 	 176.326 	 13.591421542853992 	 13.461631055212688 	 13.37234923265168
3.28 	 0.010000000000000009 	 180.07466666666667 	 176.96933333333334 	 174.778 	 13.069752288734813 	 12.960107749895018 	 12.873411202940733 	 180.096 	 177.26866666666666 	 175.16933333333333 	 13.070735148924612 	 12.952238605310239 	 12.892555715950536
3.29 	 0.010000000000000009 	 179.55466666666666 	 176.58533333333332 	 174.354 	 13.35101787214077 	 13.185600159096117 	 13.063257021126088 	 179.584 	 176.87333333333333 	 174.75333333333333 	 13.352563199625754 	 13.194290010792127 	 13.07314635256393
3.3 	 0.010000000000000009 	 177.94933333333333 	 174.97533333333334 	 172.696 	 13.447382628435749 	 13.388006755633524 	 13.329050378777927 	 177.99866666666668 	 175.222 	 173.11066666666667 	 13.424902168068943 	 13.397290124001445 	 13.320601321094914
3.31 	 0.010000000000000009 	 176.71533333333332 	 173.704 	 171.41933333333333 	 13.039259880155093 	 12.926834518422005 	 12.882578399614815 	 176.75666666666666 	 173.95666666666668 	 171.82266666666666 	 13.045412561084026 	 12.920015049870836 	 12.867344438107223
3.32 	 0.010000000000000009 	 175.716 	 172.77 	 170.56333333333333 	 13.421103183668125 	 13.345452408966883 	 13.266674623113191 	 175.74933333333334 	 173.04333333333332 	 170.97866666666667 	 13.442910134672807 	 13.335021143173673 	 13.282502709287215
3.33 	 0.010000000000000009 	 174.32 	 171.37933333333334 	 169.20466666666667 	 12.527260940311999 	 12.39777290035952 	 12.350712997861926 	 174.36866666666666 	 171.62133333333333 	 169.582 	 12.504962410534821 	 12.415176662277325 	 12.365029020049514
3.34 	 0.010000000000000009 	 173.53866666666667 	 170.70333333333335 	 168.54533333333333 	 13.075543515365709 	 13.011302351758985 	 12.860065249532065 	 173.57466666666667 	 170.98266666666666 	 168.93666666666667 	 13.080281274583594 	 13.023044941777464 	 12.891573044262502
3.35 	 0.010000000000000009 	 172.48666666666668 	 169.522 	 167.38333333333333 	 12.982879324539512 	 12.858208117774419 	 12.799129744721796 	 172.506 	 169.778 	 167.75533333333334 	 13.00412616569577 	 12.907958113763256 	 12.808778430782887
3.36 	 0.010000000000000009 	 170.92533333333333 	 168.04 	 165.86666666666667 	 13.06643632450035 	 12.85476824632271 	 12.780384275217322 	 170.95866666666666 	 168.28533333333334 	 166.23066666666668 	 13.06586997571238 	 12.884302524993565 	 12.777693827743548
3.37 	 0.010000000000000009 	 169.83933333333334 	 166.94 	 164.896 	 12.950271022474995 	 12.826862437868428 	 12.685418821097972 	 169.86533333333333 	 167.22333333333333 	 165.29133333333334 	 12.945701920800671 	 12.847468838473809 	 12.719792643313369
3.38 	 0.010000000000000009 	 168.01333333333332 	 165.17533333333333 	 163.14533333333333 	 12.699284319292257 	 12.607904592842628 	 12.543001164881643 	 168.048 	 165.43933333333334 	 163.50933333333333 	 12.702297534960621 	 12.612096820997778 	 12.55581855378436
3.39 	 0.010000000000000009 	 167.716 	 164.84866666666667 	 162.80066666666667 	 13.152870814642204 	 13.099380324614172 	 13.06229687136055 	 167.734 	 165.10666666666665 	 163.17333333333335 	 13.16122755166351 	 13.103611037504976 	 13.087626047360748
3.4 	 0.010000000000000009 	 165.67466666666667 	 162.84733333333332 	 160.75933333333333 	 12.91828774343652 	 12.898993225140567 	 12.835942228324685 	 165.72533333333334 	 163.10133333333334 	 161.12 	 12.93240986393831 	 12.916103574823003 	 12.8145334158785
3.41 	 0.010000000000000009 	 165.62066666666666 	 162.91333333333333 	 160.852 	 12.986792247852774 	 12.85770153988997 	 12.759653704809807 	 165.65733333333333 	 163.17266666666666 	 161.24333333333334 	 12.991121823084494 	 12.872458437385697 	 12.782440646797031
3.42 	 0.010000000000000009 	 164.644 	 161.92266666666666 	 159.87066666666666 	 12.407629265899267 	 12.290457798181842 	 12.242464602993776 	 164.67266666666666 	 162.17466666666667 	 160.212 	 12.410701815592684 	 12.298136371915144 	 12.281600981413892
3.43 	 0.010000000000000009 	 164.22266666666667 	 161.482 	 159.48066666666668 	 12.552493227332258 	 12.407968246252082 	 12.3526633925194 	 164.228 	 161.71066666666667 	 159.83866666666665 	 12.542089778023437 	 12.44953625196091 	 12.380494264051908
3.44 	 0.009999999999999787 	 163.204 	 160.47333333333333 	 158.42333333333335 	 13.153087749016704 	 13.06057511069946 	 12.993798093278535 	 163.22466666666668 	 160.738 	 158.81266666666667 	 13.141874227910654 	 13.047657107695619 	 13.00862173927567
3.4499999999999997 	 0.010000000000000009 	 162.45333333333335 	 159.72933333333333 	 157.67666666666668 	 12.580136017635986 	 12.446474985133564 	 12.350875362589578 	 162.48733333333334 	 159.996 	 158.07866666666666 	 12.5841900635502 	 12.453753811602347 	 12.34160220104703
3.46 	 0.010000000000000009 	 161.64866666666666 	 159.00133333333332 	 156.99933333333334 	 12.610256337160196 	 12.468894560287032 	 12.441034237107818 	 161.67933333333335 	 159.246 	 157.35466666666667 	 12.60753106502441 	 12.48546424180268 	 12.446293084913096
3.4699999999999998 	 0.010000000000000009 	 159.91733333333335 	 157.23333333333332 	 155.23933333333332 	 12.771106695279865 	 12.692526234844749 	 12.59807073413315 	 159.95266666666666 	 157.50533333333334 	 155.59533333333334 	 12.730635997030506 	 12.71841073230282 	 12.58123913699371
3.48 	 0.010000000000000009 	 159.46733333333333 	 156.822 	 154.754 	 12.652678223294158 	 12.515203394272104 	 12.443210357460007 	 159.49733333333333 	 157.06466666666665 	 155.13133333333334 	 12.657303276062489 	 12.515236775848694 	 12.439697942027728
3.4899999999999998 	 0.010000000000000009 	 158.96133333333333 	 156.36066666666667 	 154.40066666666667 	 12.655374545578999 	 12.57743692313961 	 12.533640049438507 	 159.01066666666668 	 156.63466666666667 	 154.78333333333333 	 12.664591830067886 	 12.628005842394735 	 12.565258541797785
3.5 	 0.010000000000000009 	 157.97733333333332 	 155.388 	 153.478 	 12.51120109697262 	 12.47071727421215 	 12.408176712689633 	 158.01866666666666 	 155.61466666666666 	 153.85666666666665 	 12.522552384487048 	 12.497127065405428 	 12.415103257278567
3.51 	 0.010000000000000009 	 158.138 	 155.546 	 153.592 	 12.890679682106242 	 12.836505910877772 	 12.753308172130607 	 158.14733333333334 	 155.75666666666666 	 153.96333333333334 	 12.912434300144785 	 12.841915312323504 	 12.768424161013588
3.52 	 0.010000000000000009 	 157.43 	 154.79866666666666 	 152.848 	 12.384497029216273 	 12.282594658929177 	 12.247594158309896 	 157.45733333333334 	 155.03666666666666 	 153.22 	 12.388281272593423 	 12.306501894888283 	 12.264458134517534
3.53 	 0.010000000000000009 	 157.236 	 154.66666666666666 	 152.70533333333333 	 12.97809580280045 	 12.852946052256744 	 12.761237069953507 	 157.25 	 154.88533333333334 	 153.04933333333332 	 12.975290619738221 	 12.833972555508897 	 12.77728060095557
3.54 	 0.010000000000000009 	 156.52866666666668 	 153.93333333333334 	 151.99133333333333 	 12.566881536624571 	 12.47181711789514 	 12.353484996370682 	 156.57266666666666 	 154.158 	 152.38133333333334 	 12.560654954614783 	 12.4753504693589 	 12.380519034174437
3.55 	 0.010000000000000009 	 156.08733333333333 	 153.49666666666667 	 151.56866666666667 	 12.550260537357603 	 12.460470385271265 	 12.404835813325201 	 156.10533333333333 	 153.72466666666668 	 151.94933333333333 	 12.551105059803389 	 12.46256494020749 	 12.404196852499382
3.56 	 0.010000000000000009 	 156.64733333333334 	 154.09733333333332 	 152.156 	 12.27975133660649 	 12.176748042432713 	 12.07950043117126 	 156.67066666666668 	 154.34133333333332 	 152.52133333333333 	 12.29111628598296 	 12.173940401073471 	 12.119689691663817
3.57 	 0.010000000000000009 	 156.286 	 153.76333333333332 	 151.83466666666666 	 12.64205431618348 	 12.516735019786731 	 12.431116799744458 	 156.328 	 153.98333333333332 	 152.202 	 12.656398223823395 	 12.55310275943318 	 12.436607093576608
3.58 	 0.010000000000000009 	 155.34 	 152.82266666666666 	 150.96533333333332 	 12.781773481537424 	 12.704246779019298 	 12.707902982877316 	 155.37 	 153.04666666666665 	 151.26666666666668 	 12.778931880247269 	 12.704191784166708 	 12.677679423126124
3.59 	 0.010000000000000009 	 154.65466666666666 	 152.10466666666667 	 150.14333333333335 	 12.804195076440985 	 12.697993734794835 	 12.577232958361266 	 154.67533333333333 	 152.34533333333334 	 150.51133333333334 	 12.80043976675107 	 12.744544383992531 	 12.582813870072501
3.6 	 0.010000000000000009 	 154.88266666666667 	 152.33466666666666 	 150.44666666666666 	 12.052588915065325 	 11.918836557688376 	 11.811879143002136 	 154.89466666666667 	 152.54133333333334 	 150.802 	 12.035485236951974 	 11.922875417541785 	 11.820890942169573
3.61 	 0.010000000000000009 	 154.982 	 152.49266666666668 	 150.59666666666666 	 11.789784108851753 	 11.638926620994262 	 11.584155366514882 	 155.01666666666668 	 152.748 	 150.952 	 11.810463816275615 	 11.679119373194768 	 11.607082435593652
3.62 	 0.010000000000000009 	 153.98333333333332 	 151.38066666666666 	 149.54733333333334 	 12.358009098915927 	 12.269247174224759 	 12.179535824032413 	 154.01666666666668 	 151.64133333333334 	 149.874 	 12.342354808634463 	 12.278790313200872 	 12.202818963938894
3.63 	 0.010000000000000009 	 153.83133333333333 	 151.282 	 149.408 	 12.259372668379985 	 12.18024942273351 	 12.084599124505537 	 153.87933333333334 	 151.51866666666666 	 149.75933333333333 	 12.260863464246263 	 12.15961834196379 	 12.100306313845484
3.64 	 0.010000000000000009 	 153.22533333333334 	 150.728 	 148.83 	 12.406391829304047 	 12.29398291848496 	 12.222756099451002 	 153.24466666666666 	 150.95133333333334 	 149.16333333333333 	 12.394923889327528 	 12.319454731800791 	 12.240887313517032
3.65 	 0.010000000000000009 	 153.16266666666667 	 150.69933333333333 	 148.75466666666668 	 12.293746630796578 	 12.252221549126872 	 12.196057213524195 	 153.20066666666668 	 150.92 	 149.12533333333334 	 12.284423723651924 	 12.252412007437558 	 12.227467367456853
3.66 	 0.010000000000000009 	 152.74666666666667 	 150.18 	 148.29066666666668 	 12.772880994078387 	 12.684830835818559 	 12.641235945200226 	 152.77333333333334 	 150.40466666666666 	 148.68733333333333 	 12.768579491165893 	 12.680624783065262 	 12.643954005329539
3.67 	 0.010000000000000009 	 153.12066666666666 	 150.64 	 148.76133333333334 	 12.550940451704095 	 12.42238839085839 	 12.33419521312824 	 153.15 	 150.864 	 149.10466666666667 	 12.554819791617879 	 12.441389418656852 	 12.350399921549998
3.68 	 0.010000000000000009 	 152.804 	 150.27333333333334 	 148.394 	 12.503342912997308 	 12.373679952041574 	 12.29596535453805 	 152.836 	 150.48466666666667 	 148.73933333333332 	 12.522184473964598 	 12.386676910652383 	 12.305366832764022
3.69 	 0.009999999999999787 	 151.44 	 148.95533333333333 	 147.12 	 12.020360504854532 	 11.890893079252804 	 11.83036770349933 	 151.478 	 149.18133333333333 	 147.44733333333335 	 12.02553599637039 	 11.898478259377915 	 11.834098735809537
3.6999999999999997 	 0.010000000000000009 	 151.45 	 148.98866666666666 	 147.14333333333335 	 12.178485127469672 	 12.15918877045486 	 12.071735123373477 	 151.45866666666666 	 149.22266666666667 	 147.46933333333334 	 12.192359283128466 	 12.173951134377953 	 12.084800076496462
3.71 	 0.010000000000000009 	 150.69933333333333 	 148.24333333333334 	 146.41866666666667 	 12.306621505875968 	 12.180864318904286 	 12.107162544910715 	 150.744 	 148.46 	 146.768 	 12.275767348724072 	 12.190340438232232 	 12.129722832777343
3.7199999999999998 	 0.010000000000000009 	 150.83 	 148.36533333333333 	 146.53933333333333 	 12.417827238826176 	 12.349677386699442 	 12.239898674235649 	 150.85066666666665 	 148.60933333333332 	 146.894 	 12.410655350231197 	 12.33161436669542 	 12.266435124626335
3.73 	 0.010000000000000009 	 151.00066666666666 	 148.50533333333334 	 146.69666666666666 	 12.024502743241495 	 11.924623189947019 	 11.840297950455282 	 151.006 	 148.73133333333334 	 147.02666666666667 	 12.038963022896393 	 11.940818713788245 	 11.864201991237712
3.7399999999999998 	 0.010000000000000009 	 150.66533333333334 	 148.24066666666667 	 146.40266666666668 	 12.31465244693852 	 12.201205386718515 	 12.180059915926341 	 150.69333333333333 	 148.45533333333333 	 146.74266666666668 	 12.320523076918807 	 12.219711053139605 	 12.172062803357896
3.75 	 0.010000000000000009 	 150.30466666666666 	 147.876 	 146.09666666666666 	 13.015574448414569 	 12.801065997277988 	 12.69312105914941 	 150.32733333333334 	 148.10466666666667 	 146.434 	 13.017175303762675 	 12.819739137578251 	 12.710585247475166
3.76 	 0.010000000000000009 	 149.882 	 147.49 	 145.68733333333333 	 12.511650943553907 	 12.4292356965342 	 12.348558872282313 	 149.88933333333333 	 147.70466666666667 	 146.02333333333334 	 12.496656335018402 	 12.443690967268871 	 12.388978524837666
3.77 	 0.010000000000000009 	 149.54266666666666 	 147.184 	 145.344 	 11.987779036261145 	 11.921051855156628 	 11.828623363125002 	 149.598 	 147.382 	 145.65866666666668 	 11.979053774540514 	 11.924320078450316 	 11.820356377406263
