time 	 delTime 		 mean eVee 	 	 stdev eVee 	 	 mean eVth 	 	 stdev eVth 
 	  	 10 	 100 	 170 	 10 	 100 	 170 	 10 	 100 	 170 	 10 	 100 	 170 
11.94 	 0.009999999999999787 	 75.89533333333334 	 74.75066666666666 	 73.91733333333333 	 8.635915984357935 	 8.588703795619505 	 8.601463028009958 	 75.90733333333333 	 74.85933333333334 	 74.08133333333333 	 8.638291472018965 	 8.587716783613416 	 8.583708496655484
11.95 	 0.009999999999999787 	 75.76 	 74.64133333333334 	 73.75466666666667 	 8.560280369240251 	 8.484222114542316 	 8.404749345194986 	 75.76666666666667 	 74.74866666666667 	 73.936 	 8.559140662992336 	 8.487490690552905 	 8.425352851166927
11.959999999999999 	 0.009999999999999787 	 76.43933333333334 	 75.30266666666667 	 74.45 	 8.550067420137042 	 8.448612877600414 	 8.429205181984836 	 76.454 	 75.39 	 74.60133333333333 	 8.545401336391404 	 8.451542265567076 	 8.41568366536882
11.969999999999999 	 0.010000000000000675 	 76.16133333333333 	 74.96666666666667 	 74.156 	 8.548643453138567 	 8.439049446208712 	 8.385364074783316 	 76.184 	 75.08066666666667 	 74.288 	 8.536557307642623 	 8.437268093932353 	 8.372955830131517
11.98 	 0.010000000000000675 	 75.77066666666667 	 74.63533333333334 	 73.8 	 8.807690175194756 	 8.729395829927496 	 8.640138887772581 	 75.80133333333333 	 74.74066666666667 	 73.95266666666667 	 8.80775405853022 	 8.73270173288631 	 8.656544319505073
11.99 	 0.009999999999999787 	 76.096 	 74.94133333333333 	 74.06266666666667 	 8.581537391400214 	 8.53935350142048 	 8.472784246567883 	 76.07933333333334 	 75.04266666666666 	 74.222 	 8.5752962760608 	 8.529684219763876 	 8.475182357920094
12.0 	 0.009999999999999787 	 75.85733333333333 	 74.788 	 73.99266666666666 	 8.585703983302063 	 8.511113675659608 	 8.471871864522555 	 75.86666666666666 	 74.86866666666667 	 74.144 	 8.601214384544132 	 8.511291611082825 	 8.471949637873603
12.01 	 0.009999999999999787 	 75.56933333333333 	 74.46133333333333 	 73.616 	 8.334018211856485 	 8.28294461864593 	 8.246486767102704 	 75.584 	 74.56933333333333 	 73.79266666666666 	 8.339001379062124 	 8.29215650814404 	 8.273270990901295
12.02 	 0.009999999999999787 	 76.16466666666666 	 75.01933333333334 	 74.12333333333333 	 8.865526016856279 	 8.785914459456619 	 8.728046109461664 	 76.17666666666666 	 75.09933333333333 	 74.30266666666667 	 8.869054189834575 	 8.795460925323294 	 8.718890959035763
12.03 	 0.009999999999999787 	 76.33133333333333 	 75.19866666666667 	 74.31266666666667 	 8.883780251422001 	 8.75346778266889 	 8.661807330010419 	 76.33533333333334 	 75.30066666666667 	 74.47066666666667 	 8.879051275646264 	 8.770077891456964 	 8.683613277637113
12.04 	 0.009999999999999787 	 76.386 	 75.214 	 74.356 	 8.318153080261668 	 8.280994545745497 	 8.247096297081375 	 76.39066666666666 	 75.338 	 74.51733333333334 	 8.32646661088737 	 8.29215026395446 	 8.257382528514844
12.049999999999999 	 0.010000000000000675 	 76.014 	 74.88266666666667 	 74.02533333333334 	 8.520278007983855 	 8.484862966221408 	 8.429671299773332 	 76.04533333333333 	 74.99333333333334 	 74.18866666666666 	 8.525214262540398 	 8.493367346870668 	 8.436571473188751
12.06 	 0.010000000000000675 	 75.62333333333333 	 74.43866666666666 	 73.56 	 8.599231877841701 	 8.521946465189485 	 8.448021464619195 	 75.62333333333333 	 74.53466666666667 	 73.71666666666667 	 8.606051488471483 	 8.512704127100598 	 8.468159317243755
12.07 	 0.009999999999999787 	 75.61466666666666 	 74.47066666666667 	 73.63933333333334 	 8.679065899559058 	 8.584626155064775 	 8.532052481997257 	 75.61133333333333 	 74.58333333333333 	 73.78266666666667 	 8.65549564663335 	 8.586989512564276 	 8.570770067826786
12.08 	 0.009999999999999787 	 75.77 	 74.654 	 73.78466666666667 	 8.753424091938728 	 8.691736535353565 	 8.627763222424582 	 75.786 	 74.75533333333334 	 73.95 	 8.741559967572531 	 8.685206093633523 	 8.649672440811463
12.09 	 0.009999999999999787 	 75.542 	 74.37 	 73.51733333333334 	 8.871766227758709 	 8.826839751575871 	 8.738594445841327 	 75.55666666666667 	 74.476 	 73.67133333333334 	 8.875290918549593 	 8.82859505621742 	 8.745778689681606
12.1 	 0.009999999999999787 	 75.41266666666667 	 74.30733333333333 	 73.45333333333333 	 8.992721476591809 	 8.895891161404547 	 8.87129202665667 	 75.414 	 74.39866666666667 	 73.61333333333333 	 8.996514362055265 	 8.91431797104461 	 8.869262777831212
12.11 	 0.009999999999999787 	 75.454 	 74.32733333333333 	 73.46066666666667 	 8.473559897311953 	 8.369240480606482 	 8.300067442831748 	 75.45866666666667 	 74.39733333333334 	 73.62733333333334 	 8.46461014393982 	 8.388849318523304 	 8.343487653387054
12.12 	 0.009999999999999787 	 75.46666666666667 	 74.344 	 73.48466666666667 	 8.60841965106772 	 8.572611270785583 	 8.510959496763897 	 75.46866666666666 	 74.45933333333333 	 73.636 	 8.596027273624072 	 8.589859111507915 	 8.505655216775876
12.129999999999999 	 0.010000000000000675 	 75.27266666666667 	 74.22466666666666 	 73.36066666666666 	 8.748313335850645 	 8.672457834367885 	 8.617110085302508 	 75.27266666666667 	 74.30933333333333 	 73.53466666666667 	 8.73435665760348 	 8.68617558089993 	 8.64381078511607
12.14 	 0.010000000000000675 	 75.80266666666667 	 74.70733333333334 	 73.83333333333333 	 8.482829297403603 	 8.390570871851066 	 8.364940060886404 	 75.806 	 74.802 	 73.99333333333334 	 8.492684930770324 	 8.40706821668529 	 8.369863930926371
12.15 	 0.009999999999999787 	 75.804 	 74.64 	 73.778 	 8.930710162131565 	 8.824647301733934 	 8.75918847078122 	 75.80933333333333 	 74.75 	 73.93733333333333 	 8.927764532936314 	 8.839504133905551 	 8.77504451397383
12.16 	 0.009999999999999787 	 75.41466666666666 	 74.308 	 73.47466666666666 	 8.861680703393057 	 8.803397223042174 	 8.780434208448288 	 75.43666666666667 	 74.41 	 73.63133333333333 	 8.856974025528633 	 8.807604668693982 	 8.787306274140873
12.17 	 0.009999999999999787 	 75.28266666666667 	 74.178 	 73.36133333333333 	 8.706861253568295 	 8.605636679913154 	 8.583012576530974 	 75.28933333333333 	 74.28066666666666 	 73.50933333333333 	 8.711388306247303 	 8.63469124456045 	 8.590338345425568
12.18 	 0.009999999999999787 	 75.64066666666666 	 74.49866666666667 	 73.65333333333334 	 8.771823046297477 	 8.738458953893923 	 8.676932381640158 	 75.63866666666667 	 74.604 	 73.802 	 8.77869228428826 	 8.748591353278918 	 8.686625505146786
12.19 	 0.009999999999999787 	 75.24333333333334 	 74.12 	 73.32333333333334 	 9.010519161266767 	 8.9133009224043 	 8.90970195286514 	 75.264 	 74.228 	 73.47666666666667 	 9.024169620155272 	 8.93174204732761 	 8.92398204590056
12.2 	 0.009999999999999787 	 75.328 	 74.20066666666666 	 73.288 	 8.39931044788797 	 8.33493048694602 	 8.272427455106513 	 75.334 	 74.298 	 73.46466666666667 	 8.41338877424945 	 8.340335484859107 	 8.277323534143685
12.209999999999999 	 0.009999999999999787 	 74.892 	 73.74 	 72.87333333333333 	 8.662890356765075 	 8.638232843971426 	 8.577798215289413 	 74.90466666666667 	 73.876 	 73.03066666666666 	 8.659767792627134 	 8.64912080310286 	 8.580465773423311
12.219999999999999 	 0.010000000000000675 	 75.91266666666667 	 74.77 	 73.94666666666667 	 8.813987343358788 	 8.731080498235409 	 8.658781027886597 	 75.93 	 74.87133333333334 	 74.10866666666666 	 8.808467517111021 	 8.73392494179386 	 8.68589996616483
12.23 	 0.010000000000000675 	 75.08 	 73.96933333333334 	 73.12933333333334 	 8.575251211091913 	 8.505472329950617 	 8.488694808717979 	 75.09066666666666 	 74.06466666666667 	 73.29 	 8.57856512218422 	 8.510649302817944 	 8.495051500726762
12.24 	 0.009999999999999787 	 75.29133333333333 	 74.19 	 73.34 	 8.656623180483766 	 8.60708429144272 	 8.568959485647406 	 75.308 	 74.29666666666667 	 73.47666666666667 	 8.664244687218845 	 8.613593262331865 	 8.570110202843887
12.25 	 0.009999999999999787 	 75.26866666666666 	 74.076 	 73.25466666666667 	 8.892570956828077 	 8.828111764886835 	 8.790779917365441 	 75.288 	 74.186 	 73.38933333333334 	 8.882776743038555 	 8.846886684026195 	 8.786832168395819
12.26 	 0.009999999999999787 	 75.30333333333333 	 74.15066666666667 	 73.27266666666667 	 8.637784566786916 	 8.551099318541187 	 8.482589201155243 	 75.302 	 74.24933333333334 	 73.43266666666666 	 8.644466206770664 	 8.545593380346517 	 8.510080271197342
12.27 	 0.009999999999999787 	 75.05333333333333 	 73.86933333333333 	 73.00866666666667 	 8.45118269172362 	 8.372828647210904 	 8.34852830676694 	 75.06666666666666 	 73.97666666666667 	 73.16733333333333 	 8.454637123430484 	 8.36724499993211 	 8.3506885677503
12.28 	 0.009999999999999787 	 75.25066666666666 	 74.096 	 73.26666666666667 	 8.484642963744687 	 8.47939368901653 	 8.458105908272582 	 75.26933333333334 	 74.206 	 73.43666666666667 	 8.483127934645072 	 8.47826027751763 	 8.439233114184935
12.29 	 0.009999999999999787 	 75.21133333333333 	 74.07733333333333 	 73.268 	 8.634659126000413 	 8.553246141410614 	 8.507340516675388 	 75.226 	 74.18133333333333 	 73.43066666666667 	 8.640539566485415 	 8.572462786283895 	 8.510847561918979
12.299999999999999 	 0.010000000000000675 	 75.196 	 74.04466666666667 	 73.18733333333333 	 8.773535053405402 	 8.724219442958143 	 8.650177621811524 	 75.198 	 74.14 	 73.35666666666667 	 8.775047730164586 	 8.749803807324291 	 8.659799202188363
12.31 	 0.010000000000000675 	 74.59066666666666 	 73.502 	 72.66866666666667 	 8.94332784196626 	 8.889731679490295 	 8.81840224883296 	 74.59733333333334 	 73.59866666666667 	 72.84066666666666 	 8.963064555285888 	 8.894057841552915 	 8.820616733287732
12.32 	 0.009999999999999787 	 75.128 	 73.99933333333334 	 73.194 	 8.516236414441925 	 8.467545859863346 	 8.411442444670236 	 75.15466666666667 	 74.132 	 73.36266666666667 	 8.524557362245984 	 8.470335058307906 	 8.42855105512738
12.33 	 0.009999999999999787 	 74.60933333333334 	 73.52333333333333 	 72.72733333333333 	 8.493647403926197 	 8.434302315873884 	 8.395057249490455 	 74.616 	 73.62666666666667 	 72.87133333333334 	 8.499129994691613 	 8.45619825269541 	 8.3919075039919
12.34 	 0.009999999999999787 	 75.13466666666666 	 74.026 	 73.19333333333333 	 8.613199070160993 	 8.546889726678355 	 8.489677392116985 	 75.14266666666667 	 74.11 	 73.31066666666666 	 8.604629348334663 	 8.551524230607468 	 8.480378503083195
12.35 	 0.009999999999999787 	 75.148 	 74.03066666666666 	 73.18733333333333 	 8.476364944164844 	 8.399705920778153 	 8.372031188560051 	 75.16 	 74.118 	 73.34666666666666 	 8.468435510765847 	 8.434931890655667 	 8.391890265144214
12.36 	 0.009999999999999787 	 75.27066666666667 	 74.134 	 73.27133333333333 	 8.473571043085803 	 8.43129353460468 	 8.422136203020123 	 75.26333333333334 	 74.22466666666666 	 73.44133333333333 	 8.488462103873049 	 8.424618184556232 	 8.425431238551267
12.37 	 0.009999999999999787 	 74.842 	 73.73866666666666 	 72.91733333333333 	 8.779732494026607 	 8.711201881613249 	 8.628161230657561 	 74.84666666666666 	 73.84466666666667 	 73.06733333333334 	 8.791235534452607 	 8.728146322228003 	 8.641535331692447
12.379999999999999 	 0.010000000000000675 	 74.938 	 73.84933333333333 	 73.00533333333334 	 8.677451008216641 	 8.655709072950382 	 8.577954586548525 	 74.96466666666667 	 73.94066666666667 	 73.184 	 8.685663564492673 	 8.6615517983532 	 8.602294887606059
12.39 	 0.010000000000000675 	 74.716 	 73.642 	 72.82866666666666 	 8.807308177492901 	 8.754151548455928 	 8.704212288056603 	 74.72733333333333 	 73.746 	 72.97666666666667 	 8.830080382168418 	 8.782187502742886 	 8.693299463124202
12.4 	 0.009999999999999787 	 74.68066666666667 	 73.58466666666666 	 72.74866666666667 	 8.396349974178595 	 8.31665987975675 	 8.24193534445777 	 74.704 	 73.688 	 72.898 	 8.396847662466353 	 8.320736505862927 	 8.251924785567708
12.41 	 0.009999999999999787 	 75.11533333333334 	 73.93466666666667 	 73.086 	 8.51316812682303 	 8.443522066583878 	 8.354715474907966 	 75.116 	 74.038 	 73.24133333333333 	 8.518208575359806 	 8.446649592195318 	 8.369891967973992
12.42 	 0.009999999999999787 	 74.87666666666667 	 73.70933333333333 	 72.82266666666666 	 8.503418266921969 	 8.43315952390061 	 8.398366084476724 	 74.89266666666667 	 73.816 	 72.99466666666666 	 8.508181134779761 	 8.43110178644128 	 8.397934560883938
12.43 	 0.009999999999999787 	 75.13466666666666 	 74.02666666666667 	 73.20133333333334 	 8.61141867264364 	 8.576204806841362 	 8.58491690246459 	 75.144 	 74.13466666666666 	 73.346 	 8.603677353318172 	 8.58163921145346 	 8.589971905270316
12.44 	 0.009999999999999787 	 74.54066666666667 	 73.42933333333333 	 72.546 	 8.728669976322598 	 8.63456269239438 	 8.620047408995692 	 74.56 	 73.516 	 72.72866666666667 	 8.73298727049723 	 8.650726982938101 	 8.621313408575801
12.45 	 0.009999999999999787 	 74.81333333333333 	 73.71866666666666 	 72.88733333333333 	 8.81754816009278 	 8.72961539180787 	 8.678708019566558 	 74.814 	 73.828 	 73.062 	 8.827347884085382 	 8.749690432619126 	 8.70299695507243
12.459999999999999 	 0.009999999999999787 	 74.754 	 73.59133333333334 	 72.78133333333334 	 8.573922711726919 	 8.452237862772728 	 8.432645979893987 	 74.75866666666667 	 73.70533333333333 	 72.912 	 8.585128123032812 	 8.475445212822484 	 8.438656449143233
12.469999999999999 	 0.010000000000000675 	 74.41466666666666 	 73.31866666666667 	 72.45333333333333 	 8.396033878498162 	 8.309098520430615 	 8.214934908783853 	 74.41333333333333 	 73.43066666666667 	 72.602 	 8.388155670679673 	 8.302200083244333 	 8.255801757955837
12.48 	 0.010000000000000675 	 74.53333333333333 	 73.458 	 72.59333333333333 	 8.556686793899194 	 8.486159476857988 	 8.454187653990706 	 74.53533333333333 	 73.57066666666667 	 72.764 	 8.548026178923154 	 8.475907398162288 	 8.437948249821556
12.49 	 0.009999999999999787 	 74.85533333333333 	 73.69666666666667 	 72.83266666666667 	 8.93075612078221 	 8.88147823031479 	 8.792913788323464 	 74.86666666666666 	 73.79866666666666 	 72.992 	 8.939922942745213 	 8.879684578982648 	 8.810747376547198
12.5 	 0.009999999999999787 	 74.58066666666667 	 73.43133333333333 	 72.62266666666666 	 8.587480784387363 	 8.493524095188967 	 8.420626632792176 	 74.58266666666667 	 73.552 	 72.77266666666667 	 8.594290714706414 	 8.488382020935045 	 8.417500790350754
12.51 	 0.009999999999999787 	 74.78533333333333 	 73.682 	 72.846 	 8.748519011174913 	 8.668460609204688 	 8.634250633378672 	 74.78666666666666 	 73.79466666666667 	 72.996 	 8.738944762129783 	 8.681657189474574 	 8.618893045706816
12.52 	 0.009999999999999787 	 74.38866666666667 	 73.256 	 72.40733333333333 	 8.62293095311694 	 8.54968599813272 	 8.556405761507314 	 74.39133333333334 	 73.35666666666667 	 72.56133333333334 	 8.635480582393136 	 8.562094110412216 	 8.557466811049999
12.53 	 0.009999999999999787 	 74.456 	 73.37666666666667 	 72.56466666666667 	 8.705940347448593 	 8.603262301140319 	 8.582646341439348 	 74.46333333333334 	 73.47666666666667 	 72.712 	 8.69678037487948 	 8.61170456736386 	 8.594866064498426
12.54 	 0.009999999999999787 	 74.52666666666667 	 73.40266666666666 	 72.548 	 8.814606564611314 	 8.71951028186535 	 8.661083227095018 	 74.526 	 73.51 	 72.704 	 8.81173407073394 	 8.729675442611445 	 8.660353187563041
12.549999999999999 	 0.010000000000000675 	 74.04133333333333 	 72.89333333333333 	 72.07466666666667 	 8.548740154094181 	 8.515590930105137 	 8.465602452802097 	 74.05733333333333 	 73.00533333333334 	 72.228 	 8.53967483117608 	 8.51296882539941 	 8.483946565916911
12.56 	 0.010000000000000675 	 74.50933333333333 	 73.44 	 72.55266666666667 	 8.618540840665677 	 8.546094624641908 	 8.496542015562698 	 74.51733333333334 	 73.54266666666666 	 72.72666666666667 	 8.620848733674014 	 8.555944106617082 	 8.496977240302709
12.57 	 0.009999999999999787 	 74.53 	 73.41666666666667 	 72.56066666666666 	 8.659393743213204 	 8.529735569693171 	 8.504958527562351 	 74.54333333333334 	 73.51533333333333 	 72.71333333333334 	 8.652328524096209 	 8.540985397221773 	 8.500303262563964
12.58 	 0.009999999999999787 	 74.38066666666667 	 73.24066666666667 	 72.4 	 8.622360053308427 	 8.536592580701559 	 8.474668135095321 	 74.39333333333333 	 73.35466666666666 	 72.556 	 8.629790778975403 	 8.55543949127623 	 8.497226841740781
12.59 	 0.009999999999999787 	 73.65933333333334 	 72.556 	 71.75866666666667 	 8.547940076741035 	 8.47224078977929 	 8.463830391075241 	 73.678 	 72.64133333333334 	 71.902 	 8.547025759486942 	 8.48657910402589 	 8.457288533172635
12.6 	 0.009999999999999787 	 73.78933333333333 	 72.622 	 71.77133333333333 	 8.74175532843503 	 8.68963650946728 	 8.647796148280914 	 73.80266666666667 	 72.73266666666666 	 71.92666666666666 	 8.736879280129465 	 8.675782359854098 	 8.657864761141873
12.61 	 0.009999999999999787 	 74.12266666666666 	 73.01866666666666 	 72.19866666666667 	 8.458582597312363 	 8.3858403408497 	 8.331178281345055 	 74.12266666666666 	 73.12933333333334 	 72.36066666666666 	 8.455350547960084 	 8.374043600449083 	 8.33178169554521
12.62 	 0.009999999999999787 	 74.456 	 73.39333333333333 	 72.55666666666667 	 8.617273195932302 	 8.583081549705145 	 8.530657783677775 	 74.46 	 73.488 	 72.71866666666666 	 8.62286108744269 	 8.579463231072987 	 8.537965305361434
12.629999999999999 	 0.010000000000000675 	 74.61533333333334 	 73.528 	 72.67333333333333 	 8.52670500382312 	 8.465294796993192 	 8.384427364001803 	 74.63933333333334 	 73.60866666666666 	 72.83266666666667 	 8.548445446720448 	 8.474482770188528 	 8.392814360444826
12.64 	 0.010000000000000675 	 74.14133333333334 	 73.02533333333334 	 72.16 	 8.576636377715657 	 8.51809984027476 	 8.465285976661784 	 74.14 	 73.12 	 72.31733333333334 	 8.578212712059159 	 8.520344280993971 	 8.45162506398753
12.65 	 0.009999999999999787 	 73.69933333333333 	 72.57533333333333 	 71.74333333333334 	 8.464805543477587 	 8.368850471971776 	 8.342508948485197 	 73.69666666666667 	 72.67733333333334 	 71.896 	 8.459037901689662 	 8.389113156678455 	 8.375670162241745
12.66 	 0.009999999999999787 	 74.15466666666667 	 73.024 	 72.19066666666667 	 8.749404449573824 	 8.734725181710068 	 8.674616968809376 	 74.16466666666666 	 73.108 	 72.34533333333333 	 8.767452208151592 	 8.741643781349135 	 8.687044657931079
12.67 	 0.009999999999999787 	 73.88933333333334 	 72.798 	 71.97733333333333 	 8.59851263623864 	 8.546804237062334 	 8.517559483534914 	 73.91066666666667 	 72.88266666666667 	 72.12533333333333 	 8.590848981458247 	 8.53593772756625 	 8.547453317931735
12.68 	 0.009999999999999787 	 74.17 	 73.04866666666666 	 72.16266666666667 	 8.440286330056187 	 8.358685994554142 	 8.357364390497494 	 74.184 	 73.16666666666667 	 72.33133333333333 	 8.437188157200241 	 8.380625805325572 	 8.332279693390571
12.69 	 0.009999999999999787 	 74.27266666666667 	 73.17266666666667 	 72.31733333333334 	 8.669005299853549 	 8.651253448039897 	 8.636085121293226 	 74.28266666666667 	 73.294 	 72.47066666666667 	 8.675949490145475 	 8.636795161786962 	 8.638198474733542
12.7 	 0.009999999999999787 	 73.874 	 72.79133333333333 	 71.948 	 8.583285540320016 	 8.508885055569202 	 8.403251116879309 	 73.89733333333334 	 72.884 	 72.096 	 8.593338091542515 	 8.525796776059506 	 8.418161952983958
12.709999999999999 	 0.009999999999999787 	 73.772 	 72.65 	 71.83466666666666 	 8.364768337098962 	 8.323751157581139 	 8.263050176673396 	 73.78666666666666 	 72.764 	 71.964 	 8.357740258121344 	 8.336764200415729 	 8.274702653267973
12.719999999999999 	 0.010000000000000675 	 73.91733333333333 	 72.794 	 71.95733333333334 	 8.887584948804834 	 8.836339589068164 	 8.81881584391515 	 73.92933333333333 	 72.89066666666666 	 72.09666666666666 	 8.890613377164831 	 8.855283520148987 	 8.847861637455434
12.73 	 0.010000000000000675 	 73.988 	 72.89066666666666 	 72.072 	 8.361171528759192 	 8.35902982142997 	 8.329474733339032 	 74.0 	 73.004 	 72.21533333333333 	 8.366600265340756 	 8.357909467484477 	 8.33552427198727
12.74 	 0.009999999999999787 	 74.16933333333333 	 73.07533333333333 	 72.26333333333334 	 8.71798865692209 	 8.685485491451944 	 8.648043452455333 	 74.18533333333333 	 73.15866666666666 	 72.424 	 8.709093995486684 	 8.685015345729422 	 8.632818620435236
12.75 	 0.009999999999999787 	 73.81333333333333 	 72.674 	 71.86666666666666 	 8.616872337970946 	 8.527116980550929 	 8.492480333932026 	 73.83333333333333 	 72.75933333333333 	 72.01 	 8.61751446506216 	 8.552976843701197 	 8.509243993054456
12.76 	 0.009999999999999787 	 73.796 	 72.64666666666666 	 71.80733333333333 	 8.582057872872527 	 8.492064269396197 	 8.42556899496342 	 73.80466666666666 	 72.73533333333333 	 71.96666666666667 	 8.58424010744237 	 8.505524766618198 	 8.438812449364873
12.77 	 0.009999999999999787 	 73.60866666666666 	 72.50066666666666 	 71.69733333333333 	 8.705679653089827 	 8.647427337396687 	 8.585747466327877 	 73.624 	 72.594 	 71.83333333333333 	 8.698809727006717 	 8.646839345487267 	 8.594352150621296
12.78 	 0.009999999999999787 	 73.61866666666667 	 72.5 	 71.66733333333333 	 8.916721270860844 	 8.793899400531409 	 8.745551224606842 	 73.61666666666666 	 72.59066666666666 	 71.816 	 8.911811762424568 	 8.80706796966063 	 8.751274802374033
12.79 	 0.009999999999999787 	 73.49866666666667 	 72.40733333333333 	 71.606 	 8.606160480854527 	 8.531905583683454 	 8.450331196665214 	 73.51266666666666 	 72.50266666666667 	 71.77 	 8.607235689942632 	 8.514418724858569 	 8.472766175616242
12.799999999999999 	 0.010000000000000675 	 73.88933333333334 	 72.78266666666667 	 71.952 	 8.702246044684225 	 8.628678899782722 	 8.556811867356517 	 73.91133333333333 	 72.88933333333334 	 72.12333333333333 	 8.69249512830209 	 8.628851964324236 	 8.591630940759863
12.81 	 0.010000000000000675 	 73.63666666666667 	 72.576 	 71.77333333333333 	 8.194591034470372 	 8.167265393018644 	 8.123173982844117 	 73.648 	 72.68266666666666 	 71.91933333333333 	 8.200737527808093 	 8.172757565364472 	 8.118260870134412
12.82 	 0.009999999999999787 	 73.72333333333333 	 72.61066666666666 	 71.81466666666667 	 8.711761526171896 	 8.69891293336255 	 8.59598655704445 	 73.728 	 72.732 	 71.948 	 8.708349403493944 	 8.666112700244172 	 8.604492779937699
12.83 	 0.009999999999999787 	 73.824 	 72.714 	 71.87866666666666 	 8.604476974226847 	 8.488356967046096 	 8.467660729045669 	 73.83266666666667 	 72.80733333333333 	 72.04266666666666 	 8.594222839921143 	 8.51192572544871 	 8.460861631982617
12.84 	 0.009999999999999787 	 73.22866666666667 	 72.11533333333334 	 71.334 	 8.546522385677632 	 8.446184437694665 	 8.422258841902213 	 73.236 	 72.20733333333334 	 71.48466666666667 	 8.548389945870898 	 8.447505325374008 	 8.41461614625937
12.85 	 0.009999999999999787 	 73.67133333333334 	 72.57333333333334 	 71.732 	 8.474784848137576 	 8.457932502817826 	 8.407784646782211 	 73.68533333333333 	 72.66533333333334 	 71.898 	 8.48227474731212 	 8.470025475496255 	 8.405767623086742
12.86 	 0.009999999999999787 	 73.51 	 72.408 	 71.54533333333333 	 8.63476886392064 	 8.58845364428312 	 8.540332442137261 	 73.53666666666666 	 72.49666666666667 	 71.708 	 8.638170459587428 	 8.587315581070076 	 8.568317765660499
12.87 	 0.009999999999999787 	 73.19066666666667 	 72.096 	 71.31066666666666 	 8.681454153667014 	 8.66703240253933 	 8.618941517894694 	 73.204 	 72.18466666666667 	 71.456 	 8.688673700091785 	 8.660787005552992 	 8.638830785085059
12.879999999999999 	 0.010000000000000675 	 73.708 	 72.59066666666666 	 71.77133333333333 	 8.329710038970944 	 8.286562187595583 	 8.240492191341216 	 73.73 	 72.69866666666667 	 71.91866666666667 	 8.334492586034656 	 8.307017007058283 	 8.247265297593433
12.89 	 0.010000000000000675 	 73.65266666666666 	 72.49466666666666 	 71.60066666666667 	 8.55585722700472 	 8.468410214175714 	 8.421551691279278 	 73.65733333333333 	 72.59066666666666 	 71.75333333333333 	 8.561069611262887 	 8.473986442178335 	 8.414461097156225
12.9 	 0.009999999999999787 	 73.36133333333333 	 72.27533333333334 	 71.45533333333333 	 8.443938943934215 	 8.387343136469909 	 8.342581827920872 	 73.36933333333333 	 72.37066666666666 	 71.59933333333333 	 8.445566463469984 	 8.387844750325053 	 8.365572279022851
12.91 	 0.009999999999999787 	 73.45266666666667 	 72.36733333333333 	 71.57133333333333 	 8.401255435283996 	 8.313707529669834 	 8.229271629710345 	 73.46466666666667 	 72.464 	 71.732 	 8.413763618156992 	 8.332948897799227 	 8.251798349450864
12.92 	 0.009999999999999787 	 73.35133333333333 	 72.21333333333334 	 71.354 	 8.673709215529165 	 8.585248330065292 	 8.529205746531542 	 73.34133333333334 	 72.31333333333333 	 71.52133333333333 	 8.672148420214118 	 8.598477901478972 	 8.529412536759036
12.93 	 0.009999999999999787 	 73.45733333333334 	 72.362 	 71.508 	 8.692152373773075 	 8.591252683204392 	 8.530685943502238 	 73.46333333333334 	 72.46 	 71.65533333333333 	 8.68834404373021 	 8.563823133780069 	 8.532245008723606
12.94 	 0.009999999999999787 	 73.266 	 72.19266666666667 	 71.40066666666667 	 8.584127445465846 	 8.500875222914143 	 8.41166647513374 	 73.27666666666667 	 72.27866666666667 	 71.548 	 8.59496687344143 	 8.516240067593731 	 8.415523117033981
12.95 	 0.009999999999999787 	 73.478 	 72.336 	 71.496 	 8.376087949235808 	 8.306650187249572 	 8.245280508670804 	 73.48333333333333 	 72.42266666666667 	 71.676 	 8.380237997150731 	 8.30999515977931 	 8.257059040602774
12.959999999999999 	 0.009999999999999787 	 73.56 	 72.44066666666667 	 71.57733333333333 	 8.532744771369487 	 8.50010663985393 	 8.45734510483179 	 73.584 	 72.524 	 71.74066666666667 	 8.532307855049144 	 8.503651607789838 	 8.457348652043512
12.969999999999999 	 0.010000000000000675 	 72.936 	 71.846 	 71.018 	 8.442821645240016 	 8.34583433017135 	 8.303754733050987 	 72.942 	 71.96666666666667 	 71.16866666666667 	 8.424407160150796 	 8.343553732606322 	 8.30896412851138
12.98 	 0.010000000000000675 	 73.446 	 72.33733333333333 	 71.49266666666666 	 8.654810839450315 	 8.568520266391133 	 8.51050015503724 	 73.448 	 72.43933333333334 	 71.66933333333333 	 8.672982724145905 	 8.576226028323232 	 8.52564716344487
12.99 	 0.009999999999999787 	 73.132 	 72.04266666666666 	 71.18066666666667 	 8.623219197801557 	 8.557463383243633 	 8.466799447777708 	 73.14133333333334 	 72.13933333333334 	 71.35333333333334 	 8.621756871749259 	 8.573209408124566 	 8.515113361286245
13.0 	 0.009999999999999787 	 73.09333333333333 	 72.02266666666667 	 71.18533333333333 	 8.659289167644703 	 8.617239671469951 	 8.594280165060686 	 73.10866666666666 	 72.12266666666666 	 71.33733333333333 	 8.666690538428663 	 8.617943657792669 	 8.584222322895004
13.01 	 0.009999999999999787 	 73.098 	 72.00666666666666 	 71.188 	 8.453425104654325 	 8.340420985910857 	 8.31139715491124 	 73.114 	 72.104 	 71.338 	 8.45582663020003 	 8.341054130024574 	 8.305646031465583
13.02 	 0.009999999999999787 	 72.98666666666666 	 71.90866666666666 	 71.04866666666666 	 8.628315143886566 	 8.575487831928605 	 8.538752732233334 	 73.00666666666666 	 71.994 	 71.208 	 8.63674064036248 	 8.574728217267298 	 8.542017872454572
13.03 	 0.009999999999999787 	 73.378 	 72.228 	 71.39666666666666 	 8.843931026415799 	 8.804620907985383 	 8.759717778305165 	 73.398 	 72.33933333333333 	 71.56 	 8.858795779713327 	 8.798343758281378 	 8.788310417822075
13.04 	 0.009999999999999787 	 73.028 	 71.946 	 71.09666666666666 	 8.632142414642304 	 8.58295310484684 	 8.517001950347447 	 73.056 	 72.036 	 71.25 	 8.627834645301604 	 8.592401914870294 	 8.533121742168376
13.049999999999999 	 0.010000000000000675 	 72.96133333333333 	 71.90866666666666 	 71.1 	 8.48118534692462 	 8.437870479109183 	 8.441603323224012 	 72.99466666666666 	 71.994 	 71.23933333333333 	 8.496350484505424 	 8.45075720473221 	 8.448395482115064
13.06 	 0.010000000000000675 	 72.93666666666667 	 71.86533333333334 	 71.05466666666666 	 8.369029546820562 	 8.320769088384933 	 8.256937177643751 	 72.948 	 71.96733333333333 	 71.21 	 8.371935021248074 	 8.341518620064868 	 8.288660929245447
13.07 	 0.009999999999999787 	 72.858 	 71.768 	 70.96 	 8.42119366044189 	 8.35293417508682 	 8.284909977382576 	 72.86333333333333 	 71.87533333333333 	 71.116 	 8.41272779120357 	 8.34496604080701 	 8.29834585926617
13.08 	 0.009999999999999787 	 72.74533333333333 	 71.65 	 70.85933333333334 	 8.729441270143747 	 8.632313324557522 	 8.57520920379724 	 72.762 	 71.75 	 71.00866666666667 	 8.722844872326153 	 8.636173921361241 	 8.585759035881582
13.09 	 0.009999999999999787 	 72.83666666666667 	 71.70066666666666 	 70.88066666666667 	 8.625349590338676 	 8.569115058679566 	 8.573977658525177 	 72.85533333333333 	 71.81466666666667 	 71.04466666666667 	 8.637885826726096 	 8.568098868606864 	 8.555855980295343
13.1 	 0.009999999999999787 	 72.73466666666667 	 71.644 	 70.77333333333333 	 8.321554235170789 	 8.2708280923577 	 8.22552666331396 	 72.74866666666667 	 71.75733333333334 	 70.93933333333334 	 8.3257130759006 	 8.273720216578647 	 8.242146942527913
13.11 	 0.009999999999999787 	 72.86666666666666 	 71.83466666666666 	 70.972 	 8.598733756909922 	 8.559400186669365 	 8.52872886191137 	 72.88 	 71.918 	 71.12866666666666 	 8.594432306247265 	 8.54708191918934 	 8.53956155522961
13.12 	 0.009999999999999787 	 72.994 	 71.92266666666667 	 71.11066666666666 	 8.479974292413864 	 8.420967059799143 	 8.381790951554182 	 73.00666666666666 	 72.03133333333334 	 71.25866666666667 	 8.48103505213577 	 8.432221033366924 	 8.379723039708546
13.129999999999999 	 0.010000000000000675 	 72.86066666666666 	 71.80466666666666 	 70.962 	 8.682314565956604 	 8.596967191334912 	 8.530917652867128 	 72.87733333333334 	 71.88333333333334 	 71.11866666666667 	 8.668388136723511 	 8.583650479577761 	 8.55168121222696
13.14 	 0.010000000000000675 	 72.56666666666666 	 71.45133333333334 	 70.61533333333334 	 8.510947198885809 	 8.465437469827272 	 8.395278329050337 	 72.57933333333334 	 71.54333333333334 	 70.76266666666666 	 8.5111518739958 	 8.466017691663273 	 8.407913309628151
13.15 	 0.009999999999999787 	 72.808 	 71.72466666666666 	 70.902 	 8.351475079289886 	 8.343192328013433 	 8.260774539956893 	 72.83066666666667 	 71.82733333333333 	 71.04933333333334 	 8.357949881533283 	 8.338036512806172 	 8.282767224115915
13.16 	 0.009999999999999787 	 72.72866666666667 	 71.65733333333333 	 70.82533333333333 	 8.396291535883895 	 8.333861423267262 	 8.270922452920365 	 72.73866666666666 	 71.74066666666667 	 70.97666666666667 	 8.401252181801366 	 8.331231174855784 	 8.295709064865335
13.17 	 0.009999999999999787 	 72.60733333333333 	 71.53333333333333 	 70.754 	 8.673012522890891 	 8.594856342927178 	 8.535112809252533 	 72.63066666666667 	 71.61733333333333 	 70.90266666666666 	 8.655148345862646 	 8.562645593247192 	 8.539078378581355
13.18 	 0.009999999999999787 	 72.37466666666667 	 71.3 	 70.514 	 8.524374359577495 	 8.477696227946206 	 8.409150016499884 	 72.37333333333333 	 71.402 	 70.65533333333333 	 8.52646598669239 	 8.480589366311754 	 8.413513231040223
13.19 	 0.009999999999999787 	 72.418 	 71.322 	 70.514 	 8.311554768313005 	 8.277659653146735 	 8.222437027224148 	 72.43666666666667 	 71.42933333333333 	 70.67066666666666 	 8.307546101119284 	 8.270006422139117 	 8.215566904088575
13.2 	 0.009999999999999787 	 72.86666666666666 	 71.72333333333333 	 70.91466666666666 	 8.524213877081113 	 8.480887663184529 	 8.480844192780706 	 72.878 	 71.83866666666667 	 71.06266666666667 	 8.523718828461359 	 8.489246426443803 	 8.477897118717326
13.209999999999999 	 0.009999999999999787 	 72.592 	 71.534 	 70.69533333333334 	 8.486550300328162 	 8.428177580790129 	 8.369777668625506 	 72.61466666666666 	 71.62066666666666 	 70.83733333333333 	 8.502598713857363 	 8.417884109970206 	 8.395169616445452
13.219999999999999 	 0.010000000000000675 	 72.444 	 71.33 	 70.51866666666666 	 8.494558885937908 	 8.447628858640353 	 8.39025138015675 	 72.45466666666667 	 71.426 	 70.65533333333333 	 8.499879110251445 	 8.459818201356338 	 8.41501861092548
13.23 	 0.010000000000000675 	 72.692 	 71.60333333333334 	 70.746 	 8.62066138220651 	 8.544744323591875 	 8.522136899471478 	 72.70466666666667 	 71.69466666666666 	 70.90666666666667 	 8.608606830118074 	 8.559912668298018 	 8.514181633538769
13.24 	 0.009999999999999787 	 72.258 	 71.19 	 70.38066666666667 	 8.536242498898448 	 8.468878320061046 	 8.444629035994154 	 72.252 	 71.286 	 70.54133333333333 	 8.540520827209544 	 8.475073490340169 	 8.4644526238985
13.25 	 0.009999999999999787 	 72.86533333333334 	 71.842 	 71.036 	 8.904335922584133 	 8.829705695359651 	 8.778460609165291 	 72.88533333333334 	 71.93333333333334 	 71.16733333333333 	 8.904915396690877 	 8.847272021489008 	 8.786087461941687
13.26 	 0.009999999999999787 	 72.20733333333334 	 71.08533333333334 	 70.254 	 8.482394289874108 	 8.458568725788595 	 8.416975941512487 	 72.21066666666667 	 71.19066666666667 	 70.40866666666666 	 8.492170093026216 	 8.433246481766213 	 8.424744796662324
13.27 	 0.009999999999999787 	 72.36933333333333 	 71.29466666666667 	 70.45933333333333 	 8.554117501076439 	 8.477490089774344 	 8.394224972496799 	 72.39066666666666 	 71.38 	 70.622 	 8.547555959974108 	 8.483764887517019 	 8.416043171625645
13.28 	 0.009999999999999787 	 72.61333333333333 	 71.52866666666667 	 70.68466666666667 	 8.80937884050604 	 8.750153039931487 	 8.685614441259883 	 72.642 	 71.61533333333334 	 70.83 	 8.804799978799442 	 8.756142504296944 	 8.723823702941274
13.29 	 0.009999999999999787 	 72.384 	 71.316 	 70.454 	 8.435908012774913 	 8.387618493946897 	 8.403563767830883 	 72.396 	 71.402 	 70.60666666666667 	 8.447278693954244 	 8.377453630628661 	 8.390785951797893
13.299999999999999 	 0.010000000000000675 	 72.83266666666667 	 71.67666666666666 	 70.86666666666666 	 8.395038190635121 	 8.345944457572726 	 8.292459761065404 	 72.838 	 71.78133333333334 	 71.016 	 8.395857470602195 	 8.355049464578624 	 8.296088074106574
13.31 	 0.010000000000000675 	 72.08266666666667 	 70.98933333333333 	 70.176 	 8.5080255967854 	 8.431758588152823 	 8.40624910408917 	 72.08466666666666 	 71.08066666666667 	 70.326 	 8.497931016168321 	 8.435450564268764 	 8.39720532875869
13.32 	 0.009999999999999787 	 72.194 	 71.10333333333334 	 70.27733333333333 	 8.368056166159498 	 8.287620620875183 	 8.268600418988022 	 72.20733333333334 	 71.19933333333333 	 70.424 	 8.363592502959213 	 8.298489795673 	 8.276002899951159
13.33 	 0.009999999999999787 	 71.88733333333333 	 70.782 	 69.99 	 8.600153461163094 	 8.53767001782883 	 8.493717285931604 	 71.89666666666666 	 70.87933333333334 	 70.13466666666666 	 8.600890780740226 	 8.525927489461516 	 8.507518139204223
13.34 	 0.009999999999999787 	 72.166 	 71.1 	 70.32 	 8.313108764676024 	 8.25756219070334 	 8.193265527248583 	 72.19866666666667 	 71.18466666666667 	 70.466 	 8.3014375194233 	 8.245477440525942 	 8.19883186801632
13.35 	 0.009999999999999787 	 72.08866666666667 	 71.05066666666667 	 70.256 	 8.415826651150928 	 8.357278238491018 	 8.263804450735751 	 72.09133333333334 	 71.14333333333333 	 70.37933333333334 	 8.425140447230275 	 8.357359364988175 	 8.284168006236689
13.36 	 0.009999999999999787 	 72.08533333333334 	 70.98 	 70.19466666666666 	 8.800646844913668 	 8.75181504984347 	 8.68021341263502 	 72.09666666666666 	 71.07466666666667 	 70.32733333333333 	 8.80246114573772 	 8.751824089233564 	 8.691692559884729
13.37 	 0.009999999999999787 	 72.00866666666667 	 70.92266666666667 	 70.118 	 8.365759074279445 	 8.31380495855471 	 8.287344327346366 	 72.02733333333333 	 71.03133333333334 	 70.256 	 8.376629367207048 	 8.319676569568207 	 8.300831123046255
13.379999999999999 	 0.010000000000000675 	 72.264 	 71.17 	 70.358 	 8.604551353789459 	 8.515853842490879 	 8.430529995201962 	 72.28333333333333 	 71.25933333333333 	 70.498 	 8.615589874691626 	 8.531124167163174 	 8.430539484516991
13.39 	 0.010000000000000675 	 72.02733333333333 	 70.94133333333333 	 70.11266666666667 	 8.322815202134965 	 8.240179501820467 	 8.181929655581799 	 72.02733333333333 	 71.048 	 70.266 	 8.31993106274859 	 8.254394546744985 	 8.184654991710605
13.4 	 0.009999999999999787 	 71.86933333333333 	 70.77333333333333 	 69.94533333333334 	 8.15509612996002 	 8.089949869368096 	 8.02618702885886 	 71.87066666666666 	 70.88266666666667 	 70.10066666666667 	 8.15544437102534 	 8.091697363484514 	 8.044865829970206
13.41 	 0.009999999999999787 	 71.99666666666667 	 70.942 	 70.14933333333333 	 8.30160560106029 	 8.254289955330298 	 8.223241426320618 	 72.00333333333333 	 71.036 	 70.28933333333333 	 8.315807570858981 	 8.248234396928028 	 8.22834245492709
13.42 	 0.009999999999999787 	 72.234 	 71.16733333333333 	 70.33 	 8.566402045199606 	 8.474471442055972 	 8.419091399907712 	 72.24666666666667 	 71.27933333333333 	 70.49733333333333 	 8.544734571002712 	 8.478992052256107 	 8.42072797064218
13.43 	 0.009999999999999787 	 72.106 	 71.028 	 70.216 	 8.451830018798692 	 8.426498837991177 	 8.365246200800069 	 72.11466666666666 	 71.13066666666667 	 70.374 	 8.443469955467888 	 8.433282845698676 	 8.372302988624655
13.44 	 0.009999999999999787 	 71.69333333333333 	 70.626 	 69.77666666666667 	 8.596236902790016 	 8.508316950686153 	 8.43153538146457 	 71.68733333333333 	 70.72133333333333 	 69.91466666666666 	 8.604043984597526 	 8.526410629463152 	 8.450762385068515
13.45 	 0.009999999999999787 	 72.21266666666666 	 71.102 	 70.29466666666667 	 8.367761920343789 	 8.291979819882181 	 8.277751600256893 	 72.22133333333333 	 71.22133333333333 	 70.44 	 8.369409271600688 	 8.303112562299889 	 8.260088780798101
13.459999999999999 	 0.009999999999999787 	 72.04533333333333 	 70.95466666666667 	 70.16466666666666 	 8.332063263215312 	 8.250936000775239 	 8.208220567753335 	 72.05266666666667 	 71.042 	 70.31466666666667 	 8.316523285337182 	 8.238784457268762 	 8.214194110738369
13.469999999999999 	 0.010000000000000675 	 72.40666666666667 	 71.31733333333334 	 70.49733333333333 	 8.576321407741718 	 8.508386033137477 	 8.471245061317072 	 72.416 	 71.40466666666667 	 70.65133333333333 	 8.57719519034826 	 8.52601381394351 	 8.481220326239747
13.48 	 0.010000000000000675 	 71.922 	 70.848 	 70.00466666666667 	 8.371693337272534 	 8.310689662516983 	 8.288906937722382 	 71.93533333333333 	 70.944 	 70.144 	 8.373558675311763 	 8.324073361842347 	 8.299513881346707
13.49 	 0.009999999999999787 	 71.486 	 70.44266666666667 	 69.616 	 8.36328109456251 	 8.27462262315059 	 8.204422222192127 	 71.48866666666666 	 70.52133333333333 	 69.778 	 8.36519803843413 	 8.279706811771108 	 8.219613697329901
13.5 	 0.009999999999999787 	 71.72133333333333 	 70.65733333333333 	 69.86 	 8.308530449015771 	 8.225726688600561 	 8.167439419222323 	 71.74 	 70.76333333333334 	 70.008 	 8.298939691309968 	 8.235734467685456 	 8.188524653440327
13.51 	 0.009999999999999787 	 71.24733333333333 	 70.19333333333333 	 69.37266666666666 	 8.305951253301588 	 8.289830449948232 	 8.24033491768117 	 71.26666666666667 	 70.274 	 69.51466666666667 	 8.30739964663365 	 8.268026205409205 	 8.253673014011534
13.52 	 0.009999999999999787 	 71.56133333333334 	 70.44266666666667 	 69.63466666666666 	 8.360516624122113 	 8.28058248085376 	 8.196576412679192 	 71.562 	 70.55133333333333 	 69.79066666666667 	 8.378354412810827 	 8.290679398510648 	 8.219581065290912
13.53 	 0.009999999999999787 	 71.60066666666667 	 70.53666666666666 	 69.77733333333333 	 8.796127910746991 	 8.716841298441897 	 8.699257797204439 	 71.60933333333334 	 70.63266666666667 	 69.91666666666667 	 8.811018455446693 	 8.719579475079186 	 8.695921777221525
13.54 	 0.009999999999999787 	 71.23 	 70.13 	 69.28133333333334 	 8.28386584472089 	 8.218988177790905 	 8.170894579066738 	 71.23533333333333 	 70.22 	 69.41666666666667 	 8.281059808717453 	 8.225545574610841 	 8.196201694823172
13.549999999999999 	 0.010000000000000675 	 71.58266666666667 	 70.47866666666667 	 69.60133333333333 	 8.407645303862168 	 8.347627101291854 	 8.279194700506135 	 71.6 	 70.59733333333334 	 69.76666666666667 	 8.412688828985257 	 8.362487242973161 	 8.301900719447056
13.56 	 0.010000000000000675 	 71.23466666666667 	 70.138 	 69.302 	 8.312616809538511 	 8.237573833761168 	 8.188862110615043 	 71.23733333333334 	 70.256 	 69.47466666666666 	 8.319515584188514 	 8.24053784652434 	 8.196098150271805
13.57 	 0.009999999999999787 	 71.642 	 70.552 	 69.712 	 8.412560212761234 	 8.392335550965536 	 8.348795681613806 	 71.63933333333334 	 70.668 	 69.86666666666666 	 8.419892292792243 	 8.397724453683868 	 8.351739672400928
13.58 	 0.009999999999999787 	 71.272 	 70.232 	 69.46333333333334 	 8.422866653738897 	 8.325353405912168 	 8.278767353228915 	 71.288 	 70.32133333333333 	 69.62133333333334 	 8.410532444500763 	 8.331191084646234 	 8.276106867899234
13.59 	 0.009999999999999787 	 71.65 	 70.58933333333333 	 69.726 	 8.632081633843214 	 8.570765400800303 	 8.505229215018252 	 71.67266666666667 	 70.69666666666667 	 69.87866666666666 	 8.644469497250187 	 8.572707986524575 	 8.539473728254894
13.6 	 0.009999999999999787 	 71.07866666666666 	 70.00333333333333 	 69.222 	 8.297578656183715 	 8.238000701356826 	 8.220749114283928 	 71.08933333333333 	 70.10866666666666 	 69.368 	 8.311439078496308 	 8.250304533099907 	 8.21384457283352
13.61 	 0.009999999999999787 	 71.19666666666667 	 70.11066666666666 	 69.32333333333334 	 8.247301915710914 	 8.161929074809596 	 8.11649281127973 	 71.21866666666666 	 70.19 	 69.46733333333333 	 8.244281951079117 	 8.182699228657171 	 8.111366483042312
13.62 	 0.009999999999999787 	 71.344 	 70.286 	 69.49133333333333 	 8.441978283159306 	 8.34914390820999 	 8.270706835304681 	 71.36733333333333 	 70.384 	 69.644 	 8.432737765531561 	 8.36416228122498 	 8.26171475340723
13.629999999999999 	 0.010000000000000675 	 71.024 	 69.96533333333333 	 69.12 	 8.277162798930561 	 8.191873913960238 	 8.149290357652827 	 71.04333333333334 	 70.072 	 69.27 	 8.285738081520291 	 8.203829349761001 	 8.17017543671289
13.64 	 0.010000000000000675 	 71.07866666666666 	 70.038 	 69.24533333333333 	 8.429500472876326 	 8.346689323717918 	 8.289580501381774 	 71.112 	 70.15666666666667 	 69.39133333333334 	 8.42255638152693 	 8.35967237529212 	 8.295914148275376
13.65 	 0.009999999999999787 	 71.03666666666666 	 69.934 	 69.14133333333334 	 8.60344827509425 	 8.496135042869001 	 8.43516596688464 	 71.04466666666667 	 70.04133333333333 	 69.28933333333333 	 8.591779300910584 	 8.486751924159337 	 8.445844316717082
13.66 	 0.009999999999999787 	 71.16733333333333 	 70.10666666666667 	 69.34933333333333 	 8.367675875388311 	 8.316607214216358 	 8.253764770629758 	 71.16533333333334 	 70.214 	 69.48733333333334 	 8.363531843000832 	 8.303264659156662 	 8.26683169190121
13.67 	 0.009999999999999787 	 71.01266666666666 	 69.89 	 69.082 	 8.291713105397594 	 8.206698483555979 	 8.143337317504823 	 71.016 	 69.99 	 69.23333333333333 	 8.290058946312344 	 8.205561122393357 	 8.153703998115757
13.68 	 0.009999999999999787 	 71.23266666666666 	 70.168 	 69.34933333333333 	 8.513119261208288 	 8.436099572669825 	 8.389634451048641 	 71.24333333333334 	 70.25666666666666 	 69.498 	 8.503339866716425 	 8.43153538146457 	 8.428483216648967
13.69 	 0.009999999999999787 	 71.27333333333333 	 70.18266666666666 	 69.384 	 8.676709565779467 	 8.563642111988463 	 8.500149645741539 	 71.28466666666667 	 70.26866666666666 	 69.52333333333333 	 8.673616982294963 	 8.569197836177874 	 8.512194520542606
13.7 	 0.009999999999999787 	 71.37933333333334 	 70.326 	 69.47333333333333 	 8.572248220598583 	 8.519686457454485 	 8.445903675089415 	 71.384 	 70.42066666666666 	 69.63066666666667 	 8.571846008882801 	 8.532508788288602 	 8.474958774072132
13.709999999999999 	 0.009999999999999787 	 70.88933333333334 	 69.82466666666667 	 69.04066666666667 	 8.368099319572051 	 8.374361163031416 	 8.341083835782706 	 70.88933333333334 	 69.91133333333333 	 69.17133333333334 	 8.364672909856601 	 8.36704676427445 	 8.335984938139516
13.719999999999999 	 0.010000000000000675 	 70.776 	 69.69 	 68.88 	 8.44182981744282 	 8.37515571994535 	 8.294592616076253 	 70.798 	 69.79333333333334 	 69.042 	 8.42851485533879 	 8.385222451167026 	 8.316904632534069
13.73 	 0.010000000000000675 	 71.08133333333333 	 70.02666666666667 	 69.20266666666667 	 8.657485290519157 	 8.598718250736884 	 8.540975328120059 	 71.09666666666666 	 70.12666666666667 	 69.35666666666667 	 8.664447792880718 	 8.594414206655133 	 8.564974541053166
13.74 	 0.009999999999999787 	 71.34466666666667 	 70.24733333333333 	 69.456 	 8.376825466063435 	 8.339354065047377 	 8.30927578071639 	 71.346 	 70.352 	 69.584 	 8.385917799104242 	 8.344504938381107 	 8.31738805154599
13.75 	 0.009999999999999787 	 71.484 	 70.41733333333333 	 69.62733333333334 	 8.322283981375946 	 8.204013218473559 	 8.187904873789279 	 71.49133333333333 	 70.502 	 69.794 	 8.323175969677814 	 8.204998232784696 	 8.191676507284695
13.76 	 0.009999999999999787 	 71.06666666666666 	 69.99 	 69.19866666666667 	 8.227244712268838 	 8.154787959638599 	 8.102295861187878 	 71.08866666666667 	 70.09466666666667 	 69.328 	 8.23347667891409 	 8.155511728613696 	 8.12611526704694
13.77 	 0.009999999999999787 	 70.77333333333333 	 69.68 	 68.838 	 8.467228327826973 	 8.419912905329445 	 8.332732004970918 	 70.78933333333333 	 69.75866666666667 	 69.00133333333333 	 8.460158758689001 	 8.421505698046058 	 8.36492667165841
13.78 	 0.009999999999999787 	 70.83733333333333 	 69.798 	 69.034 	 8.364062383528447 	 8.310787928951141 	 8.267255328503328 	 70.84 	 69.88333333333334 	 69.19866666666667 	 8.364273230034195 	 8.326527220609776 	 8.276182587535283
13.79 	 0.009999999999999787 	 70.83666666666667 	 69.79133333333333 	 69.01266666666666 	 8.626508885728661 	 8.546020022339183 	 8.509632163352043 	 70.83666666666667 	 69.87866666666666 	 69.16133333333333 	 8.61947343068138 	 8.54727704528693 	 8.527639663014744
13.799999999999999 	 0.010000000000000675 	 70.57066666666667 	 69.51 	 68.68666666666667 	 8.451016086180934 	 8.39082236732491 	 8.326373093303523 	 70.57 	 69.60733333333333 	 68.834 	 8.4503905235202 	 8.386565420692524 	 8.358774471575762
13.81 	 0.010000000000000675 	 70.806 	 69.73666666666666 	 68.926 	 8.381350169672347 	 8.3077868426087 	 8.279081511053425 	 70.82066666666667 	 69.81866666666667 	 69.06533333333333 	 8.378812936342607 	 8.31090357435473 	 8.294078101606926
13.82 	 0.009999999999999787 	 70.52666666666667 	 69.44066666666667 	 68.66 	 8.611849717427468 	 8.569158625883615 	 8.519569629192937 	 70.528 	 69.55 	 68.80466666666666 	 8.617726846448546 	 8.552007561580691 	 8.536266449033143
13.83 	 0.009999999999999787 	 70.55333333333333 	 69.52 	 68.77066666666667 	 8.26650806299465 	 8.232634248323356 	 8.201264509547022 	 70.576 	 69.59666666666666 	 68.90866666666666 	 8.259392068023732 	 8.240589919552011 	 8.202458466148359
13.84 	 0.009999999999999787 	 70.404 	 69.338 	 68.52066666666667 	 8.286099846530131 	 8.244498529322447 	 8.195379158742782 	 70.41466666666666 	 69.42333333333333 	 68.654 	 8.29369549048486 	 8.237725549095588 	 8.20387818859674
13.85 	 0.009999999999999787 	 70.84066666666666 	 69.74466666666666 	 68.95533333333333 	 8.337982143313946 	 8.250786117428785 	 8.20617683347259 	 70.85866666666666 	 69.84 	 69.10666666666667 	 8.33738717398256 	 8.25524479750096 	 8.225364564699989
13.86 	 0.009999999999999787 	 70.976 	 69.90733333333333 	 69.124 	 8.63562914133456 	 8.520489787695436 	 8.430299955122198 	 70.97466666666666 	 70.018 	 69.282 	 8.644730083826921 	 8.555408192093077 	 8.445342463946227
13.87 	 0.009999999999999787 	 70.846 	 69.804 	 69.00066666666666 	 8.124917476503992 	 8.029295361362664 	 8.005622996091907 	 70.86733333333333 	 69.89066666666666 	 69.12933333333334 	 8.127262734497734 	 8.021806502001626 	 8.010198055534513
13.879999999999999 	 0.010000000000000675 	 70.572 	 69.54533333333333 	 68.742 	 8.384637698394208 	 8.292161653567113 	 8.253934576915425 	 70.60466666666666 	 69.648 	 68.87933333333334 	 8.379521359971715 	 8.294501954105904 	 8.260797351883708
13.89 	 0.010000000000000675 	 70.12866666666666 	 69.11266666666667 	 68.27866666666667 	 8.4983201215822 	 8.384110341725128 	 8.300181417026712 	 70.13866666666667 	 69.19666666666667 	 68.43733333333333 	 8.484776851645671 	 8.405037510657259 	 8.31164281127517
13.9 	 0.009999999999999787 	 70.54133333333333 	 69.472 	 68.64066666666666 	 8.380470843309197 	 8.321451155497659 	 8.265725188323701 	 70.57333333333334 	 69.56133333333334 	 68.77866666666667 	 8.385421211178892 	 8.328079303710364 	 8.287843198859935
13.91 	 0.009999999999999787 	 70.48866666666666 	 69.39066666666666 	 68.58266666666667 	 8.210676274758912 	 8.167621821694626 	 8.141365542026037 	 70.48333333333333 	 69.49666666666667 	 68.748 	 8.212372102843098 	 8.171208940882345 	 8.152984893072393
13.92 	 0.009999999999999787 	 70.57733333333333 	 69.51133333333334 	 68.69866666666667 	 8.153364513431795 	 8.1503704346626 	 8.093528168989234 	 70.57933333333334 	 69.598 	 68.83333333333333 	 8.154898705004795 	 8.168173765699814 	 8.099396410981637
13.93 	 0.009999999999999787 	 70.58666666666667 	 69.556 	 68.76133333333334 	 8.461116290944647 	 8.400011746023534 	 8.332128872956512 	 70.594 	 69.63533333333334 	 68.90466666666667 	 8.463637752172525 	 8.39934629731518 	 8.342955804482937
13.94 	 0.009999999999999787 	 70.43466666666667 	 69.35933333333334 	 68.53133333333334 	 8.789713584007666 	 8.696793253199072 	 8.646368306340465 	 70.45333333333333 	 69.46133333333333 	 68.68733333333333 	 8.784825300229684 	 8.687261069456177 	 8.658035163297091
13.95 	 0.009999999999999787 	 70.52533333333334 	 69.40133333333333 	 68.59333333333333 	 8.500432825581425 	 8.424582970226018 	 8.36930635649627 	 70.53866666666667 	 69.51333333333334 	 68.73266666666666 	 8.490416453599643 	 8.454376907193629 	 8.38990660787645
13.959999999999999 	 0.009999999999999787 	 70.74 	 69.64533333333334 	 68.87133333333334 	 8.230131631187113 	 8.16942745171832 	 8.12511199239056 	 70.75466666666667 	 69.75466666666667 	 69.006 	 8.241590353539513 	 8.163157776797462 	 8.106990645938438
13.969999999999999 	 0.010000000000000675 	 70.37066666666666 	 69.33666666666667 	 68.54733333333333 	 8.332342981152154 	 8.290113924964414 	 8.291346466179194 	 70.39 	 69.43733333333333 	 68.70266666666667 	 8.332140581307224 	 8.28931478202846 	 8.2918188327746
