time 	 delTime 		 mean eVee 	 	 stdev eVee 	 	 mean eVth 	 	 stdev eVth 
 	  	 10 	 100 	 170 	 10 	 100 	 170 	 10 	 100 	 170 	 10 	 100 	 170 
0.46 	 0.009999999999999981 	 1610.746 	 1579.102 	 1555.348 	 40.73810849806358 	 40.077669543026076 	 39.4579636575432 	 1611.152 	 1581.894 	 1559.634 	 40.75709626555847 	 40.1580722146868 	 39.4117754484621
0.47 	 0.009999999999999981 	 1544.52 	 1513.85 	 1491.0 	 38.72195243011385 	 38.36701056897709 	 38.085640338584305 	 1544.844 	 1516.864 	 1495.212 	 38.674431657103895 	 38.31257631640034 	 38.068504777571704
0.48 	 0.010000000000000009 	 1476.298 	 1447.512 	 1425.296 	 38.33558654827131 	 37.95267916761609 	 37.767239560232625 	 1476.444 	 1450.066 	 1429.488 	 38.233164451821146 	 38.09133292495814 	 37.79478609543914
0.49 	 0.010000000000000009 	 1410.784 	 1383.408 	 1362.266 	 39.42675923785773 	 39.412403326871605 	 38.90274082889276 	 1410.998 	 1385.774 	 1365.85 	 39.321724224657295 	 39.29802697337362 	 38.96844236045367
0.5 	 0.010000000000000009 	 1353.416 	 1327.01 	 1306.95 	 36.4901485883519 	 36.28456834523459 	 36.104785001437136 	 1353.77 	 1329.362 	 1310.808 	 36.46868656806823 	 36.32556890125742 	 36.3273882353246
0.51 	 0.010000000000000009 	 1298.982 	 1273.732 	 1254.536 	 36.93315144961231 	 36.74104211913429 	 36.24064988379761 	 1299.218 	 1276.036 	 1258.066 	 36.96877704225553 	 36.76768559482634 	 36.45947948065084
0.52 	 0.010000000000000009 	 1241.862 	 1217.4 	 1198.966 	 34.161600606528964 	 34.04802490600593 	 33.70508632239354 	 1242.052 	 1219.666 	 1202.38 	 34.17620950310318 	 34.073838116654834 	 33.75819307960661
0.53 	 0.010000000000000009 	 1189.55 	 1166.16 	 1148.206 	 34.09791049316659 	 33.51104892419812 	 33.419688269042844 	 1189.81 	 1168.28 	 1151.474 	 34.15315358791923 	 33.55886768054012 	 33.48745024632362
0.54 	 0.010000000000000009 	 1131.202 	 1108.95 	 1092.232 	 34.52421173611354 	 34.18975723809691 	 33.83102386863277 	 1131.45 	 1111.006 	 1095.252 	 34.6367940202323 	 34.26102689646065 	 33.896378803642136
0.55 	 0.010000000000000009 	 1097.216 	 1075.596 	 1059.604 	 32.94002647236338 	 32.69502690012657 	 32.380969472824624 	 1097.462 	 1077.7 	 1062.496 	 32.94559994900684 	 32.71223012880657 	 32.47118698169194
0.56 	 0.010000000000000009 	 1090.168 	 1068.798 	 1052.696 	 32.77474295856491 	 32.35572895176371 	 32.17756336331264 	 1090.462 	 1070.85 	 1055.756 	 32.68180772233996 	 32.42208352342582 	 32.356768441857724
0.5700000000000001 	 0.010000000000000009 	 1080.498 	 1059.48 	 1043.642 	 31.823041903627 	 31.59236616652827 	 31.29916669817265 	 1080.74 	 1061.2 	 1046.672 	 31.870745206223216 	 31.658174299855006 	 31.36163924287122
0.5800000000000001 	 0.009999999999999953 	 1073.914 	 1052.534 	 1036.97 	 32.36359998516853 	 32.45206994938844 	 32.25729529889324 	 1074.106 	 1054.51 	 1039.932 	 32.39263440969258 	 32.50522881014684 	 32.27809436754283
0.59 	 0.009999999999999953 	 1065.062 	 1044.412 	 1028.828 	 30.84409434559556 	 30.437776791349265 	 30.245634660228244 	 1065.238 	 1046.27 	 1031.694 	 30.78196478459424 	 30.394491277203503 	 30.198085436000742
0.6 	 0.010000000000000009 	 1059.02 	 1038.578 	 1023.252 	 32.4898076325484 	 32.25733894790455 	 32.14212961208389 	 1059.212 	 1040.37 	 1026.12 	 32.54245006141977 	 32.25934128279745 	 32.08989872218359
0.61 	 0.010000000000000009 	 1050.928 	 1030.634 	 1015.446 	 32.44353272996022 	 32.11024827060669 	 31.781049133091877 	 1051.19 	 1032.388 	 1018.196 	 32.49624439839164 	 32.064083582725395 	 31.798452540964945
0.62 	 0.010000000000000009 	 1046.59 	 1026.6 	 1011.208 	 31.766238367172154 	 31.586326155474303 	 31.448318492409097 	 1046.746 	 1028.38 	 1014.07 	 31.733790886057093 	 31.546213718923543 	 31.354953356686725
0.63 	 0.010000000000000009 	 1040.546 	 1020.604 	 1005.6 	 31.641805953516624 	 31.45147347899618 	 31.250023999990784 	 1040.736 	 1022.464 	 1008.446 	 31.672674405550286 	 31.47018754313358 	 31.25103332691577
0.64 	 0.010000000000000009 	 1035.704 	 1015.798 	 1001.062 	 30.77174652176896 	 30.632420668305013 	 30.296504022741633 	 1035.926 	 1017.566 	 1003.654 	 30.920293077524345 	 30.600615091857225 	 30.248277372438913
0.65 	 0.010000000000000009 	 1030.124 	 1010.242 	 995.706 	 32.51640545939849 	 32.31339406500035 	 32.11565917118937 	 1030.376 	 1012.082 	 998.234 	 32.55768148993414 	 32.320013551977354 	 32.16537336951026
0.66 	 0.010000000000000009 	 1020.188 	 1000.798 	 986.212 	 33.285141670120616 	 32.86878756510498 	 32.70949489062771 	 1020.382 	 1002.468 	 989.004 	 33.21686433123994 	 32.93230899891473 	 32.80268257322867
0.67 	 0.010000000000000009 	 1014.732 	 995.888 	 981.502 	 32.518735768784126 	 32.0533220743186 	 31.912787343007196 	 1014.94 	 997.636 	 984.09 	 32.54978340941764 	 32.03759516567996 	 31.899559558087944
0.68 	 0.009999999999999953 	 1007.774 	 988.87 	 974.9 	 29.481162188760468 	 29.20351177512732 	 29.01265241235279 	 1007.996 	 990.622 	 977.484 	 29.548536072029016 	 29.207586617178762 	 29.188452237143373
0.69 	 0.009999999999999953 	 1001.3 	 982.408 	 968.134 	 31.895861800553376 	 31.158715249509246 	 30.686219121944625 	 1001.428 	 984.154 	 970.556 	 31.96317906591896 	 31.261898278895348 	 30.839307125809427
0.7 	 0.010000000000000009 	 992.364 	 974.048 	 960.154 	 31.778538418246992 	 31.65617942835174 	 31.476694299115973 	 992.692 	 975.842 	 962.766 	 31.797627836050918 	 31.575006508312867 	 31.535111288847546
0.71 	 0.010000000000000009 	 984.234 	 965.474 	 951.61 	 32.08506263045157 	 31.781084374199693 	 31.320886002793728 	 984.392 	 967.278 	 954.232 	 32.17754397091239 	 31.76294564425661 	 31.518981201809176
