time 	 delTime 		 mean eVee 	 	 stdev eVee 	 	 mean eVth 	 	 stdev eVth 
 	  	 10 	 100 	 170 	 10 	 100 	 170 	 10 	 100 	 170 	 10 	 100 	 170 
3.78 	 0.010000000000000009 	 148.904 	 146.50666666666666 	 144.74933333333334 	 12.051837370293377 	 12.023392015382164 	 11.94319190538647 	 148.904 	 146.736 	 145.06866666666667 	 12.080181455590806 	 12.029393334661561 	 11.964668189669485
3.79 	 0.010000000000000009 	 149.01866666666666 	 146.64066666666668 	 144.86333333333334 	 12.039642224289262 	 11.937261532231288 	 11.83889024453822 	 149.03466666666668 	 146.84733333333332 	 145.184 	 12.0351207536757 	 11.936220488729067 	 11.836193532269288
3.8 	 0.010000000000000009 	 148.61666666666667 	 146.228 	 144.48133333333334 	 12.15709897778066 	 12.148800324860613 	 12.061577490343273 	 148.62266666666667 	 146.426 	 144.822 	 12.166194401793119 	 12.134380522575789 	 12.074090000216719
3.81 	 0.010000000000000009 	 148.18466666666666 	 145.78533333333334 	 144.00133333333332 	 12.313565617733243 	 12.205214113466242 	 12.155492512532028 	 148.212 	 145.99266666666668 	 144.328 	 12.307032786175553 	 12.20969339864392 	 12.150901859532897
3.82 	 0.010000000000000009 	 148.82133333333334 	 146.47533333333334 	 144.69466666666668 	 12.174840651478315 	 12.013883283749495 	 11.952633108324802 	 148.858 	 146.70733333333334 	 145.02133333333333 	 12.181481956915862 	 12.007456553695661 	 11.9388809451398
3.83 	 0.010000000000000009 	 148.218 	 145.80066666666667 	 143.992 	 12.367422636372813 	 12.240735253878976 	 12.16683755131135 	 148.25266666666667 	 146.00866666666667 	 144.36066666666667 	 12.363689830395383 	 12.239196251751537 	 12.183263912250919
3.84 	 0.010000000000000009 	 147.92 	 145.56666666666666 	 143.82533333333333 	 12.485896043136032 	 12.418275063613123 	 12.336510509684476 	 147.93866666666668 	 145.804 	 144.146 	 12.481248797919044 	 12.437105129410138 	 12.339611717284031
3.85 	 0.010000000000000009 	 148.06266666666667 	 145.72733333333332 	 143.93 	 12.195029297035557 	 12.137750459711313 	 12.01437056195621 	 148.07266666666666 	 145.95133333333334 	 144.26666666666668 	 12.19669570917559 	 12.125824984534272 	 12.011198478457047
3.86 	 0.010000000000000009 	 147.93466666666666 	 145.51733333333334 	 143.73933333333332 	 12.285753194475118 	 12.129263493258312 	 12.019680509712211 	 147.96866666666668 	 145.73666666666668 	 144.09866666666667 	 12.274622257143214 	 12.125482350084974 	 12.066852595252648
3.87 	 0.010000000000000009 	 147.82066666666665 	 145.42533333333333 	 143.66533333333334 	 12.412809494854722 	 12.2619366967684 	 12.169524705408817 	 147.83733333333333 	 145.64533333333333 	 143.97466666666668 	 12.40076098023379 	 12.264727672838434 	 12.185210635119207
3.88 	 0.010000000000000009 	 147.51266666666666 	 145.07533333333333 	 143.26733333333334 	 12.41098328990182 	 12.251870260857682 	 12.153677065901588 	 147.54066666666668 	 145.29133333333334 	 143.60533333333333 	 12.404153050042911 	 12.258430767797684 	 12.163397478592165
3.89 	 0.010000000000000009 	 146.17266666666666 	 143.81866666666667 	 142.05733333333333 	 11.607304577530286 	 11.48008935311723 	 11.376615470145573 	 146.17933333333335 	 144.028 	 142.386 	 11.596458060785437 	 11.4839256934784 	 11.438808387823153
3.9 	 0.010000000000000009 	 147.22533333333334 	 144.82333333333332 	 143.06333333333333 	 11.852308842115484 	 11.68538070506144 	 11.597729183862771 	 147.25466666666668 	 145.06133333333332 	 143.4 	 11.823499688708454 	 11.72877820671114 	 11.619007416011632
3.91 	 0.010000000000000009 	 145.96866666666668 	 143.56866666666667 	 141.822 	 12.216369546182241 	 12.085140389015852 	 11.99859641791489 	 145.98666666666668 	 143.80066666666667 	 142.16666666666666 	 12.227611741010135 	 12.099570221935801 	 12.024872371695077
3.92 	 0.010000000000000009 	 146.27866666666668 	 143.896 	 142.09 	 12.121702777342062 	 12.014706987688047 	 11.88177455882187 	 146.30333333333334 	 144.112 	 142.43 	 12.130209762773639 	 12.031159101821126 	 11.918714975477291
3.93 	 0.010000000000000009 	 146.01866666666666 	 143.67066666666668 	 141.84933333333333 	 11.944468101268562 	 11.926869087158718 	 11.856923415831314 	 146.044 	 143.868 	 142.21333333333334 	 11.94362022169158 	 11.923418525462123 	 11.878039494050448
3.94 	 0.009999999999999787 	 145.26266666666666 	 142.966 	 141.25 	 12.270303156628021 	 12.186912816624234 	 12.182535313581761 	 145.276 	 143.17866666666666 	 141.58533333333332 	 12.271803344795472 	 12.203936996814686 	 12.181080338878907
3.9499999999999997 	 0.010000000000000009 	 145.75333333333333 	 143.426 	 141.60733333333334 	 12.067110489075484 	 11.950028898151949 	 11.819411134043674 	 145.76466666666667 	 143.64 	 141.94 	 12.07056826426255 	 11.972847057682925 	 11.891918824703327
3.96 	 0.010000000000000009 	 145.58066666666667 	 143.23866666666666 	 141.46866666666668 	 11.863873435303029 	 11.737874802914234 	 11.659774935887723 	 145.60133333333334 	 143.45266666666666 	 141.788 	 11.864557790139317 	 11.759241453238197 	 11.67974269122969
3.9699999999999998 	 0.010000000000000009 	 145.028 	 142.678 	 140.94666666666666 	 11.914831765492956 	 11.752488360626726 	 11.663896814053563 	 145.05066666666667 	 142.90333333333334 	 141.22733333333332 	 11.919232339188442 	 11.80595847678432 	 11.658973063219971
3.98 	 0.010000000000000009 	 145.228 	 142.92866666666666 	 141.21333333333334 	 12.3013826865113 	 12.17881678252129 	 12.114832048177785 	 145.27466666666666 	 143.14933333333335 	 141.54733333333334 	 12.279653560078785 	 12.199304606775293 	 12.135832325070343
3.9899999999999998 	 0.010000000000000009 	 144.41133333333335 	 142.092 	 140.352 	 11.811779638234968 	 11.729657681847895 	 11.664651559305147 	 144.43466666666666 	 142.29266666666666 	 140.69866666666667 	 11.831500252386517 	 11.742927497954767 	 11.660240058516044
4.0 	 0.010000000000000009 	 144.514 	 142.18933333333334 	 140.46066666666667 	 12.082017105323652 	 11.978431431350081 	 11.897357671161927 	 144.532 	 142.37066666666666 	 140.82 	 12.070168847203423 	 11.989604089469436 	 11.913169183722692
4.01 	 0.010000000000000231 	 144.39 	 142.08866666666665 	 140.334 	 11.997134380064821 	 11.955395081533506 	 11.936154210353239 	 144.42666666666668 	 142.30266666666665 	 140.65866666666668 	 12.011575898089125 	 11.989178157358783 	 11.940218795687494
4.0200000000000005 	 0.010000000000000231 	 144.224 	 141.894 	 140.132 	 12.224476430506135 	 12.156483756964155 	 12.134135431363319 	 144.23733333333334 	 142.09533333333334 	 140.48066666666668 	 12.23997574434779 	 12.135330440037011 	 12.152542651185755
4.03 	 0.009999999999999787 	 144.04333333333332 	 141.67933333333335 	 139.91533333333334 	 12.233401907164753 	 12.223113605878915 	 12.140297836361164 	 144.06066666666666 	 141.90466666666666 	 140.242 	 12.239811527234487 	 12.217292862532554 	 12.150642068082933
4.04 	 0.009999999999999787 	 142.98666666666668 	 140.70866666666666 	 138.99333333333334 	 11.895649998587253 	 11.837614831075088 	 11.782188063155145 	 143.004 	 140.914 	 139.29866666666666 	 11.900699587279172 	 11.827874027059977 	 11.805315111799807
4.05 	 0.010000000000000231 	 143.70866666666666 	 141.38866666666667 	 139.708 	 12.05353854913799 	 12.002899853322484 	 11.915818729739053 	 143.72333333333333 	 141.58866666666665 	 140.01666666666668 	 12.064222128075874 	 11.995643857482413 	 11.946731305628703
4.0600000000000005 	 0.010000000000000231 	 142.636 	 140.37266666666667 	 138.64666666666668 	 11.525717793988653 	 11.483747336513847 	 11.446301683173576 	 142.666 	 140.56866666666667 	 138.94666666666666 	 11.515313456437042 	 11.501128273154576 	 11.45046529864859
4.07 	 0.009999999999999787 	 143.00666666666666 	 140.65866666666668 	 139.01266666666666 	 11.808864843366145 	 11.74612666182157 	 11.667355008265108 	 143.014 	 140.882 	 139.30866666666665 	 11.786792212755202 	 11.747400109527781 	 11.690112270157583
4.08 	 0.009999999999999787 	 142.90066666666667 	 140.64066666666668 	 138.842 	 11.981769466800618 	 11.835633184958416 	 11.757594822071392 	 142.92733333333334 	 140.84533333333334 	 139.15266666666668 	 11.980903675803797 	 11.846296674019644 	 11.761747016871638
4.09 	 0.010000000000000231 	 142.64133333333334 	 140.318 	 138.58333333333334 	 11.992026165563331 	 11.91378232692428 	 11.848841949977878 	 142.65466666666666 	 140.508 	 138.90533333333335 	 12.021345385974437 	 11.955052042267877 	 11.850754050082871
4.1000000000000005 	 0.010000000000000231 	 142.40733333333333 	 140.10533333333333 	 138.428 	 12.245383329601768 	 12.188392219193183 	 12.114047603230446 	 142.43533333333335 	 140.314 	 138.72333333333333 	 12.269494076321521 	 12.204510259189702 	 12.124525649369637
4.11 	 0.009999999999999787 	 142.15 	 139.95733333333334 	 138.194 	 12.173885985994776 	 12.071378527556643 	 12.042882988166358 	 142.19 	 140.14533333333333 	 138.52733333333333 	 12.175736801798347 	 12.06820387998516 	 12.049892927140704
4.12 	 0.010000000000000231 	 142.29 	 140.056 	 138.33666666666667 	 11.840800930117299 	 11.76274616462216 	 11.672331481851526 	 142.30066666666667 	 140.26666666666668 	 138.63733333333334 	 11.835691764977472 	 11.750782479855921 	 11.71388661186182
4.130000000000001 	 0.010000000000000231 	 141.13666666666666 	 138.90133333333333 	 137.172 	 11.930827949289839 	 11.876009355933592 	 11.780368528474254 	 141.15266666666668 	 139.09 	 137.49666666666667 	 11.926945385228452 	 11.850874791901791 	 11.802005008566223
4.140000000000001 	 0.009999999999999787 	 141.87466666666666 	 139.604 	 137.912 	 12.048082484592955 	 11.928027945417744 	 11.846191624315386 	 141.892 	 139.82933333333332 	 138.24266666666668 	 12.030918612752174 	 11.941309513151767 	 11.860794502149602
4.15 	 0.009999999999999787 	 141.588 	 139.352 	 137.66133333333335 	 11.907851303516797 	 11.815981945370995 	 11.76996055879354 	 141.606 	 139.548 	 137.99666666666667 	 11.910895460319795 	 11.823071907644533 	 11.769423189868832
4.16 	 0.010000000000000231 	 141.13933333333333 	 138.908 	 137.21333333333334 	 11.835142002621778 	 11.69088830386012 	 11.605106155864705 	 141.174 	 139.10466666666667 	 137.508 	 11.830063003495233 	 11.670891634984686 	 11.629012683800806
4.170000000000001 	 0.010000000000000231 	 140.96466666666666 	 138.74933333333334 	 137.01933333333332 	 12.068005284866077 	 11.949665248681887 	 11.8855777964538 	 140.97666666666666 	 138.96133333333333 	 137.33933333333334 	 12.076262758909406 	 11.938781549592441 	 11.897234393850624
4.180000000000001 	 0.009999999999999787 	 140.97466666666668 	 138.714 	 137.05533333333332 	 11.688599497896325 	 11.572620158517834 	 11.556308734001336 	 140.98933333333332 	 138.916 	 137.376 	 11.687481317869798 	 11.578699293674283 	 11.53920667405982
4.19 	 0.009999999999999787 	 140.774 	 138.51066666666668 	 136.76933333333332 	 11.996454642935136 	 11.888392920080586 	 11.755117731817444 	 140.77 	 138.714 	 137.088 	 11.97624454214815 	 11.881254310888224 	 11.752287266740886
4.2 	 0.009999999999999787 	 141.17866666666666 	 138.918 	 137.26733333333334 	 11.714211236309891 	 11.622303672967192 	 11.588321688473942 	 141.21266666666668 	 139.13266666666667 	 137.564 	 11.701884729487904 	 11.65683202627922 	 11.599105022946095
4.21 	 0.010000000000000231 	 140.34333333333333 	 138.092 	 136.392 	 11.499338628325061 	 11.416984540586888 	 11.359738964137042 	 140.35733333333334 	 138.292 	 136.70266666666666 	 11.508619069588187 	 11.427280341358568 	 11.386875173734989
4.220000000000001 	 0.010000000000000231 	 140.14933333333335 	 137.89666666666668 	 136.19666666666666 	 12.0103441342129 	 11.891537140149525 	 11.859032656821363 	 140.15 	 138.09866666666667 	 136.51466666666667 	 11.997034355761983 	 11.906675923848585 	 11.877336326896794
4.23 	 0.009999999999999787 	 140.626 	 138.41133333333335 	 136.75266666666667 	 12.17114582390116 	 12.074634772484378 	 11.941112157397884 	 140.66533333333334 	 138.58933333333334 	 137.046 	 12.180311909890575 	 12.077445351655383 	 11.954575860313907
4.24 	 0.009999999999999787 	 140.45866666666666 	 138.208 	 136.55733333333333 	 11.403637938053901 	 11.326108599161497 	 11.239100478043408 	 140.476 	 138.42266666666666 	 136.83733333333333 	 11.409765875482869 	 11.340606372187024 	 11.262868472206458
4.25 	 0.010000000000000231 	 140.03266666666667 	 137.80466666666666 	 136.122 	 11.879882135591899 	 11.829053704990757 	 11.761821684302706 	 140.07133333333334 	 137.97533333333334 	 136.44 	 11.861179461681802 	 11.836893943185528 	 11.777481337988469
4.260000000000001 	 0.010000000000000231 	 139.90733333333333 	 137.64533333333333 	 135.946 	 12.14638819658841 	 12.015748480871077 	 11.961622688136142 	 139.944 	 137.838 	 136.24733333333333 	 12.12928401294432 	 12.02712584119747 	 11.964983335643314
4.2700000000000005 	 0.009999999999999787 	 139.85533333333333 	 137.614 	 135.954 	 11.871579713285376 	 11.812634648262568 	 11.681946926775518 	 139.87933333333334 	 137.80733333333333 	 136.23666666666668 	 11.866399603736406 	 11.791333521795668 	 11.685118265935047
4.28 	 0.009999999999999787 	 139.89533333333333 	 137.64333333333335 	 135.91866666666667 	 12.111828029749358 	 11.97653771152396 	 11.897116662825866 	 139.93933333333334 	 137.822 	 136.25 	 12.113614361076916 	 11.981860567819451 	 11.90465595190946
4.29 	 0.010000000000000231 	 139.438 	 137.22133333333332 	 135.544 	 11.979516796042596 	 11.910402101617823 	 11.864965121454565 	 139.45466666666667 	 137.39 	 135.87066666666666 	 11.986712569433799 	 11.934846738298178 	 11.885254430969868
4.300000000000001 	 0.010000000000000231 	 139.66 	 137.512 	 135.86466666666666 	 12.113920367356997 	 11.989183569645878 	 11.88431816395969 	 139.70666666666668 	 137.71266666666668 	 136.15666666666667 	 12.127185255541463 	 11.983020190623433 	 11.87760310650072
4.3100000000000005 	 0.009999999999999787 	 139.404 	 137.18466666666666 	 135.49866666666668 	 12.005975623274713 	 11.91978320086215 	 11.854422447152604 	 139.434 	 137.37533333333334 	 135.824 	 11.996290148764048 	 11.919443145083955 	 11.900183079824163
4.32 	 0.009999999999999787 	 139.79733333333334 	 137.564 	 135.88066666666666 	 11.671743352596856 	 11.55937876070048 	 11.470938332247377 	 139.81266666666667 	 137.78266666666667 	 136.16933333333333 	 11.65562408834846 	 11.556503200459133 	 11.487064879922789
4.33 	 0.010000000000000231 	 139.44066666666666 	 137.14466666666667 	 135.41533333333334 	 11.735294892853021 	 11.628803530697194 	 11.484605560875345 	 139.46066666666667 	 137.36466666666666 	 135.71866666666668 	 11.728332627540123 	 11.617616718682976 	 11.496819192957483
4.340000000000001 	 0.010000000000000231 	 139.40933333333334 	 137.19466666666668 	 135.52266666666668 	 11.92064509812936 	 11.86482637415689 	 11.752169426204773 	 139.41933333333333 	 137.402 	 135.83933333333334 	 11.927314292086976 	 11.884796843025967 	 11.765494162545359
4.3500000000000005 	 0.009999999999999787 	 138.94533333333334 	 136.72533333333334 	 135.06733333333332 	 11.789642836923527 	 11.652205437407785 	 11.576533716483915 	 138.982 	 136.91533333333334 	 135.38533333333334 	 11.795776475784317 	 11.627273894693554 	 11.59612801278465
4.36 	 0.009999999999999787 	 138.658 	 136.46133333333333 	 134.83266666666665 	 11.316228877148076 	 11.24534740335852 	 11.19270593834316 	 138.69266666666667 	 136.69533333333334 	 135.14333333333335 	 11.304492302718518 	 11.240099861161772 	 11.202802724715315
4.37 	 0.010000000000000231 	 138.55933333333334 	 136.41666666666666 	 134.75266666666667 	 11.921345542997885 	 11.801315840005111 	 11.76529470755219 	 138.59666666666666 	 136.61866666666666 	 135.05 	 11.927921957416649 	 11.806435457928114 	 11.764785024243608
4.380000000000001 	 0.010000000000000231 	 138.16666666666666 	 135.94466666666668 	 134.33 	 11.476536450030945 	 11.353895288499988 	 11.308806303054272 	 138.18266666666668 	 136.15333333333334 	 134.64466666666667 	 11.472632634036337 	 11.369512840145008 	 11.307920744131327
4.390000000000001 	 0.009999999999999787 	 138.77133333333333 	 136.578 	 134.92533333333333 	 12.017170142018553 	 11.899968459341954 	 11.843919321275743 	 138.79333333333332 	 136.78666666666666 	 135.24266666666668 	 12.029683657058023 	 11.935485839387612 	 11.898281930131295
4.4 	 0.009999999999999787 	 138.14466666666667 	 135.864 	 134.21866666666668 	 11.935370608219737 	 11.804187279661964 	 11.711882209486607 	 138.172 	 136.078 	 134.51133333333334 	 11.939894583565914 	 11.806717692342215 	 11.708595342264115
4.41 	 0.010000000000000231 	 138.192 	 135.91266666666667 	 134.26333333333332 	 11.504512274176019 	 11.443238449941617 	 11.400672007483692 	 138.20266666666666 	 136.11466666666666 	 134.586 	 11.510354449605606 	 11.473339453804293 	 11.420796994956174
4.420000000000001 	 0.010000000000000231 	 138.23266666666666 	 136.01266666666666 	 134.348 	 11.750852432436078 	 11.643846996971785 	 11.61591850292807 	 138.258 	 136.19333333333333 	 134.63933333333333 	 11.762515433925405 	 11.657098933935304 	 11.619635087022122
4.430000000000001 	 0.009999999999999787 	 137.65266666666668 	 135.49733333333333 	 133.85466666666667 	 11.606321247014012 	 11.513846427478331 	 11.392053292634397 	 137.69533333333334 	 135.688 	 134.15933333333334 	 11.621926614043913 	 11.52672211284139 	 11.431503818638891
4.44 	 0.009999999999999787 	 137.79533333333333 	 135.54066666666668 	 133.86266666666666 	 11.522562427207278 	 11.43405787791699 	 11.326126414425877 	 137.81333333333333 	 135.72333333333333 	 134.174 	 11.502397817653307 	 11.436496646943747 	 11.369244653889721
4.45 	 0.010000000000000231 	 137.23933333333332 	 135.026 	 133.376 	 11.887502662693942 	 11.830750497467747 	 11.806267713944713 	 137.26533333333333 	 135.21866666666668 	 133.644 	 11.88821257474067 	 11.87204776869695 	 11.821220918331575
4.460000000000001 	 0.010000000000000231 	 137.134 	 134.94533333333334 	 133.324 	 11.930355289484606 	 11.85522437109011 	 11.81255083939677 	 137.15666666666667 	 135.15133333333333 	 133.62933333333334 	 11.932984631776838 	 11.827274899804923 	 11.818626804986929
4.470000000000001 	 0.009999999999999787 	 136.54266666666666 	 134.31133333333332 	 132.69533333333334 	 11.585515938254781 	 11.52063676866672 	 11.474660992329529 	 136.56066666666666 	 134.52133333333333 	 132.996 	 11.584514932539136 	 11.54210602773842 	 11.480068989339742
4.48 	 0.009999999999999787 	 137.35466666666667 	 135.11666666666667 	 133.51 	 11.805629090489935 	 11.701469518350628 	 11.619720306444558 	 137.378 	 135.33 	 133.81066666666666 	 11.77920976409991 	 11.709985767141935 	 11.637532078962828
4.49 	 0.009999999999999787 	 137.422 	 135.28533333333334 	 133.66133333333335 	 11.598444550886986 	 11.517114144707529 	 11.45768904370433 	 137.46333333333334 	 135.48133333333334 	 133.95066666666668 	 11.589276173351907 	 11.52719906231441 	 11.468285234603394
4.5 	 0.010000000000000231 	 136.696 	 134.49133333333333 	 132.85666666666665 	 11.745846812100579 	 11.648601842662872 	 11.598855786479783 	 136.74333333333334 	 134.70666666666668 	 133.16 	 11.753416051892696 	 11.672672739732272 	 11.598091797073057
4.510000000000001 	 0.010000000000000231 	 136.74533333333332 	 134.55133333333333 	 132.91 	 11.592661970210102 	 11.431507551013947 	 11.344803509389957 	 136.764 	 134.74866666666668 	 133.20866666666666 	 11.603460863035648 	 11.470897882128591 	 11.365318219135892
4.5200000000000005 	 0.009999999999999787 	 137.272 	 135.062 	 133.376 	 11.592153208097276 	 11.509568019695614 	 11.426983737335647 	 137.312 	 135.26 	 133.69333333333333 	 11.575836442060389 	 11.492913758776172 	 11.431037670405177
4.53 	 0.009999999999999787 	 136.65333333333334 	 134.48 	 132.89733333333334 	 12.412083717983142 	 12.2800217155074 	 12.20596000139094 	 136.67466666666667 	 134.694 	 133.21 	 12.404118599167868 	 12.303239302449308 	 12.211929959401722
4.54 	 0.010000000000000231 	 136.04533333333333 	 133.89733333333334 	 132.368 	 11.30489325715 	 11.265409870730648 	 11.231113450292154 	 136.07533333333333 	 134.08066666666667 	 132.63266666666667 	 11.30753398796081 	 11.261238514874325 	 11.222732861869646
4.550000000000001 	 0.010000000000000231 	 136.402 	 134.21933333333334 	 132.52133333333333 	 11.735092500700622 	 11.616277066637526 	 11.521814594739647 	 136.42066666666668 	 134.40066666666667 	 132.83 	 11.719771309865887 	 11.60190212374199 	 11.535673654653493
4.5600000000000005 	 0.009999999999999787 	 135.77333333333334 	 133.552 	 131.90666666666667 	 12.005413593689955 	 11.890582940573884 	 11.776839794934613 	 135.768 	 133.73133333333334 	 132.198 	 11.996090029672168 	 11.877449988201265 	 11.801248352045926
4.57 	 0.009999999999999787 	 135.37266666666667 	 133.17133333333334 	 131.45733333333334 	 11.21596122595929 	 11.116923055514157 	 11.027247143124868 	 135.42 	 133.39266666666666 	 131.802 	 11.199863094401348 	 11.142522734501773 	 11.053150199528337
4.58 	 0.010000000000000231 	 135.88 	 133.732 	 132.04066666666668 	 11.566803073163015 	 11.466713100681178 	 11.42034790285402 	 135.91133333333335 	 133.92533333333333 	 132.364 	 11.546693822138968 	 11.497699402730772 	 11.421186628367474
4.590000000000001 	 0.010000000000000231 	 135.95333333333335 	 133.79866666666666 	 132.17533333333333 	 11.64212848046076 	 11.562963787695418 	 11.48833864790244 	 135.98666666666668 	 133.988 	 132.46733333333333 	 11.657321971857668 	 11.565747821332897 	 11.494329017196069
4.6000000000000005 	 0.009999999999999787 	 135.67266666666666 	 133.51866666666666 	 131.90533333333335 	 11.961055676188824 	 11.925839658303122 	 11.829526824386887 	 135.70466666666667 	 133.72466666666668 	 132.19133333333335 	 11.968741714241403 	 11.886386816672069 	 11.862042750817508
4.61 	 0.009999999999999787 	 135.78266666666667 	 133.58533333333332 	 131.99533333333332 	 11.537450594573405 	 11.410874267800674 	 11.35050563729309 	 135.82133333333334 	 133.80933333333334 	 132.29066666666668 	 11.54839432802481 	 11.40138790771642 	 11.37878931267392
4.62 	 0.010000000000000231 	 135.162 	 132.95466666666667 	 131.31266666666667 	 11.666294298819428 	 11.585361951857852 	 11.512264744851707 	 135.198 	 133.15866666666668 	 131.58666666666667 	 11.651786529684337 	 11.588564401550734 	 11.530184541261928
4.630000000000001 	 0.010000000000000231 	 135.30866666666665 	 133.17333333333335 	 131.58 	 11.62027215210078 	 11.530161413537202 	 11.483942412487679 	 135.336 	 133.34866666666667 	 131.85866666666666 	 11.638231709900493 	 11.518178308897442 	 11.49156320475543
4.640000000000001 	 0.009999999999999787 	 134.776 	 132.58666666666667 	 130.99866666666668 	 11.642758436040834 	 11.592748691411465 	 11.54278988036351 	 134.81266666666667 	 132.81333333333333 	 131.3 	 11.636962929485605 	 11.601141706267056 	 11.55130584248667
4.65 	 0.009999999999999787 	 135.346 	 133.05333333333334 	 131.44 	 11.593027387184074 	 11.510972543138521 	 11.427090618350762 	 135.356 	 133.27533333333332 	 131.77266666666668 	 11.590165256227655 	 11.533409074895804 	 11.443410893998735
4.66 	 0.010000000000000231 	 134.66 	 132.52133333333333 	 130.91666666666666 	 11.695201295118155 	 11.603744146706365 	 11.534140145190229 	 134.69066666666666 	 132.718 	 131.216 	 11.728440343408362 	 11.612398948250673 	 11.571344375942955
4.670000000000001 	 0.010000000000000231 	 134.44933333333333 	 132.34666666666666 	 130.816 	 11.75293294837033 	 11.644103896631787 	 11.522072035879658 	 134.476 	 132.55266666666665 	 131.10466666666667 	 11.742632754199546 	 11.651061162925126 	 11.55965879927066
4.680000000000001 	 0.009999999999999787 	 134.38133333333334 	 132.272 	 130.63933333333333 	 11.734049523596799 	 11.684320662038223 	 11.683032692280241 	 134.406 	 132.46733333333333 	 130.91866666666667 	 11.72335975733919 	 11.689351260394602 	 11.68594818099451
4.69 	 0.009999999999999787 	 134.184 	 132.02466666666666 	 130.404 	 11.627817680029215 	 11.532796345880541 	 11.43978950855303 	 134.21266666666668 	 132.23333333333332 	 130.70733333333334 	 11.619155429242218 	 11.542626313895042 	 11.454155558379481
4.7 	 0.010000000000000231 	 133.946 	 131.77733333333333 	 130.19866666666667 	 11.670779065683663 	 11.599931877194605 	 11.564335903496097 	 133.948 	 131.948 	 130.46733333333333 	 11.667845959444843 	 11.601320154763997 	 11.582901171794378
4.710000000000001 	 0.010000000000000231 	 133.63333333333333 	 131.50466666666668 	 129.904 	 11.785367575467847 	 11.700056049248463 	 11.644116568751219 	 133.66466666666668 	 131.684 	 130.19533333333334 	 11.786159321660111 	 11.727807865638544 	 11.665555204199336
4.720000000000001 	 0.009999999999999787 	 133.84266666666667 	 131.71466666666666 	 130.15066666666667 	 11.539926901366789 	 11.457919454343454 	 11.439462380529758 	 133.87266666666667 	 131.89333333333335 	 130.44333333333333 	 11.549391883943018 	 11.467313935219916 	 11.442907070417998
4.73 	 0.009999999999999787 	 134.222 	 132.07466666666667 	 130.48933333333332 	 11.772314244305011 	 11.657433603594841 	 11.592320139740025 	 134.22666666666666 	 132.25733333333332 	 130.75866666666667 	 11.7928490573266 	 11.677918459877837 	 11.607142551990227
4.74 	 0.009999999999999787 	 133.55133333333333 	 131.43733333333333 	 129.838 	 11.495420750117077 	 11.411839154531092 	 11.309336378998253 	 133.554 	 131.63466666666667 	 130.14933333333335 	 11.494596585642606 	 11.416473399823998 	 11.328623021159967
4.75 	 0.010000000000000231 	 133.54 	 131.376 	 129.74266666666668 	 11.975324630255331 	 11.891956273044398 	 11.823441950445545 	 133.53333333333333 	 131.59466666666665 	 130.07133333333334 	 11.982468675342139 	 11.896765872379865 	 11.838225298676413
4.760000000000001 	 0.010000000000000231 	 133.34133333333332 	 131.22266666666667 	 129.602 	 11.741925944617813 	 11.71385587906713 	 11.58836755831755 	 133.36333333333334 	 131.39933333333335 	 129.93733333333333 	 11.753325297785114 	 11.707883365019011 	 11.61309919396579
4.7700000000000005 	 0.009999999999999787 	 133.34466666666665 	 131.234 	 129.65133333333333 	 11.428817592190171 	 11.369516729688499 	 11.274769689690144 	 133.37666666666667 	 131.452 	 129.94866666666667 	 11.413973404949255 	 11.398758528892522 	 11.294808463281802
4.78 	 0.009999999999999787 	 133.57666666666665 	 131.43 	 129.82866666666666 	 11.598108562270928 	 11.55288275713036 	 11.499825138767207 	 133.60933333333332 	 131.62 	 130.13 	 11.627469467696839 	 11.578065468807818 	 11.533708568077024
4.79 	 0.010000000000000231 	 132.51333333333332 	 130.36533333333333 	 128.804 	 11.546680138560271 	 11.453086842516397 	 11.31277672958029 	 132.54 	 130.56533333333334 	 129.08733333333333 	 11.557237270789821 	 11.450839775123724 	 11.32565110220551
4.800000000000001 	 0.010000000000000231 	 133.554 	 131.43466666666666 	 129.82 	 11.765333994409168 	 11.674890358752362 	 11.574264555469606 	 133.568 	 131.63133333333334 	 130.124 	 11.751030139240275 	 11.674163134413057 	 11.602210593962974
4.8100000000000005 	 0.009999999999999787 	 132.84066666666666 	 130.74 	 129.136 	 11.792226799417017 	 11.65780425294575 	 11.610692083879696 	 132.85466666666667 	 130.918 	 129.436 	 11.809553119779295 	 11.68243450655727 	 11.638924807157517
4.82 	 0.009999999999999787 	 132.43066666666667 	 130.30733333333333 	 128.71333333333334 	 11.346535134372765 	 11.317223432548385 	 11.221548714663033 	 132.466 	 130.506 	 128.98 	 11.337115035728152 	 11.33045883154488 	 11.270829605667899
4.83 	 0.010000000000000231 	 131.87133333333333 	 129.72333333333333 	 128.11266666666666 	 11.522793854887027 	 11.438828125681797 	 11.415543769595715 	 131.872 	 129.92866666666666 	 128.40866666666668 	 11.499084717199597 	 11.454063830022173 	 11.396972911942695
4.840000000000001 	 0.010000000000000231 	 131.69533333333334 	 129.612 	 128.02666666666667 	 11.378745312594393 	 11.316600903098069 	 11.271348139814016 	 131.718 	 129.77733333333333 	 128.33266666666665 	 11.365846910811353 	 11.33988916269565 	 11.27501660999023
4.8500000000000005 	 0.009999999999999787 	 131.92066666666668 	 129.822 	 128.20133333333334 	 11.288742455305737 	 11.267045575482511 	 11.223522837722962 	 131.94666666666666 	 130.012 	 128.50866666666667 	 11.298605617017035 	 11.271491590143102 	 11.224523370232202
4.86 	 0.009999999999999787 	 132.416 	 130.29666666666665 	 128.69133333333335 	 11.373372879962508 	 11.295219736193223 	 11.263749740748958 	 132.44466666666668 	 130.49266666666668 	 129.00666666666666 	 11.384621420534321 	 11.302770142265517 	 11.275990225055871
4.87 	 0.010000000000000231 	 131.45733333333334 	 129.336 	 127.762 	 11.41905627546437 	 11.310368576369797 	 11.295486827342444 	 131.47133333333332 	 129.54533333333333 	 128.05 	 11.398648087480472 	 11.295188277413628 	 11.28306252752328
4.880000000000001 	 0.010000000000000231 	 131.48333333333332 	 129.36533333333333 	 127.74666666666667 	 11.639260667623562 	 11.537353750126393 	 11.453084979845192 	 131.49933333333334 	 129.574 	 128.054 	 11.632569201265138 	 11.535417518812803 	 11.440589320485198
4.890000000000001 	 0.009999999999999787 	 131.42466666666667 	 129.29733333333334 	 127.64066666666666 	 11.66803289143271 	 11.564929437263718 	 11.469417867626161 	 131.46066666666667 	 129.49466666666666 	 127.96333333333334 	 11.663009312446862 	 11.57263891925932 	 11.48915382243425
4.9 	 0.009999999999999787 	 131.47266666666667 	 129.40666666666667 	 127.84 	 11.730469707371293 	 11.635403827208672 	 11.58768311613672 	 131.49133333333333 	 129.60466666666667 	 128.146 	 11.713777851553937 	 11.661233992259234 	 11.607096277708736
4.91 	 0.010000000000000231 	 131.498 	 129.39466666666667 	 127.80133333333333 	 11.055948444163441 	 10.956409306378111 	 10.869431059423285 	 131.51866666666666 	 129.592 	 128.09133333333332 	 11.046280741599057 	 10.947824867677292 	 10.896375156700303
4.920000000000001 	 0.010000000000000231 	 131.486 	 129.39066666666668 	 127.86866666666667 	 11.455615973544738 	 11.388505003828298 	 11.34481165800277 	 131.52 	 129.57666666666665 	 128.16133333333335 	 11.433238094841432 	 11.386020180710887 	 11.364768873829135
4.930000000000001 	 0.009999999999999787 	 131.22 	 129.13066666666666 	 127.59066666666666 	 11.615604446892407 	 11.443670429057667 	 11.355194680067013 	 131.26266666666666 	 129.318 	 127.90866666666666 	 11.607713221053586 	 11.460695557716672 	 11.36211504176147
4.94 	 0.009999999999999787 	 130.334 	 128.23866666666666 	 126.676 	 11.33812641782877 	 11.259382971055247 	 11.180654005915756 	 130.37133333333333 	 128.44533333333334 	 126.96066666666667 	 11.346722502800338 	 11.269383814368716 	 11.206803865906144
4.95 	 0.010000000000000231 	 130.67333333333335 	 128.612 	 127.02666666666667 	 11.211004514414496 	 11.140681726597046 	 11.092848547099562 	 130.69266666666667 	 128.79333333333332 	 127.31533333333333 	 11.21788213325294 	 11.136364856730504 	 11.109870906340701
4.960000000000001 	 0.010000000000000231 	 130.56333333333333 	 128.44866666666667 	 126.85733333333333 	 11.027147812960925 	 10.984020130272079 	 10.925184036080225 	 130.588 	 128.64066666666668 	 127.13533333333334 	 11.024499504890612 	 11.003433383368222 	 10.912669313946774
4.970000000000001 	 0.009999999999999787 	 130.03066666666666 	 128.00866666666667 	 126.44466666666666 	 11.492507394917014 	 11.38586513572372 	 11.35724166434008 	 130.05133333333333 	 128.212 	 126.744 	 11.494550805587064 	 11.400777283442855 	 11.360390134145922
4.98 	 0.009999999999999787 	 130.034 	 127.90466666666667 	 126.35333333333334 	 11.337997060033722 	 11.173342303099025 	 11.119614301864171 	 130.064 	 128.098 	 126.64933333333333 	 11.336661942564927 	 11.19638614315649 	 11.13886736711692
4.99 	 0.009999999999999787 	 130.01466666666667 	 127.914 	 126.34066666666666 	 11.497468629610992 	 11.34994584421735 	 11.291557888774939 	 130.036 	 128.11733333333333 	 126.64 	 11.487037796287316 	 11.35104545356457 	 11.305797922600009
5.0 	 0.010000000000000231 	 129.896 	 127.82666666666667 	 126.19066666666667 	 11.556175145782449 	 11.416448173091704 	 11.310038883909973 	 129.94133333333335 	 128.014 	 126.49933333333334 	 11.544777674583237 	 11.42105383345454 	 11.353971385476635
5.010000000000001 	 0.010000000000000231 	 129.65866666666668 	 127.61266666666667 	 126.05 	 11.43833429986882 	 11.343837073739888 	 11.230175124784713 	 129.69066666666666 	 127.782 	 126.33066666666667 	 11.435105868430874 	 11.349763991672543 	 11.278947626244017
5.0200000000000005 	 0.009999999999999787 	 130.09533333333334 	 128.11666666666667 	 126.53333333333333 	 11.29157111398685 	 11.188344629817028 	 11.184910470013707 	 130.11866666666666 	 128.282 	 126.82266666666666 	 11.304479269544244 	 11.20231267789528 	 11.177740658210954
5.03 	 0.009999999999999787 	 129.7 	 127.61333333333333 	 126.048 	 11.455158954229603 	 11.36490895500512 	 11.322913170499309 	 129.73533333333333 	 127.808 	 126.34733333333334 	 11.477512138477088 	 11.358541690434267 	 11.344544631182377
5.04 	 0.010000000000000231 	 129.576 	 127.47666666666667 	 125.91266666666667 	 11.83504220524794 	 11.754720564758463 	 11.641350418038087 	 129.58733333333333 	 127.62933333333334 	 126.22133333333333 	 11.84678745014398 	 11.763840340448162 	 11.629230909890625
5.050000000000001 	 0.010000000000000231 	 128.73266666666666 	 126.64733333333334 	 125.046 	 11.455531395599051 	 11.304584301168363 	 11.256815002477389 	 128.772 	 126.876 	 125.35866666666666 	 11.458970983469676 	 11.317329956015833 	 11.238654644672655
5.0600000000000005 	 0.009999999999999787 	 129.47666666666666 	 127.39666666666666 	 125.89133333333334 	 11.332966170523154 	 11.267090228724639 	 11.198788247941033 	 129.50466666666668 	 127.58466666666666 	 126.17333333333333 	 11.351327890995346 	 11.266890944513289 	 11.19121480845082
5.07 	 0.009999999999999787 	 129.078 	 127.018 	 125.51333333333334 	 11.4255816482138 	 11.411062293523187 	 11.329393432816937 	 129.06 	 127.22733333333333 	 125.79066666666667 	 11.43435175250438 	 11.404311445920598 	 11.336791707631495
5.08 	 0.010000000000000231 	 129.18 	 127.13733333333333 	 125.60266666666666 	 12.107061300469793 	 12.014094759443546 	 11.88363550807954 	 129.18733333333333 	 127.33333333333333 	 125.874 	 12.107638342064163 	 12.02379123053771 	 11.903310071852564
5.090000000000001 	 0.010000000000000231 	 129.326 	 127.254 	 125.74533333333333 	 11.293938964477068 	 11.217195906286028 	 11.145842792519352 	 129.35 	 127.43266666666666 	 126.01733333333334 	 11.269228012601396 	 11.226581531743708 	 11.168991280425562
5.1000000000000005 	 0.009999999999999787 	 128.596 	 126.54666666666667 	 124.946 	 11.20848416751049 	 11.178423661480878 	 11.104792538959623 	 128.618 	 126.70933333333333 	 125.20866666666667 	 11.217846317364131 	 11.167192107040853 	 11.118203911703645
5.11 	 0.009999999999999787 	 128.76933333333332 	 126.686 	 125.118 	 10.919651683496543 	 10.808302549429305 	 10.730023734052658 	 128.80266666666665 	 126.87266666666666 	 125.40333333333334 	 10.91187699507081 	 10.81784572926709 	 10.74904595249685
5.12 	 0.010000000000000231 	 128.274 	 126.144 	 124.638 	 11.828056645112925 	 11.749635341859197 	 11.708413897706214 	 128.28266666666667 	 126.33666666666667 	 124.94333333333333 	 11.828951752186478 	 11.741237394566024 	 11.692566964624245
5.130000000000001 	 0.010000000000000231 	 127.826 	 125.79866666666666 	 124.26866666666666 	 11.41687598834871 	 11.271829113127804 	 11.175948202377382 	 127.87733333333334 	 125.99266666666666 	 124.56066666666666 	 11.424109865640396 	 11.28411625053356 	 11.18139762681253
5.140000000000001 	 0.009999999999999787 	 128.35933333333332 	 126.37866666666666 	 124.82733333333333 	 11.622716817604317 	 11.525592315461372 	 11.397259300180705 	 128.39133333333334 	 126.54133333333333 	 125.11933333333333 	 11.624493891014017 	 11.52511568512679 	 11.439161954541174
5.15 	 0.009999999999999787 	 127.64933333333333 	 125.58466666666666 	 124.008 	 11.172094680746111 	 11.128229788345594 	 11.082235153614093 	 127.65733333333333 	 125.772 	 124.31266666666667 	 11.16679211869829 	 11.121751181056574 	 11.09889962513802
5.16 	 0.010000000000000231 	 128.11533333333333 	 126.06066666666666 	 124.502 	 11.538141021075372 	 11.40594813634048 	 11.325340142059016 	 128.12666666666667 	 126.238 	 124.81666666666666 	 11.542845788144659 	 11.419983479264173 	 11.337682988845453
5.170000000000001 	 0.010000000000000231 	 127.678 	 125.65866666666666 	 124.184 	 11.257752114284035 	 11.228987408587749 	 11.124603843133771 	 127.694 	 125.83133333333333 	 124.44733333333333 	 11.24427397982339 	 11.234895855720643 	 11.145068844810048
5.180000000000001 	 0.009999999999999787 	 127.79733333333333 	 125.7 	 124.14266666666667 	 11.31843302856991 	 11.230108340231332 	 11.187358023928418 	 127.804 	 125.89533333333334 	 124.444 	 11.314603425072692 	 11.266190344960842 	 11.212085622220338
5.19 	 0.009999999999999787 	 127.51 	 125.48866666666666 	 123.952 	 11.301234445847054 	 11.17648744264295 	 11.112231819036174 	 127.52666666666667 	 125.694 	 124.242 	 11.298257486100335 	 11.178209337814353 	 11.13161126402343
5.2 	 0.010000000000000231 	 127.47666666666667 	 125.41666666666667 	 123.916 	 11.05230544074654 	 10.948259628310288 	 10.873190761378801 	 127.48666666666666 	 125.588 	 124.17733333333334 	 11.056543562775644 	 10.938780675498831 	 10.87997638886327
5.210000000000001 	 0.010000000000000231 	 127.47533333333334 	 125.47333333333333 	 123.924 	 11.44395291069577 	 11.381854955244432 	 11.305908072036202 	 127.484 	 125.65333333333334 	 124.21066666666667 	 11.438491042674 	 11.395312876597798 	 11.291631985186593
5.220000000000001 	 0.009999999999999787 	 127.508 	 125.42266666666667 	 123.87333333333333 	 10.925044744378244 	 10.809626244952023 	 10.736043136194183 	 127.52466666666666 	 125.61066666666666 	 124.19066666666667 	 10.953175714021127 	 10.809829765336527 	 10.768394164818119
5.23 	 0.009999999999999787 	 127.49866666666667 	 125.52533333333334 	 123.98133333333334 	 11.410141609794138 	 11.30757968011821 	 11.278696063326153 	 127.498 	 125.68133333333333 	 124.24866666666667 	 11.417209057675464 	 11.343534937967481 	 11.300213783621775
5.24 	 0.009999999999999787 	 127.20466666666667 	 125.198 	 123.674 	 11.082543851581288 	 10.99497442774046 	 10.996896107538708 	 127.23666666666666 	 125.366 	 123.96866666666666 	 11.08124491602315 	 10.993030094867686 	 10.994226585905086
5.25 	 0.010000000000000231 	 127.07933333333334 	 125.02333333333333 	 123.578 	 11.39378659133516 	 11.282558319025975 	 11.199936726011744 	 127.094 	 125.204 	 123.842 	 11.38911017887994 	 11.29169535543711 	 11.197129215413506
5.260000000000001 	 0.010000000000000231 	 127.47333333333333 	 125.408 	 123.93866666666666 	 11.314413619607317 	 11.200604269413326 	 11.140686912793523 	 127.478 	 125.61333333333333 	 124.22 	 11.304107631004463 	 11.237429520233807 	 11.168449608905735
5.2700000000000005 	 0.009999999999999787 	 126.732 	 124.73066666666666 	 123.216 	 11.106702600982285 	 10.97388382580307 	 10.976156461469865 	 126.74266666666666 	 124.906 	 123.492 	 11.09404252540775 	 10.977666600876526 	 10.926936258622542
5.28 	 0.009999999999999787 	 126.80066666666667 	 124.772 	 123.256 	 11.15309820433567 	 11.084464323246898 	 11.025295037624465 	 126.83266666666667 	 124.978 	 123.54066666666667 	 11.146628767878155 	 11.091386267429934 	 11.041452782834131
5.29 	 0.010000000000000231 	 126.774 	 124.708 	 123.20466666666667 	 11.50809529563139 	 11.426055137272881 	 11.398718271026013 	 126.772 	 124.89866666666667 	 123.478 	 11.500783277672873 	 11.435459394163207 	 11.413567189971767
5.300000000000001 	 0.010000000000000231 	 126.83333333333333 	 124.83466666666666 	 123.328 	 11.18392695890948 	 11.02823640580044 	 10.957086717432391 	 126.85533333333333 	 125.03266666666667 	 123.60533333333333 	 11.190996599449438 	 11.03767485579378 	 10.962857210701152
5.3100000000000005 	 0.009999999999999787 	 126.75266666666667 	 124.808 	 123.346 	 11.20104874058179 	 11.159112987449614 	 11.083363689181487 	 126.736 	 124.998 	 123.60533333333333 	 11.221213719261092 	 11.169511896228949 	 11.103943963995656
5.32 	 0.009999999999999787 	 126.46066666666667 	 124.41666666666667 	 122.90533333333333 	 11.254767266461899 	 11.168843071489345 	 11.093798788312125 	 126.48133333333334 	 124.59333333333333 	 123.196 	 11.263938841374372 	 11.175447294055939 	 11.1163655931244
5.33 	 0.010000000000000231 	 126.40733333333333 	 124.38733333333333 	 122.89466666666667 	 11.340256297319248 	 11.276818680618906 	 11.196825661270648 	 126.438 	 124.564 	 123.18066666666667 	 11.340347848868364 	 11.293150018189493 	 11.200239263317348
5.340000000000001 	 0.010000000000000231 	 125.752 	 123.836 	 122.30066666666667 	 11.012651633462307 	 10.92836236588081 	 10.841076186840903 	 125.778 	 124.028 	 122.58933333333333 	 11.015839323446942 	 10.941323015674719 	 10.855383590131161
5.3500000000000005 	 0.009999999999999787 	 125.84066666666666 	 123.84933333333333 	 122.358 	 11.018920677130264 	 10.885156539475622 	 10.789091836974356 	 125.85133333333333 	 124.02533333333334 	 122.612 	 11.025904266267185 	 10.917174156142952 	 10.8063001377283
5.36 	 0.009999999999999787 	 125.91066666666667 	 123.88933333333334 	 122.35666666666667 	 11.210650570873318 	 11.07211600774165 	 10.990001011020073 	 125.918 	 124.092 	 122.666 	 11.187579839566137 	 11.093280368463304 	 10.99125913320823
5.37 	 0.010000000000000231 	 125.39866666666667 	 123.38666666666667 	 121.85466666666666 	 11.050598696702163 	 10.966972640108523 	 10.953304443053804 	 125.42133333333334 	 123.58066666666667 	 122.14866666666667 	 11.057115878725138 	 10.982508497100692 	 10.948724349845003
5.380000000000001 	 0.010000000000000231 	 125.56266666666667 	 123.60133333333333 	 122.11066666666666 	 11.404008340150503 	 11.31010160087973 	 11.277400094387398 	 125.55533333333334 	 123.75066666666666 	 122.40866666666666 	 11.39550810139192 	 11.31208054348192 	 11.25760446197246
5.390000000000001 	 0.009999999999999787 	 125.47866666666667 	 123.49666666666667 	 121.98466666666667 	 11.138231976196023 	 11.062277744157795 	 10.90298574805187 	 125.486 	 123.66533333333334 	 122.24066666666667 	 11.128662872660549 	 11.035820384346401 	 10.934170272844463
5.4 	 0.009999999999999787 	 125.67666666666666 	 123.66666666666667 	 122.19 	 11.361754070369397 	 11.258044037733889 	 11.220601588150254 	 125.69866666666667 	 123.84333333333333 	 122.45866666666667 	 11.364382879075407 	 11.278598711226891 	 11.232465960578539
5.41 	 0.010000000000000231 	 125.38266666666667 	 123.37666666666667 	 121.85266666666666 	 11.392873483990867 	 11.27723912233053 	 11.219876390683732 	 125.39933333333333 	 123.562 	 122.15933333333334 	 11.389170275114669 	 11.2907996173876 	 11.226365376004628
5.420000000000001 	 0.010000000000000231 	 125.18466666666667 	 123.15466666666667 	 121.72066666666667 	 11.678922534016378 	 11.58838836460398 	 11.537185079366438 	 125.18466666666667 	 123.32866666666666 	 121.96466666666667 	 11.664928841998519 	 11.577419612715474 	 11.553733230240153
5.430000000000001 	 0.009999999999999787 	 125.564 	 123.57333333333334 	 122.11333333333333 	 11.287540505648991 	 11.193299583034287 	 11.126207300283816 	 125.58866666666667 	 123.744 	 122.36866666666667 	 11.291802552687896 	 11.203085765389224 	 11.142684515960337
5.44 	 0.009999999999999787 	 125.09133333333334 	 123.07 	 121.54466666666667 	 11.235553311796542 	 11.116583707836384 	 11.064538168802569 	 125.08666666666667 	 123.246 	 121.80933333333333 	 11.248014145715777 	 11.137750401225555 	 11.061026755635703
5.45 	 0.010000000000000231 	 125.194 	 123.26666666666667 	 121.742 	 11.046101755823182 	 10.91089160222736 	 10.841991022562846 	 125.21466666666667 	 123.452 	 122.03666666666666 	 11.042429603830652 	 10.951333069539983 	 10.860601067876287
5.460000000000001 	 0.010000000000000231 	 125.442 	 123.47466666666666 	 122.0 	 10.817885005859509 	 10.688936253071315 	 10.6578296727492 	 125.468 	 123.64933333333333 	 122.294 	 10.81842453101806 	 10.704751260797961 	 10.655181712825613
5.470000000000001 	 0.009999999999999787 	 124.30133333333333 	 122.34533333333333 	 120.89466666666667 	 10.96600192514219 	 10.934627484382915 	 10.866749202140548 	 124.31866666666667 	 122.50666666666666 	 121.15 	 10.949084507645175 	 10.907823899487113 	 10.870671552392704
5.48 	 0.009999999999999787 	 124.79333333333334 	 122.86066666666666 	 121.372 	 11.403155508698264 	 11.344187331943273 	 11.298389973797152 	 124.80666666666667 	 123.05733333333333 	 121.68533333333333 	 11.415426209982506 	 11.345926415336132 	 11.292932224281797
5.49 	 0.009999999999999787 	 124.57533333333333 	 122.58933333333333 	 121.13933333333334 	 11.232170681672454 	 11.161034281025312 	 11.068028410195236 	 124.59533333333333 	 122.76466666666667 	 121.42133333333334 	 11.230534784931463 	 11.138399865131237 	 11.089866766056701
5.5 	 0.010000000000000231 	 124.062 	 122.06 	 120.60333333333334 	 11.104390543083998 	 11.02502003021612 	 10.954541929669578 	 124.088 	 122.22 	 120.87133333333334 	 11.090367712569316 	 11.025165153713873 	 10.966195552190783
5.510000000000001 	 0.010000000000000231 	 124.37533333333333 	 122.40466666666667 	 120.908 	 11.048731068417867 	 10.937256430303819 	 10.849126047751497 	 124.38933333333334 	 122.55933333333333 	 121.18266666666666 	 11.04888016447318 	 10.934706803974622 	 10.879888153019875
5.5200000000000005 	 0.009999999999999787 	 124.02066666666667 	 122.0 	 120.58133333333333 	 11.226111209536848 	 11.039263260441492 	 10.997486904844315 	 124.03533333333333 	 122.18733333333333 	 120.84733333333334 	 11.23379209745707 	 11.090547306402671 	 11.00242516700548
5.53 	 0.009999999999999787 	 124.184 	 122.22133333333333 	 120.74133333333333 	 11.220553046381745 	 11.11139107202854 	 11.039916585836247 	 124.192 	 122.40133333333333 	 120.992 	 11.227130948436175 	 11.12188225476645 	 11.070257570023683
5.54 	 0.010000000000000231 	 124.10133333333333 	 122.07666666666667 	 120.58066666666667 	 11.057142407612476 	 10.979380168702097 	 10.901719721625982 	 124.10266666666666 	 122.288 	 120.878 	 11.053331001206026 	 10.982154736966088 	 10.904943038212839
5.550000000000001 	 0.010000000000000231 	 124.20466666666667 	 122.17866666666667 	 120.69866666666667 	 11.033167189081395 	 10.904070106565204 	 10.88061877325407 	 124.23 	 122.33666666666667 	 120.93333333333334 	 11.038829950074721 	 10.907030861890059 	 10.85766498326822
5.5600000000000005 	 0.009999999999999787 	 124.32133333333333 	 122.34 	 120.85466666666666 	 11.140051386276856 	 11.03541571487001 	 10.94642460146488 	 124.35533333333333 	 122.51266666666666 	 121.13266666666667 	 11.148560664448523 	 11.04671170781403 	 10.982610476971715
5.57 	 0.009999999999999787 	 123.82866666666666 	 121.86533333333334 	 120.374 	 11.27643464142023 	 11.174578212273707 	 11.14507921311763 	 123.86533333333334 	 122.05333333333333 	 120.65066666666667 	 11.279385247235577 	 11.189749277302369 	 11.128310723355792
5.58 	 0.010000000000000231 	 124.05466666666666 	 122.11333333333333 	 120.66733333333333 	 11.11358080108397 	 10.99723399567162 	 10.945470884749039 	 124.082 	 122.30466666666666 	 120.92133333333334 	 11.095071398298137 	 11.011986418847822 	 10.926442462617413
5.590000000000001 	 0.010000000000000231 	 123.516 	 121.58266666666667 	 120.13266666666667 	 10.911908357386437 	 10.916249335534415 	 10.839883127701249 	 123.54266666666666 	 121.782 	 120.42933333333333 	 10.93021101758282 	 10.937449855123146 	 10.867305993462942
5.6000000000000005 	 0.009999999999999787 	 124.08533333333334 	 122.144 	 120.654 	 11.354325969524666 	 11.267324320056352 	 11.212059757243537 	 124.09333333333333 	 122.302 	 120.91866666666667 	 11.363594892853621 	 11.275465814472293 	 11.231149461307254
5.61 	 0.009999999999999787 	 123.56533333333333 	 121.60533333333333 	 120.172 	 11.258081462763636 	 11.246521160884473 	 11.168336909913371 	 123.60066666666667 	 121.784 	 120.43666666666667 	 11.269244261361195 	 11.242182943420435 	 11.19407531787339
5.62 	 0.010000000000000231 	 123.654 	 121.762 	 120.35333333333334 	 11.44457443507621 	 11.330490839617967 	 11.232593447443719 	 123.672 	 121.94 	 120.61733333333333 	 11.42128492479429 	 11.303704407553008 	 11.252210133519943
5.630000000000001 	 0.010000000000000231 	 123.26933333333334 	 121.30333333333333 	 119.88266666666667 	 11.177393534372056 	 11.054500843045284 	 11.027279789483694 	 123.30866666666667 	 121.51266666666666 	 120.16333333333333 	 11.158198400976547 	 11.067091136437895 	 11.029626265452313
5.640000000000001 	 0.009999999999999787 	 123.23133333333334 	 121.348 	 119.88866666666667 	 10.784332071214342 	 10.765573030111618 	 10.676591445254843 	 123.24866666666667 	 121.524 	 120.17133333333334 	 10.79333891290776 	 10.754538142880273 	 10.683662522229392
5.65 	 0.009999999999999787 	 122.87133333333334 	 120.87466666666667 	 119.38866666666667 	 11.265705106896574 	 11.190068136025307 	 11.127935038551502 	 122.88466666666666 	 121.04866666666666 	 119.674 	 11.292860497775672 	 11.221154050373885 	 11.162842708438266
5.66 	 0.010000000000000231 	 122.78266666666667 	 120.89333333333333 	 119.442 	 11.220075737514234 	 11.102640326617008 	 11.044756040764323 	 122.79533333333333 	 121.06533333333333 	 119.716 	 11.22242301030496 	 11.128869284682768 	 11.048228093228344
5.670000000000001 	 0.010000000000000231 	 122.81866666666667 	 120.90933333333334 	 119.49533333333333 	 11.580174936310572 	 11.45063809963833 	 11.392306390230598 	 122.834 	 121.08066666666667 	 119.75733333333334 	 11.577842804253303 	 11.46674145324449 	 11.406713500780533
5.680000000000001 	 0.009999999999999787 	 122.45933333333333 	 120.522 	 119.06733333333334 	 10.892459756894013 	 10.83704369281586 	 10.748959618906794 	 122.48266666666666 	 120.70866666666667 	 119.328 	 10.897355928032368 	 10.858167044006807 	 10.780619153524222
5.69 	 0.009999999999999787 	 122.708 	 120.738 	 119.28266666666667 	 11.04331182209395 	 10.969656147755954 	 10.897098981941122 	 122.70866666666667 	 120.922 	 119.526 	 11.057476726430654 	 10.999147663948026 	 10.926908254396574
5.7 	 0.010000000000000231 	 122.34466666666667 	 120.44933333333333 	 118.97 	 11.049368227288936 	 10.971695382007082 	 10.945977952350049 	 122.36933333333333 	 120.622 	 119.23533333333333 	 11.03223728694935 	 10.989894570316252 	 10.946595432167737
5.710000000000001 	 0.010000000000000231 	 121.97133333333333 	 120.02533333333334 	 118.57666666666667 	 11.183135139823516 	 11.08732120737717 	 11.047961601832057 	 121.97266666666667 	 120.192 	 118.85733333333333 	 11.189813204676634 	 11.109536563991616 	 11.05162037390395
5.720000000000001 	 0.009999999999999787 	 122.60133333333333 	 120.674 	 119.224 	 11.235704912861003 	 11.218008914241421 	 11.097108812659268 	 122.636 	 120.838 	 119.52533333333334 	 11.232015432088163 	 11.220446634010015 	 11.127444670223658
5.73 	 0.009999999999999787 	 122.33266666666667 	 120.36466666666666 	 118.886 	 11.01396081747565 	 10.92372120153608 	 10.819596603693997 	 122.36066666666666 	 120.54466666666667 	 119.15066666666667 	 11.002602096271994 	 10.938494940143984 	 10.8585434668846
5.74 	 0.009999999999999787 	 121.76133333333334 	 119.86066666666666 	 118.43066666666667 	 11.026772188128714 	 11.046986899401826 	 10.94287559201064 	 121.79133333333333 	 120.02066666666667 	 118.722 	 11.047705261978868 	 11.02138404295133 	 10.961541071704593
5.75 	 0.010000000000000231 	 122.11866666666667 	 120.18933333333334 	 118.78133333333334 	 10.79842202463963 	 10.733071301149337 	 10.703902009184418 	 122.15266666666666 	 120.34266666666667 	 119.04266666666666 	 10.786474225724652 	 10.745475616380237 	 10.710470557148998
5.760000000000001 	 0.010000000000000231 	 121.58133333333333 	 119.65866666666666 	 118.178 	 10.920533483102167 	 10.835842909324384 	 10.7274561756271 	 121.60133333333333 	 119.842 	 118.45333333333333 	 10.921831266881128 	 10.838989928340494 	 10.765801822850396
5.7700000000000005 	 0.009999999999999787 	 121.832 	 119.89133333333334 	 118.43733333333333 	 11.474193188775118 	 11.346814158853382 	 11.29923623770897 	 121.83733333333333 	 120.086 	 118.7 	 11.475548188309883 	 11.376522784518416 	 11.325811229223273
5.78 	 0.009999999999999787 	 121.526 	 119.588 	 118.19266666666667 	 11.12336837473254 	 10.999799513324474 	 10.880297769618052 	 121.56 	 119.76133333333334 	 118.45066666666666 	 11.12341674127154 	 11.019696224891542 	 10.915351554373114
5.79 	 0.010000000000000231 	 121.57466666666667 	 119.65133333333333 	 118.24133333333333 	 11.299399315401189 	 11.248011597117461 	 11.131476012740729 	 121.59666666666666 	 119.82133333333333 	 118.49466666666666 	 11.303538777254177 	 11.252854966135878 	 11.133581554119152
5.800000000000001 	 0.010000000000000231 	 120.90666666666667 	 118.96733333333333 	 117.59266666666667 	 10.713758547877687 	 10.583679238441714 	 10.545208053371393 	 120.93266666666666 	 119.156 	 117.862 	 10.72654648782895 	 10.591616055478346 	 10.534275295434423
5.8100000000000005 	 0.009999999999999787 	 121.31933333333333 	 119.40333333333334 	 117.93466666666667 	 11.511792195638156 	 11.413879951863676 	 11.346470738613933 	 121.34466666666667 	 119.59266666666667 	 118.21933333333334 	 11.510714062221432 	 11.389413778690377 	 11.344626902439567
