0.01	0.514949494949	1.0198989899	1.52484848485	2.0297979798	2.53474747475	3.0396969697	3.54464646465	4.0495959596	4.55454545455	5.05949494949	5.56444444444	6.06939393939	6.57434343434	7.07929292929	7.58424242424	8.08919191919	8.59414141414	9.09909090909	9.60404040404	10.108989899	10.6139393939	11.1188888889	11.6238383838	12.1287878788	12.6337373737	13.1386868687	13.6436363636	14.1485858586	14.6535353535	15.1584848485	15.6634343434	16.1683838384	16.6733333333	17.1782828283	17.6832323232	18.1881818182	18.6931313131	19.1980808081	19.703030303	20.207979798	20.7129292929	21.2178787879	21.7228282828	22.2277777778	22.7327272727	23.2376767677	23.7426262626	24.2475757576	24.7525252525	25.2574747475	25.7624242424	26.2673737374	26.7723232323	27.2772727273	27.7822222222	28.2871717172	28.7921212121	29.2970707071	29.802020202	30.306969697	30.8119191919	31.3168686869	31.8218181818	32.3267676768	32.8317171717	33.3366666667	33.8416161616	34.3465656566	34.8515151515	35.3564646465	35.8614141414	36.3663636364	36.8713131313	37.3762626263	37.8812121212	38.3861616162	38.8911111111	39.3960606061	39.901010101	40.405959596	40.9109090909	41.4158585859	41.9208080808	42.4257575758	42.9307070707	43.4356565657	43.9406060606	44.4455555556	44.9505050505	45.4554545455	45.9604040404	46.4653535354	46.9703030303	47.4752525253	47.9802020202	48.4851515152	48.9901010101	49.4950505051	50.0	
0.0	0.0	0.0	0.0	0.0	0.0	0.0	0.0	0.0	0.0	0.0	0.0	0.0	0.0	0.0	0.0	0.0	0.0	0.0	0.0	0.0	0.0	0.0	0.0	0.0	0.0	0.0	0.0	0.0	0.0	0.0	0.0	0.0	0.0	0.0	0.0	0.0	0.0	0.0	0.0	0.0	0.0	0.0	0.0	0.0	0.0	0.0	0.0	0.0	0.0	0.0	0.0	0.0	0.0	0.0	0.0	0.0	0.0	0.0	0.0	0.0	0.0	0.0	0.0	0.0	0.0	0.0	0.0	0.0	0.0	0.0	0.0	0.0	0.0	0.0	0.0	0.0	0.0	0.0	0.0	0.0	0.0	0.0	0.0	0.0	0.0	0.0	0.0	0.0	0.0	0.0	0.0	0.0	0.0	0.0	0.0	0.0	0.0	0.0	
0.0	0.0	0.0	0.0	0.0	0.0	0.0	0.0	0.0	0.0	0.0	0.0	0.0	0.0	0.0	0.0	0.0	0.0	0.0	0.0	0.0	0.0	0.0	0.0	0.0	0.0	0.0	0.0	0.0	0.0	0.0	0.0	0.0	0.0	0.0	0.0	0.0	0.0	0.0	0.0	0.0	0.0	0.0	0.0	0.0	0.0	0.0	0.0	0.0	0.0	0.0	0.0	0.0	0.0	0.0	0.0	0.0	0.0	0.0	0.0	0.0	0.0	0.0	0.0	0.0	0.0	0.0	0.0	0.0	0.0	0.0	0.0	0.0	0.0	0.0	0.0	0.0	0.0	0.0	0.0	0.0	0.0	0.0	0.0	0.0	0.0	0.0	0.0	0.0	0.0	0.0	0.0	0.0	0.0	0.0	0.0	0.0	0.0	0.0	
0.0	0.0	0.0	0.0	0.0	0.0	0.0	0.0	0.0	0.0	0.0	0.0	0.0	0.0	0.0	0.0	0.0	0.0	0.0	0.0	0.0	0.0	0.0	0.0	0.0	0.0	0.0	0.0	0.0	0.0	0.0	0.0	0.0	0.0	0.0	0.0	0.0	0.0	0.0	0.0	0.0	0.0	0.0	0.0	0.0	0.0	0.0	0.0	0.0	0.0	0.0	0.0	0.0	0.0	0.0	0.0	0.0	0.0	0.0	0.0	0.0	0.0	0.0	0.0	0.0	0.0	0.0	0.0	0.0	0.0	0.0	0.0	0.0	0.0	0.0	0.0	0.0	0.0	0.0	0.0	0.0	0.0	0.0	0.0	0.0	0.0	0.0	0.0	0.0	0.0	0.0	0.0	0.0	0.0	0.0	0.0	0.0	0.0	0.0	
0.0	0.0	0.0	0.0	0.0	0.0	0.0	0.0	0.0	0.0	0.0	0.0	0.0	0.0	0.0	0.0	0.0	0.0	0.0	0.0	0.0	0.0	0.0	0.0	0.0	0.0	0.0	0.0	0.0	0.0	0.0	0.0	0.0	0.0	0.0	0.0	0.0	0.0	0.0	0.0	0.0	0.0	0.0	0.0	0.0	0.0	0.0	0.0	0.0	0.0	0.0	0.0	0.0	0.0	0.0	0.0	0.0	0.0	0.0	0.0	0.0	0.0	0.0	0.0	0.0	0.0	0.0	0.0	0.0	0.0	0.0	0.0	0.0	0.0	0.0	0.0	0.0	0.0	0.0	0.0	0.0	0.0	0.0	0.0	0.0	0.0	0.0	0.0	0.0	0.0	0.0	0.0	0.0	0.0	0.0	0.0	0.0	0.0	0.0	
0.0	0.0	0.0	0.0	0.0	0.0	0.0	0.0	0.0	0.0	0.0	0.0	0.0	0.0	0.0	0.0	0.0	0.0	0.0	0.0	0.0	0.0	0.0	0.0	0.0	0.0	0.0	0.0	0.0	0.0	0.0	0.0	0.0	0.0	0.0	0.0	0.0	0.0	0.0	0.0	0.0	0.0	0.0	0.0	0.0	0.0	0.0	0.0	0.0	0.0	0.0	0.0	0.0	0.0	0.0	0.0	0.0	0.0	0.0	0.0	0.0	0.0	0.0	0.0	0.0	0.0	0.0	0.0	0.0	0.0	0.0	0.0	0.0	0.0	0.0	0.0	0.0	0.0	0.0	0.0	0.0	0.0	0.0	0.0	0.0	0.0	0.0	0.0	0.0	0.0	0.0	0.0	0.0	0.0	0.0	0.0	0.0	0.0	0.0	
0.0	0.0	0.0	0.0	0.0	0.0	0.0	0.0	0.0	0.0	0.0	0.0	0.0	0.0	0.0	0.0	0.0	0.0	0.0	0.0	0.0	0.0	0.0	0.0	0.0	0.0	0.0	0.0	0.0	0.0	0.0	0.0	0.0	0.0	0.0	0.0	0.0	0.0	0.0	0.0	0.0	0.0	0.0	0.0	0.0	0.0	0.0	0.0	0.0	0.0	0.0	0.0	0.0	0.0	0.0	0.0	0.0	0.0	0.0	0.0	0.0	0.0	0.0	0.0	0.0	0.0	0.0	0.0	0.0	0.0	0.0	0.0	0.0	0.0	0.0	0.0	0.0	0.0	0.0	0.0	0.0	0.0	0.0	0.0	0.0	0.0	0.0	0.0	0.0	0.0	0.0	0.0	0.0	0.0	0.0	0.0	0.0	0.0	0.0	
0.0	0.0	0.0	0.0	0.0	0.0	0.0	0.0	0.0	0.0	0.0	0.0	0.0	0.0	0.0	0.0	0.0	0.0	0.0	0.0	0.0	0.0	0.0	0.0	0.0	0.0	0.0	0.0	0.0	0.0	0.0	0.0	0.0	0.0	0.0	0.0	0.0	0.0	0.0	0.0	0.0	0.0	0.0	0.0	0.0	0.0	0.0	0.0	0.0	0.0	0.0	0.0	0.0	0.0	0.0	0.0	0.0	0.0	0.0	0.0	0.0	0.0	0.0	0.0	0.0	0.0	0.0	0.0	0.0	0.0	0.0	0.0	0.0	0.0	0.0	0.0	0.0	0.0	0.0	0.0	0.0	0.0	0.0	0.0	0.0	0.0	0.0	0.0	0.0	0.0	0.0	0.0	0.0	0.0	0.0	0.0	0.0	0.0	0.0	
0.0	0.0	0.0	0.0	0.0	0.0	0.0	0.0	0.0	0.0	0.0	0.0	0.0	0.0	0.0	0.0	0.0	0.0	0.0	0.0	0.0	0.0	0.0	0.0	0.0	0.0	0.0	0.0	0.0	0.0	0.0	0.0	0.0	0.0	0.0	0.0	0.0	0.0	0.0	0.0	0.0	0.0	0.0	0.0	0.0	0.0	0.0	0.0	0.0	0.0	0.0	0.0	0.0	0.0	0.0	0.0	0.0	0.0	0.0	0.0	0.0	0.0	0.0	0.0	0.0	0.0	0.0	0.0	0.0	0.0	0.0	0.0	0.0	0.0	0.0	0.0	0.0	0.0	0.0	0.0	0.0	0.0	0.0	0.0	0.0	0.0	0.0	0.0	0.0	0.0	0.0	0.0	0.0	0.0	0.0	0.0	0.0	0.0	0.0	
0.0	0.0	0.0	0.0	0.0	0.0	0.0	0.0	0.0	0.0	0.0	0.0	0.0	0.0	0.0	0.0	0.0	0.0	0.0	0.0	0.0	0.0	0.0	0.0	0.0	0.0	0.0	0.0	0.0	0.0	0.0	0.0	0.0	0.0	0.0	0.0	0.0	0.0	0.0	0.0	0.0	0.0	0.0	0.0	0.0	0.0	0.0	0.0	0.0	0.0	0.0	0.0	0.0	0.0	0.0	0.0	0.0	0.0	0.0	0.0	0.0	0.0	0.0	0.0	0.0	0.0	0.0	0.0	0.0	0.0	0.0	0.0	0.0	0.0	0.0	0.0	0.0	0.0	0.0	0.0	0.0	0.0	0.0	0.0	0.0	0.0	0.0	0.0	0.0	0.0	0.0	0.0	0.0	0.0	0.0	0.0	0.0	0.0	0.0	
0.0	0.0	0.0	0.0	0.0	0.0	0.0	0.0	0.0	0.0	0.0	0.0	0.0	0.0	0.0	0.0	0.0	0.0	0.0	0.0	0.0	0.0	0.0	0.0	0.0	0.0	0.0	0.0	0.0	0.0	0.0	0.0	0.0	0.0	0.0	0.0	0.0	0.0	0.0	0.0	0.0	0.0	0.0	0.0	0.0	0.0	0.0	0.0	0.0	0.0	0.0	0.0	0.0	0.0	0.0	0.0	0.0	0.0	0.0	0.0	0.0	0.0	0.0	0.0	0.0	0.0	0.0	0.0	0.0	0.0	0.0	0.0	0.0	0.0	0.0	0.0	0.0	0.0	0.0	0.0	0.0	0.0	0.0	0.0	0.0	0.0	0.0	0.0	0.0	0.0	0.0	0.0	0.0	0.0	0.0	0.0	0.0	0.0	0.0	
0.0	0.0	0.0	0.0	0.0	0.0	0.0	0.0	0.0	0.0	0.0	0.0	0.0	0.0	0.0	0.0	0.0	0.0	0.0	0.0	0.0	0.0	0.0	0.0	0.0	0.0	0.0	0.0	0.0	0.0	0.0	0.0	0.0	0.0	0.0	0.0	0.0	0.0	0.0	0.0	0.0	0.0	0.0	0.0	0.0	0.0	0.0	0.0	0.0	0.0	0.0	0.0	0.0	0.0	0.0	0.0	0.0	0.0	0.0	0.0	0.0	0.0	0.0	0.0	0.0	0.0	0.0	0.0	0.0	0.0	0.0	0.0	0.0	0.0	0.0	0.0	0.0	0.0	0.0	0.0	0.0	0.0	0.0	0.0	0.0	0.0	0.0	0.0	0.0	0.0	0.0	0.0	0.0	0.0	0.0	0.0	0.0	0.0	0.0	
0.0	0.0	0.0	0.0	0.0	0.0	0.0	0.0	0.0	0.0	0.0	0.0	0.0	0.0	0.0	0.0	0.0	0.0	0.0	0.0	0.0	0.0	0.0	0.0	0.0	0.0	0.0	0.0	0.0	0.0	0.0	0.0	0.0	0.0	0.0	0.0	0.0	0.0	0.0	0.0	0.0	0.0	0.0	0.0	0.0	0.0	0.0	0.0	0.0	0.0	0.0	0.0	0.0	0.0	0.0	0.0	0.0	0.0	0.0	0.0	0.0	0.0	0.0	0.0	0.0	0.0	0.0	0.0	0.0	0.0	0.0	0.0	0.0	0.0	0.0	0.0	0.0	0.0	0.0	0.0	0.0	0.0	0.0	0.0	0.0	0.0	0.0	0.0	0.0	0.0	0.0	0.0	0.0	0.0	0.0	0.0	0.0	0.0	0.0	
0.0	0.0	0.0	0.0	0.0	0.0	0.0	0.0	0.0	0.0	0.0	0.0	0.0	0.0	0.0	0.0	0.0	0.0	0.0	0.0	0.0	0.0	0.0	0.0	0.0	0.0	0.0	0.0	0.0	0.0	0.0	0.0	0.0	0.0	0.0	0.0	0.0	0.0	0.0	0.0	0.0	0.0	0.0	0.0	0.0	0.0	0.0	0.0	0.0	0.0	0.0	0.0	0.0	0.0	0.0	0.0	0.0	0.0	0.0	0.0	0.0	0.0	0.0	0.0	0.0	0.0	0.0	0.0	0.0	0.0	0.0	0.0	0.0	0.0	0.0	0.0	0.0	0.0	0.0	0.0	0.0	0.0	0.0	0.0	0.0	0.0	0.0	0.0	0.0	0.0	0.0	0.0	0.0	0.0	0.0	0.0	0.0	0.0	0.0	
0.0	0.0	0.0	0.0	0.0	0.0	0.0	0.0	0.0	0.0	0.0	0.0	0.0	0.0	0.0	0.0	0.0	0.0	0.0	0.0	0.0	0.0	0.0	0.0	0.0	0.0	0.0	0.0	0.0	0.0	0.0	0.0	0.0	0.0	0.0	0.0	0.0	0.0	0.0	0.0	0.0	0.0	0.0	0.0	0.0	0.0	0.0	0.0	0.0	0.0	0.0	0.0	0.0	0.0	0.0	0.0	0.0	0.0	0.0	0.0	0.0	0.0	0.0	0.0	0.0	0.0	0.0	0.0	0.0	0.0	0.0	0.0	0.0	0.0	0.0	0.0	0.0	0.0	0.0	0.0	0.0	0.0	0.0	0.0	0.0	0.0	0.0	0.0	0.0	0.0	0.0	0.0	0.0	0.0	0.0	0.0	0.0	0.0	0.0	
0.0	0.0	0.0	0.0	0.0	0.0	0.0	0.0	0.0	0.0	0.0	0.0	0.0	0.0	0.0	0.0	0.0	0.0	0.0	0.0	0.0	0.0	0.0	0.0	0.0	0.0	0.0	0.0	0.0	0.0	0.0	0.0	0.0	0.0	0.0	0.0	0.0	0.0	0.0	0.0	0.0	0.0	0.0	0.0	0.0	0.0	0.0	0.0	0.0	0.0	0.0	0.0	0.0	0.0	0.0	0.0	0.0	0.0	0.0	0.0	0.0	0.0	0.0	0.0	0.0	0.0	0.0	0.0	0.0	0.0	0.0	0.0	0.0	0.0	0.0	0.0	0.0	0.0	0.0	0.0	0.0	0.0	0.0	0.0	0.0	0.0	0.0	0.0	0.0	0.0	0.0	0.0	0.0	0.0	0.0	0.0	0.0	0.0	0.0	
0.0	0.0	0.0	0.0	0.0	0.0	0.0	0.0	0.0	0.0	0.0	0.0	0.0	0.0	0.0	0.0	0.0	0.0	0.0	0.0	0.0	0.0	0.0	0.0	0.0	0.0	0.0	0.0	0.0	0.0	0.0	0.0	0.0	0.0	0.0	0.0	0.0	0.0	0.0	0.0	0.0	0.0	0.0	0.0	0.0	0.0	0.0	0.0	0.0	0.0	0.0	0.0	0.0	0.0	0.0	0.0	0.0	0.0	0.0	0.0	0.0	0.0	0.0	0.0	0.0	0.0	0.0	0.0	0.0	0.0	0.0	0.0	0.0	0.0	0.0	0.0	0.0	0.0	0.0	0.0	0.0	0.0	0.0	0.0	0.0	0.0	0.0	0.0	0.0	0.0	0.0	0.0	0.0	0.0	0.0	0.0	0.0	0.0	0.0	
0.0	0.0	0.0	0.0	0.0	0.0	0.0	0.0	0.0	0.0	0.0	0.0	0.0	0.0	0.0	0.0	0.0	0.0	0.0	0.0	0.0	0.0	0.0	0.0	0.0	0.0	0.0	0.0	0.0	0.0	0.0	0.0	0.0	0.0	0.0	0.0	0.0	0.0	0.0	0.0	0.0	0.0	0.0	0.0	0.0	0.0	0.0	0.0	0.0	0.0	0.0	0.0	0.0	0.0	0.0	0.0	0.0	0.0	0.0	0.0	0.0	0.0	0.0	0.0	0.0	0.0	0.0	0.0	0.0	0.0	0.0	0.0	0.0	0.0	0.0	0.0	0.0	0.0	0.0	0.0	0.0	0.0	0.0	0.0	0.0	0.0	0.0	0.0	0.0	0.0	0.0	0.0	0.0	0.0	0.0	0.0	0.0	0.0	0.0	
0.0	0.0	0.0	0.0	0.0	0.0	0.0	0.0	0.0	0.0	0.0	0.0	0.0	0.0	0.0	0.0	0.0	0.0	0.0	0.0	0.0	0.0	0.0	0.0	0.0	0.0	0.0	0.0	0.0	0.0	0.0	0.0	0.0	0.0	0.0	0.0	0.0	0.0	0.0	0.0	0.0	0.0	0.0	0.0	0.0	0.0	0.0	0.0	0.0	0.0	0.0	0.0	0.0	0.0	0.0	0.0	0.0	0.0	0.0	0.0	0.0	0.0	0.0	0.0	0.0	0.0	0.0	0.0	0.0	0.0	0.0	0.0	0.0	0.0	0.0	0.0	0.0	0.0	0.0	0.0	0.0	0.0	0.0	0.0	0.0	0.0	0.0	0.0	0.0	0.0	0.0	0.0	0.0	0.0	0.0	0.0	0.0	0.0	0.0	
0.0	0.0	0.0	0.0	0.0	0.0	0.0	0.0	0.0	0.0	0.0	0.0	0.0	0.0	0.0	0.0	0.0	0.0	0.0	0.0	0.0	0.0	0.0	0.0	0.0	0.0	0.0	0.0	0.0	0.0	0.0	0.0	0.0	0.0	0.0	0.0	0.0	0.0	0.0	0.0	0.0	0.0	0.0	0.0	0.0	0.0	0.0	0.0	0.0	0.0	0.0	0.0	0.0	0.0	0.0	0.0	0.0	0.0	0.0	0.0	0.0	0.0	0.0	0.0	0.0	0.0	0.0	0.0	0.0	0.0	0.0	0.0	0.0	0.0	0.0	0.0	0.0	0.0	0.0	0.0	0.0	0.0	0.0	0.0	0.0	0.0	0.0	0.0	0.0	0.0	0.0	0.0	0.0	0.0	0.0	0.0	0.0	0.0	0.0	
0.0	0.0	0.0	0.0	0.0	0.0	0.0	0.0	0.0	0.0	0.0	0.0	0.0	0.0	0.0	0.0	0.0	0.0	0.0	0.0	0.0	0.0	0.0	0.0	0.0	0.0	0.0	0.0	0.0	0.0	0.0	0.0	0.0	0.0	0.0	0.0	0.0	0.0	0.0	0.0	0.0	0.0	0.0	0.0	0.0	0.0	0.0	0.0	0.0	0.0	0.0	0.0	0.0	0.0	0.0	0.0	0.0	0.0	0.0	0.0	0.0	0.0	0.0	0.0	0.0	0.0	0.0	0.0	0.0	0.0	0.0	0.0	0.0	0.0	0.0	0.0	0.0	0.0	0.0	0.0	0.0	0.0	0.0	0.0	0.0	0.0	0.0	0.0	0.0	0.0	0.0	0.0	0.0	0.0	0.0	0.0	0.0	0.0	0.0	
0.0	0.0	0.0	0.0	0.0	0.0	0.0	0.0	0.0	0.0	0.0	0.0	0.0	0.0	0.0	0.0	0.0	0.0	0.0	0.0	0.0	0.0	0.0	0.0	0.0	0.0	0.0	0.0	0.0	0.0	0.0	0.0	0.0	0.0	0.0	0.0	0.0	0.0	0.0	0.0	0.0	0.0	0.0	0.0	0.0	0.0	0.0	0.0	0.0	0.0	0.0	0.0	0.0	0.0	0.0	0.0	0.0	0.0	0.0	0.0	0.0	0.0	0.0	0.0	0.0	0.0	0.0	0.0	0.0	0.0	0.0	0.0	0.0	0.0	0.0	0.0	0.0	0.0	0.0	0.0	0.0	0.0	0.0	0.0	0.0	0.0	0.0	0.0	0.0	0.0	0.0	0.0	0.0	0.0	0.0	0.0	0.0	0.0	0.0	
0.0	0.0	0.0	0.0	0.0	0.0	0.0	0.0	0.0	0.0	0.0	0.0	0.0	0.0	0.0	0.0	0.0	0.0	0.0	0.0	0.0	0.0	0.0	0.0	0.0	0.0	0.0	0.0	0.0	0.0	0.0	0.0	0.0	0.0	0.0	0.0	0.0	0.0	0.0	0.0	0.0	0.0	0.0	0.0	0.0	0.0	0.0	0.0	0.0	0.0	0.0	0.0	0.0	0.0	0.0	0.0	0.0	0.0	0.0	0.0	0.0	0.0	0.0	0.0	0.0	0.0	0.0	0.0	0.0	0.0	0.0	0.0	0.0	0.0	0.0	0.0	0.0	0.0	0.0	0.0	0.0	0.0	0.0	0.0	0.0	0.0	0.0	0.0	0.0	0.0	0.0	0.0	0.0	0.0	0.0	0.0	0.0	0.0	0.0	
0.0	0.0	0.0	0.0	0.0	0.0	0.0	0.0	0.0	0.0	0.0	0.0	0.0	0.0	0.0	0.0	0.0	0.0	0.0	0.0	0.0	0.0	0.0	0.0	0.0	0.0	0.0	0.0	0.0	0.0	0.0	0.0	0.0	0.0	0.0	0.0	0.0	0.0	0.0	0.0	0.0	0.0	0.0	0.0	0.0	0.0	0.0	0.0	0.0	0.0	0.0	0.0	0.0	0.0	0.0	0.0	0.0	0.0	0.0	0.0	0.0	0.0	0.0	0.0	0.0	0.0	0.0	0.0	0.0	0.0	0.0	0.0	0.0	0.0	0.0	0.0	0.0	0.0	0.0	0.0	0.0	0.0	0.0	0.0	0.0	0.0	0.0	0.0	0.0	0.0	0.0	0.0	0.0	0.0	0.0	0.0	0.0	0.0	0.0	
0.0	0.0	0.0	0.0	0.0	0.0	0.0	0.0	0.0	0.0	0.0	0.0	0.0	0.0	0.0	0.0	0.0	0.0	0.0	0.0	0.0	0.0	0.0	0.0	0.0	0.0	0.0	0.0	0.0	0.0	0.0	0.0	0.0	0.0	0.0	0.0	0.0	0.0	0.0	0.0	0.0	0.0	0.0	0.0	0.0	0.0	0.0	0.0	0.0	0.0	0.0	0.0	0.0	0.0	0.0	0.0	0.0	0.0	0.0	0.0	0.0	0.0	0.0	0.0	0.0	0.0	0.0	0.0	0.0	0.0	0.0	0.0	0.0	0.0	0.0	0.0	0.0	0.0	0.0	0.0	0.0	0.0	0.0	0.0	0.0	0.0	0.0	0.0	0.0	0.0	0.0	0.0	0.0	0.0	0.0	0.0	0.0	0.0	0.0	
0.02	0.0	0.0	0.0	0.0	0.0	0.0	0.0	0.0	0.0	0.0	0.0	0.0	0.0	0.0	0.0	0.0	0.0	0.0	0.0	0.0	0.0	0.0	0.0	0.0	0.0	0.0	0.0	0.0	0.0	0.0	0.0	0.0	0.0	0.0	0.0	0.0	0.0	0.0	0.0	0.0	0.0	0.0	0.0	0.0	0.0	0.0	0.0	0.0	0.0	0.0	0.0	0.0	0.0	0.0	0.0	0.0	0.0	0.0	0.0	0.0	0.0	0.0	0.0	0.0	0.0	0.0	0.0	0.0	0.0	0.0	0.0	0.0	0.0	0.0	0.0	0.0	0.0	0.0	0.0	0.0	0.0	0.0	0.0	0.0	0.0	0.0	0.0	0.0	0.0	0.0	0.0	0.0	0.0	0.0	0.0	0.0	0.0	0.0	
0.0	0.0	0.0	0.0	0.0	0.0	0.0	0.0	0.0	0.0	0.0	0.0	0.0	0.0	0.0	0.0	0.0	0.0	0.0	0.0	0.0	0.0	0.0	0.0	0.0	0.0	0.0	0.0	0.0	0.0	0.0	0.0	0.0	0.0	0.0	0.0	0.0	0.0	0.0	0.0	0.0	0.0	0.0	0.0	0.0	0.0	0.0	0.02	0.0	0.0	0.0	0.0	0.0	0.0	0.0	0.0	0.0	0.02	0.0	0.0	0.0	0.0	0.0	0.0	0.0	0.0	0.0	0.0	0.0	0.0	0.0	0.0	0.02	0.0	0.0	0.0	0.0	0.0	0.0	0.0	0.0	0.0	0.0	0.0	0.0	0.0	0.0	0.0	0.0	0.0	0.0	0.0	0.0	0.0	0.0	0.0	0.0	0.0	0.0	
0.0	0.02	0.02	0.0	0.0	0.0	0.0	0.0	0.0	0.0	0.0	0.0	0.0	0.0	0.0	0.02	0.0	0.0	0.0	0.04	0.0	0.0	0.0	0.02	0.0	0.0	0.02	0.0	0.0	0.0	0.0	0.02	0.0	0.0	0.0	0.02	0.0	0.0	0.0	0.0	0.0	0.0	0.0	0.0	0.0	0.0	0.0	0.0	0.0	0.0	0.0	0.0	0.0	0.0	0.0	0.0	0.0	0.02	0.0	0.0	0.0	0.0	0.0	0.0	0.0	0.0	0.0	0.0	0.0	0.0	0.0	0.0	0.0	0.0	0.0	0.0	0.0	0.0	0.0	0.0	0.0	0.02	0.0	0.0	0.0	0.0	0.0	0.0	0.0	0.0	0.0	0.0	0.0	0.0	0.0	0.0	0.0	0.0	0.0	
0.0	0.0	0.02	0.0	0.0	0.0	0.02	0.02	0.02	0.02	0.04	0.0	0.02	0.02	0.02	0.02	0.04	0.02	0.0	0.0	0.02	0.0	0.0	0.02	0.0	0.02	0.02	0.0	0.0	0.04	0.02	0.0	0.0	0.04	0.02	0.0	0.0	0.0	0.0	0.02	0.02	0.0	0.0	0.0	0.0	0.02	0.0	0.02	0.02	0.0	0.02	0.0	0.0	0.0	0.0	0.0	0.0	0.0	0.0	0.0	0.02	0.0	0.0	0.0	0.02	0.0	0.02	0.02	0.0	0.0	0.0	0.0	0.0	0.0	0.0	0.0	0.0	0.0	0.0	0.0	0.0	0.02	0.0	0.0	0.0	0.0	0.0	0.0	0.0	0.0	0.0	0.0	0.0	0.0	0.0	0.0	0.0	0.0	0.0	
0.04	0.02	0.04	0.0	0.0	0.0	0.02	0.02	0.08	0.06	0.08	0.02	0.08	0.1	0.1	0.1	0.02	0.04	0.04	0.02	0.04	0.0	0.0	0.02	0.04	0.0	0.02	0.0	0.04	0.02	0.04	0.1	0.06	0.0	0.04	0.02	0.04	0.04	0.02	0.02	0.02	0.04	0.04	0.02	0.04	0.0	0.02	0.0	0.0	0.02	0.08	0.02	0.02	0.0	0.0	0.02	0.0	0.0	0.0	0.02	0.06	0.02	0.0	0.0	0.04	0.02	0.0	0.0	0.0	0.0	0.0	0.0	0.04	0.0	0.0	0.0	0.02	0.0	0.0	0.02	0.04	0.02	0.02	0.04	0.0	0.0	0.0	0.0	0.04	0.0	0.0	0.0	0.0	0.02	0.0	0.0	0.0	0.02	0.0	
0.12	0.08	0.1	0.14	0.06	0.12	0.12	0.12	0.16	0.02	0.14	0.12	0.12	0.16	0.04	0.12	0.18	0.14	0.14	0.08	0.08	0.04	0.08	0.06	0.08	0.04	0.0	0.0	0.04	0.08	0.06	0.06	0.08	0.08	0.1	0.02	0.1	0.06	0.02	0.1	0.06	0.04	0.06	0.06	0.06	0.06	0.06	0.04	0.06	0.06	0.06	0.0	0.02	0.02	0.1	0.1	0.04	0.04	0.04	0.04	0.08	0.08	0.04	0.0	0.02	0.04	0.04	0.0	0.02	0.04	0.02	0.02	0.02	0.04	0.04	0.0	0.02	0.06	0.04	0.02	0.02	0.04	0.02	0.0	0.0	0.0	0.02	0.04	0.02	0.06	0.0	0.0	0.04	0.02	0.0	0.0	0.0	0.0	0.02	
0.38	0.16	0.18	0.2	0.24	0.24	0.3	0.18	0.14	0.28	0.22	0.34	0.16	0.26	0.2	0.38	0.28	0.28	0.24	0.12	0.08	0.08	0.2	0.08	0.08	0.02	0.18	0.06	0.16	0.18	0.18	0.22	0.28	0.12	0.2	0.16	0.2	0.26	0.06	0.12	0.12	0.06	0.16	0.12	0.22	0.18	0.18	0.1	0.14	0.18	0.14	0.14	0.14	0.14	0.2	0.16	0.1	0.1	0.14	0.12	0.06	0.08	0.06	0.12	0.12	0.04	0.06	0.02	0.04	0.04	0.06	0.04	0.08	0.02	0.04	0.08	0.04	0.06	0.06	0.06	0.06	0.08	0.02	0.06	0.08	0.12	0.02	0.04	0.04	0.12	0.04	0.0	0.0	0.02	0.04	0.04	0.02	0.02	0.06	
0.26	0.44	0.44	0.4	0.48	0.34	0.36	0.54	0.34	0.28	0.6	0.42	0.7	0.5	0.6	0.42	0.5	0.54	0.44	0.24	0.2	0.32	0.36	0.28	0.2	0.3	0.18	0.2	0.3	0.32	0.24	0.3	0.38	0.36	0.34	0.28	0.36	0.28	0.26	0.2	0.12	0.3	0.24	0.2	0.24	0.4	0.34	0.22	0.22	0.24	0.2	0.26	0.18	0.26	0.16	0.22	0.14	0.1	0.18	0.12	0.22	0.2	0.16	0.2	0.18	0.18	0.16	0.2	0.14	0.14	0.14	0.1	0.12	0.1	0.02	0.16	0.14	0.12	0.1	0.02	0.14	0.06	0.06	0.08	0.04	0.1	0.1	0.12	0.04	0.02	0.04	0.08	0.02	0.14	0.08	0.08	0.14	0.06	0.1	
0.7	0.92	0.68	0.86	0.86	0.64	0.86	0.66	0.64	0.66	1.04	0.86	0.84	0.86	0.72	0.74	0.84	0.8	0.8	0.54	0.42	0.44	0.26	0.5	0.38	0.4	0.3	0.6	0.48	0.54	0.6	0.68	0.62	0.46	0.56	0.6	0.54	0.56	0.38	0.38	0.42	0.26	0.32	0.52	0.16	0.26	0.46	0.26	0.32	0.38	0.26	0.24	0.28	0.28	0.42	0.46	0.2	0.46	0.3	0.22	0.24	0.2	0.16	0.12	0.58	0.22	0.24	0.22	0.38	0.18	0.18	0.22	0.14	0.28	0.18	0.14	0.26	0.16	0.18	0.26	0.3	0.22	0.22	0.12	0.26	0.18	0.22	0.14	0.18	0.08	0.16	0.12	0.14	0.1	0.1	0.12	0.12	0.04	0.14	
1.56	1.12	1.56	0.96	1.32	1.16	1.34	1.16	1.32	1.24	1.0	1.48	1.3	1.38	1.26	1.2	1.34	1.4	1.46	0.68	0.56	0.78	0.64	0.86	0.6	0.94	0.86	0.68	0.68	1.08	0.92	1.06	0.96	1.06	1.04	0.88	0.76	1.02	0.72	0.82	0.6	0.48	0.76	0.5	0.64	0.62	0.58	0.68	0.6	0.7	0.64	0.64	0.54	0.52	0.42	0.48	0.52	0.28	0.56	0.32	0.36	0.32	0.72	0.64	0.3	0.52	0.5	0.48	0.48	0.4	0.26	0.56	0.48	0.4	0.38	0.34	0.42	0.46	0.4	0.3	0.38	0.38	0.46	0.38	0.3	0.28	0.34	0.16	0.2	0.2	0.28	0.3	0.22	0.2	0.22	0.3	0.18	0.24	0.22	
2.0	1.86	1.56	1.82	1.76	1.82	2.0	2.04	1.86	2.26	1.58	2.32	2.34	1.92	1.82	2.0	1.86	1.9	2.26	1.22	1.24	1.52	1.08	0.98	1.0	1.14	0.98	0.94	1.44	1.46	1.56	1.52	1.46	1.44	1.54	1.42	1.42	1.68	1.04	0.96	0.94	0.98	0.98	0.92	1.04	1.12	1.02	0.94	1.04	1.14	1.0	0.76	0.64	0.9	0.76	1.02	0.78	0.8	0.64	0.64	0.62	0.68	1.02	0.78	0.72	0.78	0.76	0.32	0.6	0.46	0.68	0.82	0.72	0.54	0.76	0.62	0.78	0.54	0.34	0.58	0.38	0.56	0.46	0.4	0.7	0.44	0.42	0.34	0.46	0.44	0.38	0.38	0.22	0.4	0.48	0.46	0.3	0.3	0.38	
2.42	2.9	2.68	2.18	2.76	2.94	2.32	2.58	2.6	2.7	3.5	3.32	2.8	3.06	3.02	3.54	3.0	3.32	2.84	2.08	1.86	1.62	2.08	1.64	1.54	1.52	1.42	1.58	1.66	2.14	2.08	2.0	2.26	2.18	2.88	2.12	1.9	2.38	1.68	1.3	1.36	1.28	1.48	1.5	1.28	1.38	1.4	1.3	1.1	1.56	1.14	1.32	1.22	1.44	1.26	1.44	1.32	1.26	1.0	0.92	1.16	1.14	0.98	1.22	0.94	1.06	0.96	0.84	1.0	0.92	0.68	0.86	0.66	0.86	1.0	0.94	0.82	0.82	1.04	0.8	0.62	0.86	0.78	0.88	0.86	0.5	1.06	0.6	0.82	0.58	0.6	0.42	0.56	0.54	0.52	0.7	0.56	0.48	0.5	
3.68	3.76	3.56	3.72	3.86	4.28	3.56	3.58	3.68	4.24	3.84	4.12	4.0	4.72	3.94	4.3	4.46	4.26	3.96	2.2	2.26	2.38	2.72	2.82	2.3	2.34	2.44	2.54	2.58	3.36	3.36	3.3	3.22	3.38	2.96	3.62	3.08	2.82	2.36	1.94	1.98	1.92	2.22	1.82	1.92	2.18	2.0	1.96	2.22	2.26	1.66	2.08	2.08	1.78	2.06	1.78	1.98	1.4	1.28	1.46	1.52	1.36	1.74	1.48	1.68	1.54	1.26	1.5	1.4	1.14	1.2	1.4	1.16	1.36	1.28	1.44	1.28	0.78	1.1	1.06	1.26	1.24	1.2	1.08	0.84	1.24	1.0	0.8	0.58	0.9	0.76	0.92	0.62	0.82	0.66	0.62	0.62	0.76	0.92	
4.74	5.04	4.98	5.08	5.2	5.4	5.14	5.4	5.04	4.78	5.58	5.16	6.0	5.54	5.38	5.7	5.76	6.34	5.24	3.62	3.24	3.36	2.92	3.28	3.4	3.16	3.24	2.76	3.38	3.96	4.28	3.96	4.12	4.2	4.08	4.44	4.04	4.12	2.92	2.62	2.74	2.86	2.52	2.2	2.98	2.34	2.76	2.32	2.24	2.54	2.18	2.34	2.4	2.24	2.76	2.74	2.02	2.42	2.06	2.02	1.78	2.28	2.28	2.14	1.96	1.8	1.98	1.74	1.42	1.88	1.76	1.56	1.4	1.84	2.02	1.42	1.76	1.42	1.48	1.62	1.44	1.48	1.44	1.34	1.56	1.62	1.28	1.34	0.92	0.88	1.14	1.22	1.26	0.78	0.88	1.24	1.04	1.02	0.96	
6.66	5.54	6.18	6.38	6.14	6.34	6.74	6.14	6.64	6.98	6.9	6.62	6.64	6.78	7.32	7.68	7.16	7.32	6.66	4.66	4.16	4.0	3.92	4.5	3.96	3.68	4.42	3.72	4.76	5.34	5.6	4.64	4.84	4.84	5.32	5.02	5.26	4.92	3.24	2.72	3.28	3.36	3.0	3.46	3.72	3.42	3.58	3.26	2.88	3.4	3.08	3.2	3.4	2.94	3.28	2.9	3.34	2.6	3.04	2.7	2.9	2.72	2.96	2.5	2.26	2.88	2.2	2.34	2.08	2.08	2.2	1.94	2.32	2.08	1.88	2.06	1.92	1.92	2.0	2.18	1.76	1.82	2.1	1.96	2.3	1.8	1.76	1.62	1.4	1.32	1.32	1.36	1.2	1.4	1.24	1.28	1.1	1.46	0.94	
7.88	8.18	7.94	7.88	7.2	7.84	7.84	7.54	8.8	8.48	8.12	8.94	8.74	9.0	9.08	8.64	9.12	8.3	8.0	5.24	4.9	5.5	5.04	5.18	4.72	5.28	5.2	5.2	5.78	6.66	6.0	6.34	5.92	6.14	6.9	6.22	6.58	6.04	4.66	4.0	4.0	3.64	4.4	4.66	4.16	4.16	4.44	3.92	4.0	3.84	4.02	4.02	3.48	3.46	3.56	3.62	4.06	3.56	3.34	3.7	3.52	3.64	3.24	3.12	3.3	3.6	3.0	2.86	2.58	2.46	2.74	2.86	2.48	2.76	2.44	2.5	2.68	2.6	2.34	2.64	2.18	2.2	2.26	2.44	2.38	2.3	1.94	1.62	1.54	1.94	2.0	2.06	1.8	1.74	1.48	1.88	1.52	1.92	1.62	
9.22	10.06	9.46	10.32	10.28	10.22	9.68	9.54	9.38	10.04	11.14	10.7	10.16	10.18	10.3	10.42	11.5	10.1	10.1	6.18	6.3	5.74	6.42	5.88	5.88	6.02	6.08	5.96	7.48	8.04	7.72	8.2	7.2	7.62	8.6	7.82	8.2	7.76	5.78	5.36	5.06	4.68	5.32	5.24	5.08	5.48	5.68	5.64	4.24	4.16	5.2	5.06	4.84	4.2	5.32	3.82	4.12	4.64	4.36	4.06	3.74	3.98	3.68	4.54	4.1	4.0	3.76	3.72	3.06	2.98	3.18	3.36	3.3	3.24	3.56	3.68	3.06	2.94	3.38	3.04	2.74	2.9	3.32	3.14	3.1	2.68	2.78	1.68	2.16	1.78	2.36	2.34	1.6	2.68	2.42	2.4	1.7	1.7	1.92	
12.18	11.28	11.52	11.64	10.62	10.4	11.54	12.16	12.3	10.96	12.86	12.2	11.84	12.08	11.86	12.72	13.0	11.2	11.7	7.76	7.3	6.64	7.32	6.84	7.8	7.0	7.24	7.5	8.56	9.08	8.72	9.56	9.78	9.76	9.3	9.66	9.4	9.24	6.64	5.96	5.62	5.76	6.38	5.82	6.02	6.04	5.8	5.52	5.34	5.22	5.8	5.2	5.92	5.72	5.68	5.34	5.32	5.16	4.56	5.22	4.84	4.88	4.82	4.78	4.9	4.68	5.22	4.14	4.02	4.24	3.94	4.12	3.82	4.18	3.66	4.08	4.1	3.98	3.46	3.84	3.42	3.02	3.94	3.2	3.44	3.14	3.22	2.62	2.74	2.08	2.7	3.02	2.9	2.82	2.34	2.46	2.46	2.4	2.24	
13.26	14.02	12.88	13.22	12.92	12.96	13.48	13.3	12.76	14.42	13.5	14.58	13.18	14.66	14.46	14.36	14.3	13.8	13.6	8.76	8.16	8.4	8.64	8.5	8.14	8.02	8.56	9.1	9.48	10.32	10.88	11.18	9.78	10.78	9.5	10.38	10.9	10.0	7.88	7.12	7.36	6.44	7.52	7.34	7.14	6.66	7.16	6.66	6.56	6.28	6.98	6.08	5.66	6.96	6.48	6.42	6.52	5.82	5.08	6.26	4.88	5.28	5.88	5.46	6.04	5.5	5.82	4.68	4.32	4.06	4.48	5.0	4.52	4.5	4.64	5.04	4.24	4.06	4.36	3.7	4.2	4.5	3.74	4.18	4.06	3.98	3.36	3.18	3.24	2.98	2.7	2.94	3.14	2.68	3.66	2.58	2.68	2.18	2.44	
14.32	14.84	14.3	15.1	14.58	14.6	14.56	14.96	14.38	15.44	16.38	14.62	16.76	15.48	15.38	16.54	16.06	15.6	15.96	9.98	9.58	9.4	9.14	10.22	10.22	9.42	9.14	9.38	10.58	12.2	12.24	11.6	11.72	11.18	12.2	11.9	12.02	11.7	8.6	7.88	9.04	8.36	7.12	7.9	8.08	7.72	7.72	7.84	8.44	7.26	7.6	6.7	7.94	7.16	6.52	6.18	7.46	6.64	6.74	6.06	6.4	6.54	6.06	6.1	6.82	5.78	6.04	4.76	4.92	5.42	4.5	5.06	5.08	5.08	5.06	5.44	5.12	5.04	4.66	4.98	4.74	4.98	4.72	4.02	5.34	4.34	3.9	3.06	3.46	3.5	3.18	3.46	3.48	3.82	2.84	2.94	2.54	2.56	2.16	
17.2	16.66	17.04	15.94	15.88	16.42	16.64	16.86	16.34	16.94	17.92	17.02	16.58	17.86	17.94	17.5	17.72	18.16	17.0	11.16	11.06	10.18	10.54	10.54	10.86	9.58	10.16	10.28	11.7	13.14	12.74	12.84	12.74	13.34	13.62	13.8	13.58	12.48	9.68	9.46	8.84	8.84	8.36	8.72	9.4	8.76	8.68	7.78	7.56	7.68	8.22	8.5	7.4	7.44	7.72	7.92	8.26	7.12	7.46	6.72	6.6	6.34	7.22	7.12	6.88	7.5	6.76	5.46	6.3	5.76	5.62	5.36	5.54	5.64	5.48	5.14	4.96	5.34	4.98	5.18	5.48	4.54	5.12	4.62	5.24	4.9	4.16	4.06	3.88	3.88	4.0	3.46	3.4	4.42	4.04	3.82	3.2	3.2	3.58	
18.98	17.72	17.98	17.94	18.54	17.8	17.72	18.18	18.4	18.56	19.56	19.86	17.96	19.16	19.44	19.64	19.2	19.72	18.02	11.34	11.3	11.68	11.0	10.94	11.8	11.52	11.16	10.04	12.46	14.22	14.54	14.78	14.8	13.82	13.76	13.68	14.82	12.58	11.1	8.7	9.62	10.42	9.5	9.82	9.28	9.3	9.0	9.24	8.54	8.28	9.3	8.9	8.44	8.38	8.6	8.86	7.54	8.38	8.06	7.64	7.24	7.54	8.08	8.34	7.5	7.58	6.4	6.42	6.04	5.92	7.0	6.12	6.56	6.22	6.38	6.54	5.82	5.18	5.94	6.0	5.38	5.82	5.44	5.3	5.4	5.56	5.0	3.68	3.74	4.18	4.08	4.18	3.9	3.74	4.62	3.54	3.86	3.44	3.3	
20.42	18.76	20.04	18.74	19.22	19.34	19.68	19.54	18.92	19.24	19.92	19.92	20.86	20.78	21.56	20.36	20.58	20.86	20.42	12.84	12.58	13.08	12.04	12.72	12.28	12.48	11.44	12.48	14.12	15.36	14.58	15.42	15.34	15.58	15.04	14.74	16.24	16.08	11.42	10.2	11.32	9.6	10.56	10.0	11.06	9.88	10.72	9.06	10.0	8.96	9.52	9.72	9.26	9.78	10.28	9.26	9.92	8.46	8.28	8.2	7.44	8.3	8.12	7.8	8.76	7.72	7.92	7.52	7.64	6.44	6.4	6.72	6.52	6.52	6.78	6.64	6.5	6.28	6.02	6.22	5.9	5.48	5.94	6.66	5.9	5.98	5.74	4.38	4.08	4.26	4.16	3.94	4.3	4.64	4.54	4.34	3.78	3.68	3.64	
21.28	20.64	21.38	20.32	20.36	20.36	21.22	19.72	20.06	20.06	21.4	20.32	22.2	23.02	22.7	22.46	21.72	22.2	21.2	13.04	12.46	13.12	12.5	13.06	13.02	12.76	13.06	12.46	14.0	16.56	14.84	16.36	16.48	16.64	15.32	15.98	15.6	16.36	12.48	10.72	11.22	10.6	10.36	11.02	10.62	10.5	11.04	10.66	9.84	9.84	9.86	10.06	9.4	9.36	10.06	9.54	9.36	8.88	8.68	8.86	8.26	8.78	8.6	8.98	8.7	8.12	8.46	7.28	7.46	7.16	6.74	6.78	7.22	7.02	7.28	7.94	7.56	7.42	6.08	6.16	6.76	6.4	6.16	6.72	6.7	6.18	5.64	5.1	4.54	4.72	5.2	4.52	4.76	5.0	5.02	4.44	4.02	4.1	3.8	
21.98	22.16	23.24	22.16	21.72	21.0	21.42	21.96	20.92	22.42	23.26	22.92	23.02	22.8	22.36	21.64	22.5	23.04	22.68	14.42	13.5	13.38	13.0	13.62	13.04	14.02	13.74	13.52	15.7	17.18	16.46	17.48	16.64	18.08	18.14	17.28	16.56	16.22	13.08	11.52	12.08	10.72	11.18	11.4	12.3	12.2	10.94	10.88	9.92	10.52	11.24	9.78	10.36	10.58	10.26	10.06	11.38	10.22	9.16	9.88	8.38	9.6	8.6	8.84	8.96	9.58	8.72	8.0	7.16	7.62	7.82	7.3	7.4	7.6	7.66	7.72	7.0	6.62	6.98	7.44	6.84	6.28	6.24	6.86	6.68	6.98	6.02	4.98	5.1	4.88	4.8	4.74	4.36	5.76	5.12	4.94	4.3	4.0	4.46	
22.56	23.38	22.9	22.74	22.3	21.42	21.84	22.94	21.56	23.72	25.28	24.52	24.9	24.7	23.82	24.54	24.24	24.42	25.2	14.44	13.64	14.26	14.18	14.44	14.6	14.44	14.6	14.6	16.44	17.36	17.72	18.9	18.4	18.42	19.28	18.42	17.02	17.92	14.18	11.54	12.34	11.74	12.0	11.54	11.7	12.5	11.9	11.64	10.84	11.12	10.48	11.14	11.44	11.14	10.9	10.16	11.48	9.72	8.84	9.28	8.98	10.12	9.74	9.22	10.04	9.72	9.24	8.32	8.42	7.78	7.62	7.46	7.76	7.84	7.8	7.5	7.92	7.06	6.96	6.4	6.72	6.52	6.84	6.92	6.84	6.54	6.3	5.24	5.2	4.8	4.7	5.54	5.24	4.6	4.98	4.7	4.24	4.8	4.6	
23.7	23.68	24.2	23.0	25.32	21.4	24.12	23.64	23.88	23.98	25.08	24.56	26.16	26.02	25.34	25.98	25.16	26.44	24.94	15.28	15.02	13.98	14.54	14.34	14.78	14.82	13.82	14.48	17.74	18.58	19.7	19.58	18.32	18.18	19.2	18.9	19.04	19.0	14.3	12.38	13.3	12.86	13.2	12.64	11.96	12.54	12.26	12.52	11.0	11.38	11.68	10.88	11.78	12.06	11.78	11.16	11.82	10.94	10.18	9.78	9.8	9.38	9.86	10.42	10.48	8.78	9.5	8.16	7.54	7.8	8.02	7.96	8.3	8.66	8.2	8.04	7.24	6.7	7.0	7.32	6.9	7.6	6.5	5.92	6.74	6.94	5.12	6.12	5.72	5.54	5.34	5.14	5.48	5.3	5.06	5.2	4.72	4.5	4.44	
25.08	24.72	25.12	24.36	23.9	24.62	25.22	22.9	24.22	25.26	25.48	26.22	24.88	25.56	27.42	25.5	26.92	27.52	26.0	16.02	15.3	15.48	14.14	14.84	15.16	15.0	14.82	15.22	16.94	19.34	19.1	20.08	19.64	19.98	19.22	20.22	19.04	19.62	14.9	13.08	11.94	13.76	12.76	12.9	13.46	12.32	13.16	12.24	12.74	11.02	12.18	11.3	11.68	11.84	11.84	11.08	11.66	10.72	10.14	10.4	9.98	10.38	10.46	10.68	10.02	9.9	10.06	8.32	8.8	8.18	8.54	8.08	8.9	8.24	7.92	8.12	8.12	7.26	6.94	7.32	7.16	6.88	6.38	7.32	7.52	6.94	6.2	5.52	5.9	5.6	5.4	5.52	6.0	5.52	5.6	5.3	4.8	4.1	4.28	
25.9	25.24	24.32	24.22	26.08	24.52	25.68	22.92	25.12	26.54	28.26	27.28	28.54	26.94	28.38	26.56	29.08	26.68	27.34	16.38	15.36	15.72	15.98	15.82	15.96	16.3	15.58	15.04	18.3	21.48	21.28	19.88	21.76	20.48	19.8	19.88	21.02	20.2	15.5	12.96	12.82	13.46	12.62	13.26	13.34	12.94	13.66	12.86	12.66	11.92	12.54	11.58	12.04	12.18	12.46	11.82	12.28	10.76	10.38	10.24	9.82	10.68	11.12	10.6	10.54	10.68	9.86	9.18	8.36	8.84	8.42	7.72	9.24	8.54	8.42	8.56	8.24	7.54	7.98	7.74	7.62	7.4	7.54	7.92	7.72	7.12	6.2	5.48	4.9	6.0	5.38	5.34	5.38	5.44	5.98	4.9	4.44	4.44	4.38	
26.92	27.24	26.86	26.44	25.72	25.44	26.6	26.74	24.58	27.38	28.98	27.76	28.56	28.76	27.88	27.72	28.1	28.28	27.96	16.0	15.46	16.2	15.64	14.98	16.74	14.14	15.26	15.6	18.0	20.78	20.58	20.94	20.76	21.98	21.3	20.42	20.74	20.5	15.56	13.86	13.42	13.96	13.44	13.48	12.8	12.7	13.38	13.06	12.56	12.92	12.46	12.54	12.38	10.78	12.62	12.0	13.44	10.96	10.58	10.7	9.56	10.06	11.32	11.62	10.84	10.52	9.64	8.76	8.42	9.1	8.46	8.64	9.04	8.58	8.7	8.68	7.9	8.22	7.34	7.62	7.8	6.98	7.82	7.48	7.72	7.72	6.8	5.8	5.92	6.12	5.96	5.38	5.32	5.58	5.44	5.68	4.92	4.4	4.38	
27.32	26.84	26.8	25.2	27.04	26.24	26.24	25.34	25.24	28.24	29.22	28.94	28.94	29.68	28.32	29.52	27.14	28.72	27.46	16.26	16.72	16.78	16.32	15.44	16.14	15.94	15.52	15.8	17.1	22.02	21.48	21.36	21.74	21.36	21.48	20.56	21.32	20.78	15.08	13.56	13.7	14.3	14.22	13.64	14.22	13.54	14.16	13.6	12.18	12.66	12.62	11.5	12.42	13.86	12.26	12.06	12.32	11.64	10.28	10.54	11.04	10.78	9.92	10.76	10.96	10.88	10.92	9.46	8.86	9.12	8.24	9.42	8.04	9.08	8.14	9.34	8.38	8.24	7.36	7.4	7.66	8.22	7.86	7.46	8.18	7.76	6.46	5.96	5.12	5.8	6.08	5.34	6.04	5.48	5.98	5.78	4.76	4.6	5.18	
26.32	26.18	26.16	27.18	26.64	26.58	28.76	26.24	27.2	28.78	28.96	29.86	27.92	29.34	28.94	30.16	28.74	27.98	28.3	15.72	16.96	16.86	16.82	16.4	16.14	16.36	15.96	16.56	17.96	22.28	21.74	22.66	21.96	21.26	21.56	22.44	21.78	21.9	15.6	14.38	14.9	14.68	14.04	13.82	13.94	14.82	14.54	13.54	12.32	12.64	12.48	13.04	12.24	12.26	11.54	12.76	12.98	11.62	10.74	11.18	10.62	11.5	11.32	10.96	11.22	10.96	11.16	8.7	9.18	8.26	8.88	8.3	9.54	8.42	8.58	8.46	8.44	8.56	8.12	8.28	7.72	8.24	8.2	7.58	8.4	8.04	6.02	6.32	5.34	6.4	5.4	5.14	5.72	6.06	6.14	5.4	4.74	4.88	4.32	
28.68	27.48	27.3	27.54	26.88	28.38	26.54	26.84	27.16	28.56	30.2	30.1	31.64	30.98	31.0	29.98	29.9	29.7	29.4	16.94	15.84	16.76	16.74	16.42	17.0	17.32	16.76	16.62	19.36	22.0	22.98	21.66	24.16	21.0	21.88	22.86	22.1	21.18	15.94	14.56	14.1	14.56	14.3	14.04	12.9	14.48	14.24	14.34	12.52	12.26	12.6	13.5	12.06	13.72	12.4	13.3	12.7	11.52	11.72	11.08	10.92	10.66	11.32	10.34	11.12	11.98	10.38	10.0	9.56	8.76	9.56	9.0	8.44	9.22	9.46	9.38	8.78	8.18	8.88	8.42	8.38	8.26	8.78	7.92	7.46	7.6	7.24	5.6	5.82	5.18	5.44	5.92	6.96	6.42	5.64	5.84	5.12	5.26	4.6	
28.64	28.36	27.42	29.02	27.24	28.34	27.52	26.42	26.62	29.48	31.3	29.84	29.64	30.44	29.82	30.52	30.18	30.78	29.58	17.56	15.16	16.62	17.3	17.82	16.6	16.46	16.22	16.82	19.24	25.12	23.42	23.8	22.28	23.18	24.0	21.3	22.76	22.54	16.26	14.98	15.0	14.64	14.4	15.32	14.02	14.24	15.12	15.0	13.34	12.94	13.38	12.1	12.82	13.38	12.7	12.9	12.22	12.4	10.42	11.88	11.16	10.94	12.0	11.24	9.98	11.48	11.32	10.46	8.68	9.48	9.28	9.7	9.46	8.86	9.24	8.82	8.12	8.1	8.12	8.0	8.48	7.88	7.62	8.46	8.26	7.94	6.44	6.1	5.74	5.98	5.66	5.86	6.0	5.96	5.94	5.52	5.4	5.4	5.2	
28.02	27.4	28.24	28.74	28.12	27.9	29.18	27.36	27.64	29.32	31.32	31.38	31.22	29.56	31.14	31.3	31.02	30.52	29.36	17.16	17.02	17.58	17.08	16.46	16.78	17.48	16.92	17.14	19.3	23.8	23.78	23.52	21.8	21.4	23.58	23.38	23.92	22.08	16.28	14.48	15.26	15.4	14.46	14.58	13.34	14.9	14.62	14.4	12.9	12.52	13.44	13.14	11.88	13.68	13.0	13.28	13.08	12.34	11.26	11.74	11.9	11.72	11.68	11.06	11.14	11.54	10.72	9.26	9.62	9.7	9.32	9.26	8.68	8.9	9.36	8.96	9.16	7.7	7.86	7.82	8.5	8.62	8.6	8.92	7.88	7.68	6.36	6.22	6.16	5.78	5.98	6.9	6.72	5.94	5.88	5.66	5.18	4.96	5.2	
29.32	28.76	26.58	27.78	28.8	27.54	28.62	27.16	28.7	29.74	32.28	32.08	30.72	30.64	33.0	31.7	30.2	31.68	30.06	17.68	17.84	17.26	17.48	17.1	17.2	16.38	16.9	16.66	19.94	23.62	22.94	23.08	23.14	23.76	22.78	24.0	23.58	23.38	16.96	16.1	15.06	15.24	15.0	15.36	15.06	14.7	14.54	14.16	13.58	14.5	13.76	14.64	12.5	13.68	13.28	14.14	13.32	12.26	11.68	12.2	11.76	10.88	11.72	11.32	11.56	11.54	11.2	9.94	9.24	9.22	9.62	9.66	9.98	9.12	9.88	9.86	8.28	8.46	8.56	9.08	8.26	7.86	8.34	7.68	7.82	8.3	7.44	5.92	6.3	6.02	6.2	5.76	6.1	6.34	6.48	6.14	5.7	5.62	5.56	
30.5	27.3	28.42	29.16	28.64	28.06	28.72	28.32	28.1	29.96	32.22	31.5	31.34	31.74	32.42	31.64	31.74	32.16	30.52	17.42	17.02	17.14	18.2	16.54	17.28	16.84	18.14	17.4	19.64	23.34	24.32	23.36	22.62	23.52	21.84	22.86	23.84	23.02	16.9	15.12	14.62	14.1	14.94	14.9	15.94	15.14	14.7	14.32	13.44	13.26	13.04	12.6	12.56	13.62	14.38	13.56	13.78	12.22	11.6	12.4	11.16	11.46	11.74	11.66	10.94	10.58	11.08	10.32	9.4	9.54	9.92	8.78	9.48	9.44	9.64	9.24	8.92	8.7	8.46	8.66	8.42	8.18	8.22	8.94	8.24	8.18	7.14	6.12	5.7	6.44	5.96	6.24	5.62	6.34	5.96	6.4	5.64	5.58	5.22	
29.34	29.46	29.86	28.42	29.02	28.92	28.88	28.84	27.52	31.14	30.92	33.04	31.5	30.62	31.76	32.34	32.14	32.18	30.98	18.9	17.94	18.64	17.02	17.3	16.98	17.38	17.86	16.54	20.42	23.52	23.62	22.7	22.72	23.1	24.52	23.9	23.88	23.24	17.7	13.52	15.54	15.08	15.56	14.9	15.22	15.82	16.14	14.12	13.92	13.0	13.86	13.72	13.98	12.72	13.56	13.88	13.58	12.34	11.38	12.22	11.34	12.16	10.86	12.08	11.42	11.4	10.86	10.38	9.94	9.18	8.56	9.56	9.52	9.88	10.54	8.62	9.94	8.24	7.94	8.02	7.92	8.88	7.6	8.44	8.7	7.8	6.72	6.0	5.26	5.86	6.3	5.42	6.16	6.3	5.98	5.78	5.3	5.34	5.26	
27.82	29.74	28.7	27.8	29.64	29.44	28.66	28.96	28.62	31.76	32.82	31.26	30.18	31.82	30.86	30.82	31.72	31.3	30.82	18.88	16.72	17.08	16.96	17.62	17.88	17.42	17.28	18.12	20.7	24.1	23.66	24.18	23.32	23.64	24.12	24.22	24.12	24.16	17.7	14.74	14.26	14.8	14.96	14.76	14.18	15.88	15.18	14.8	14.16	13.04	13.14	13.6	13.42	12.58	14.62	14.4	13.18	12.7	11.46	12.28	11.88	12.78	10.46	11.48	11.6	11.84	10.4	9.74	9.52	9.9	9.72	9.24	9.66	9.98	8.82	9.0	10.02	9.2	8.82	8.48	8.64	8.34	8.74	8.32	8.42	8.12	7.04	5.76	5.96	6.08	6.32	5.86	5.82	5.86	6.2	5.5	5.26	5.66	5.28	
29.16	28.26	27.5	29.0	28.06	28.5	28.0	29.6	27.76	30.44	32.12	32.96	31.46	32.26	31.64	32.26	31.48	30.92	29.36	18.26	17.52	16.84	17.32	17.76	17.56	17.52	16.44	16.6	20.8	23.94	24.08	23.82	24.58	22.62	23.56	24.34	23.48	23.46	16.54	15.78	14.8	15.7	13.94	15.58	15.5	15.3	14.78	15.12	12.9	14.3	13.92	13.6	14.3	14.24	13.66	14.34	13.34	12.48	11.26	10.94	12.5	12.44	12.36	10.9	11.46	12.4	10.64	10.22	9.22	9.0	9.9	9.3	10.08	9.26	9.2	9.36	8.96	8.66	8.96	8.32	8.1	8.46	8.34	8.94	8.66	7.96	7.82	6.22	6.1	5.92	5.74	5.34	5.46	6.14	5.66	6.18	5.32	6.1	4.98	
27.4	29.78	28.76	28.78	29.1	28.12	28.62	27.7	29.02	30.72	32.1	32.5	33.08	32.16	32.28	31.86	31.08	32.3	30.18	18.98	16.78	17.36	17.72	17.22	16.44	17.08	17.1	17.9	19.68	23.38	25.44	22.96	24.04	23.3	24.78	24.3	22.9	22.16	17.44	15.02	15.2	15.12	15.68	15.3	14.96	14.3	13.52	15.9	14.0	13.82	13.92	14.54	13.36	13.78	14.12	13.68	13.98	13.04	11.8	10.72	11.48	12.68	12.06	11.92	11.94	11.18	12.14	9.46	9.74	9.92	10.28	9.58	8.82	9.18	9.32	10.06	8.9	8.84	8.82	8.84	7.72	8.84	8.6	8.42	8.8	8.14	7.44	5.38	5.44	6.1	6.56	6.24	6.04	5.8	5.7	6.14	6.42	5.28	5.4	
29.1	29.74	28.24	29.68	29.82	29.3	29.36	27.74	28.06	31.26	32.08	32.6	33.02	33.34	31.44	32.62	32.26	32.28	29.66	19.0	18.28	18.92	18.26	17.22	17.42	17.26	16.56	18.12	19.26	24.66	22.54	23.72	24.42	23.64	24.54	23.6	24.44	22.56	16.94	14.78	14.52	15.38	14.58	15.24	15.34	15.82	15.0	14.14	14.5	12.7	13.28	14.64	12.78	13.88	13.56	14.06	13.82	11.62	11.42	12.14	12.54	11.48	12.22	12.2	11.5	12.84	11.36	9.74	9.2	9.34	10.12	9.76	9.52	9.48	10.06	8.98	8.8	9.0	7.9	8.52	8.22	8.34	8.64	8.58	8.6	8.46	7.48	6.24	5.6	6.22	5.96	6.12	6.12	5.9	6.22	5.68	5.6	5.8	4.94	
29.22	30.36	28.74	28.88	29.2	28.52	29.92	29.3	29.04	30.4	32.58	33.12	33.3	31.22	31.48	32.62	33.8	31.58	31.42	19.22	17.76	18.28	17.3	16.6	17.6	16.72	17.14	17.5	21.36	23.72	24.08	24.88	21.96	23.96	23.0	25.18	22.16	24.06	17.96	14.54	15.4	15.6	15.14	16.34	16.14	15.86	15.02	15.16	14.16	13.9	13.2	13.18	13.2	14.34	14.12	13.88	13.94	11.42	12.48	10.98	11.92	11.66	11.32	12.12	12.5	12.22	11.86	10.24	8.68	9.8	10.18	9.2	9.4	9.74	9.8	9.46	9.58	8.8	8.9	8.86	8.44	7.44	8.38	8.78	8.68	8.5	6.76	5.92	6.42	5.9	5.9	6.06	6.02	5.48	6.28	6.02	5.74	5.32	5.94	
30.66	29.24	29.5	28.48	29.62	28.5	29.94	29.0	31.16	31.06	32.66	33.74	33.56	32.12	34.2	31.88	33.98	32.64	31.06	17.84	17.7	17.82	17.76	16.12	17.28	17.28	16.12	18.5	21.28	24.46	24.2	24.44	23.2	24.62	23.84	22.16	23.42	23.34	16.94	15.46	15.06	14.86	15.64	15.78	15.62	16.04	16.34	15.1	14.14	14.14	15.08	14.3	14.04	13.56	13.34	13.52	13.82	12.02	12.24	12.2	12.12	10.82	12.44	11.9	11.86	11.44	11.66	10.32	9.84	8.74	9.76	9.56	9.46	9.86	10.26	9.24	9.34	8.48	9.66	8.66	8.9	8.7	8.74	9.02	8.48	8.76	6.54	5.86	6.02	6.14	6.38	5.86	6.7	5.9	6.76	6.08	5.6	5.4	6.12	
30.7	28.88	29.86	30.18	30.2	29.18	29.6	29.14	28.98	30.78	32.94	32.72	32.78	32.52	32.4	32.72	31.98	33.76	30.82	18.68	17.76	16.9	18.34	17.62	18.28	18.5	17.18	19.08	20.28	23.8	23.78	23.94	24.98	24.3	24.2	25.12	24.98	25.06	16.3	15.6	15.52	15.78	14.48	15.8	15.74	15.62	14.22	14.92	13.84	13.72	14.26	13.74	13.14	14.12	14.32	14.1	13.14	12.58	11.94	11.4	12.06	11.94	11.86	11.38	12.74	11.24	11.48	10.1	9.22	9.3	9.96	9.8	10.08	9.52	9.48	9.54	9.08	8.6	8.54	9.06	8.36	9.24	8.28	8.4	8.88	9.14	7.28	6.7	5.72	6.12	5.92	5.96	5.94	6.3	6.2	6.46	5.64	5.16	4.8	
30.74	28.86	29.46	30.6	29.56	29.4	29.88	29.3	29.78	32.74	34.26	33.32	32.36	32.82	32.34	33.46	33.46	33.44	32.22	18.86	16.62	18.74	17.06	17.8	18.3	18.84	17.14	16.8	19.56	24.16	24.22	24.08	25.24	24.56	25.22	22.96	25.22	24.64	18.48	15.38	16.12	16.12	15.7	15.06	15.26	15.9	15.06	15.54	13.3	14.2	13.8	14.48	13.46	14.7	12.86	13.86	14.9	13.44	12.22	12.18	11.12	12.64	12.6	11.78	11.86	12.3	11.0	9.64	9.66	9.1	9.82	9.56	9.96	10.48	10.2	9.5	9.16	8.86	9.24	8.72	9.16	9.38	8.92	8.82	9.4	8.32	7.72	6.7	6.58	6.48	5.94	6.32	6.24	5.76	6.14	6.14	5.9	5.7	5.7	
30.66	30.38	29.64	29.08	31.18	28.54	30.46	29.82	30.02	31.34	33.68	33.56	33.72	33.42	33.6	33.94	34.5	33.32	32.28	18.3	16.92	18.92	17.62	18.18	16.64	17.96	17.32	18.38	19.72	24.6	24.1	24.82	23.36	24.44	24.56	24.42	24.18	23.2	17.8	15.22	15.94	14.26	16.34	16.6	14.68	15.2	15.14	14.38	14.78	14.86	14.34	13.94	13.78	14.44	14.44	13.9	14.6	12.78	12.62	12.92	11.76	11.98	12.22	11.8	11.12	12.24	11.42	10.32	9.56	10.5	9.68	10.46	9.58	10.42	9.76	8.94	9.64	8.5	9.68	8.6	8.66	9.14	8.76	8.76	8.38	8.62	7.26	6.14	5.92	5.76	6.82	6.64	6.6	5.82	6.16	5.16	5.2	5.7	5.74	
30.68	31.42	30.9	30.32	29.34	31.76	28.46	30.4	30.44	32.48	33.58	34.16	31.9	32.58	34.34	34.06	32.1	32.86	31.84	20.32	18.72	17.74	17.06	18.36	18.02	18.04	18.3	17.96	21.26	23.9	25.34	24.86	24.3	25.02	24.18	24.62	24.3	24.06	18.2	14.84	14.76	16.8	16.16	16.68	16.68	15.48	15.68	15.4	14.56	13.14	13.22	14.76	13.88	13.78	13.58	14.38	14.64	13.46	12.76	12.78	11.78	11.6	11.38	11.98	12.38	12.04	12.78	10.02	9.44	9.16	9.4	9.94	8.88	9.88	9.94	10.72	9.82	8.88	8.52	9.68	9.36	8.82	9.38	9.04	9.4	8.92	7.02	6.26	6.74	6.62	6.56	6.02	6.34	6.44	6.32	5.72	5.8	5.9	5.82	
31.44	31.54	30.2	31.32	30.72	30.92	30.22	27.9	29.88	32.86	33.38	33.36	33.76	32.64	33.58	34.08	33.16	34.0	32.28	19.22	17.14	18.16	17.9	17.76	18.06	19.0	16.94	18.34	19.54	25.18	24.76	26.98	25.04	25.64	24.58	25.36	24.24	23.42	18.18	16.48	15.62	15.48	15.78	16.02	16.12	15.6	15.8	15.28	13.64	13.12	15.1	13.44	14.16	14.52	14.7	14.42	14.06	12.96	11.96	12.48	12.32	12.4	13.32	12.58	11.92	12.5	12.16	9.8	10.1	9.72	9.94	9.9	10.28	9.74	9.12	9.52	10.02	9.6	8.66	9.3	8.36	9.18	8.98	9.12	9.06	9.12	7.68	6.44	6.1	6.4	6.26	5.94	6.28	5.64	6.52	6.54	5.1	4.92	4.82	
31.14	30.6	31.1	30.4	30.24	29.3	30.56	30.1	30.86	32.74	34.78	33.98	34.04	34.2	33.7	34.66	33.2	33.88	32.84	19.08	18.38	18.46	18.52	17.72	18.62	18.18	17.76	18.36	21.3	26.1	24.82	24.7	24.7	25.56	25.8	24.84	26.22	24.78	18.16	15.96	15.8	16.96	15.32	16.26	16.82	15.64	15.12	15.58	13.82	14.16	14.12	14.3	15.46	13.22	14.56	14.52	14.66	12.86	12.82	13.58	12.84	12.92	11.6	12.74	12.06	12.08	13.32	10.22	10.18	10.16	9.9	9.96	9.76	9.62	9.94	9.46	10.3	8.86	9.38	9.14	8.36	8.92	8.92	9.2	9.08	9.06	7.78	5.8	7.2	6.62	6.44	6.18	6.54	5.96	6.56	6.08	5.92	5.98	5.72	
32.3	31.76	31.18	29.52	30.34	30.1	30.12	28.9	31.0	33.86	33.16	34.52	34.74	35.5	33.56	33.54	34.28	34.12	33.12	18.86	19.74	17.94	18.5	18.98	17.56	18.5	20.16	18.74	21.58	26.36	23.8	24.96	24.02	26.08	24.28	25.56	25.28	24.76	17.24	16.48	15.66	16.24	15.9	15.36	16.16	15.64	15.18	15.9	13.26	14.8	13.86	14.84	13.94	14.56	13.88	14.4	14.26	12.76	12.28	11.88	13.56	11.9	13.0	12.14	12.06	12.76	12.52	11.4	9.76	9.28	9.44	10.42	9.94	10.18	9.94	9.9	9.64	8.86	8.8	8.72	8.76	8.72	9.2	8.74	9.08	8.72	7.68	6.82	6.14	6.0	6.52	5.6	6.24	5.64	6.24	6.22	5.68	5.58	5.24	
30.58	30.34	29.7	31.2	30.56	31.68	29.96	30.32	30.68	32.56	34.54	35.16	33.02	34.2	35.68	34.88	34.58	35.14	34.56	19.18	19.38	18.82	18.68	18.18	19.56	18.52	18.74	18.54	21.06	26.22	24.78	25.2	25.62	24.68	25.04	25.72	26.6	24.98	18.54	16.14	17.02	17.78	15.26	17.98	16.14	16.54	15.58	15.98	14.6	14.32	14.42	14.8	14.24	13.84	14.88	14.22	14.38	13.66	13.72	13.16	12.74	12.44	13.06	12.46	12.2	12.66	12.04	11.1	10.62	10.18	9.98	9.96	9.48	9.34	10.52	9.86	9.4	9.48	8.24	9.16	8.94	9.12	9.42	8.62	9.06	8.88	7.64	6.56	6.06	6.56	6.7	5.86	6.38	6.6	6.12	6.1	6.26	6.06	5.64	
32.46	30.2	30.96	31.72	31.2	31.18	29.36	31.3	30.52	32.72	35.7	33.52	35.46	36.24	34.0	36.86	35.16	34.66	32.38	19.44	19.84	18.74	18.1	18.4	17.4	19.26	18.94	18.26	20.56	24.54	25.12	24.74	25.56	25.44	26.56	25.6	26.5	25.92	17.34	16.54	16.7	16.48	15.66	16.14	15.66	15.2	16.26	15.6	15.66	15.54	15.48	15.08	14.56	15.22	14.12	14.48	14.68	13.66	12.94	12.68	13.5	12.86	12.56	13.4	11.34	13.54	13.14	11.02	10.56	10.52	10.86	9.9	9.74	10.6	10.54	10.6	9.42	9.58	9.0	9.38	9.52	8.32	9.96	8.46	9.22	8.92	8.1	6.32	6.24	7.02	6.36	6.94	6.18	6.08	6.52	6.6	5.4	5.66	5.44	
31.46	31.9	30.8	29.78	31.74	32.02	32.18	32.0	31.1	33.28	35.72	34.38	35.22	36.1	35.16	33.6	34.7	35.12	33.4	18.32	17.84	19.06	18.88	19.5	19.54	19.88	19.7	19.04	21.32	27.12	25.3	26.06	25.78	24.48	27.04	25.84	26.02	24.9	18.64	15.68	15.94	16.78	16.48	16.84	16.5	15.88	15.34	16.42	16.34	14.6	14.14	14.96	14.26	15.02	14.9	14.96	15.3	13.76	12.44	12.88	12.8	12.28	13.18	12.44	12.86	12.88	12.4	10.84	10.44	10.64	10.72	9.22	10.74	10.6	10.46	10.06	10.84	9.5	9.12	9.02	9.42	9.24	9.54	9.06	9.46	8.42	7.4	6.58	7.22	6.76	6.04	6.96	7.0	6.58	6.32	6.68	5.66	6.0	5.2	
31.92	31.56	30.94	30.16	31.56	31.04	32.3	31.32	33.6	33.46	36.08	33.9	35.5	35.6	34.6	35.68	35.62	34.96	35.2	20.32	18.52	19.5	19.74	18.8	19.48	18.12	18.42	19.1	22.76	26.62	25.12	25.72	25.98	25.24	26.16	26.2	24.32	26.68	17.6	16.28	17.68	16.38	17.12	16.14	16.8	16.3	17.26	15.36	14.96	14.76	14.74	15.88	15.04	15.26	14.56	15.28	14.78	14.62	12.74	12.02	13.42	13.2	13.86	13.4	12.88	13.08	13.22	10.98	10.24	10.02	10.9	10.62	10.04	9.88	10.78	9.82	10.48	9.2	8.2	9.82	8.28	10.1	9.5	9.08	9.06	8.74	8.34	6.2	6.58	6.94	6.78	6.1	6.8	6.8	6.44	6.76	6.38	5.42	6.0	
32.36	32.34	31.54	31.4	32.48	31.76	31.62	32.12	32.68	31.4	34.48	36.2	36.0	34.94	35.4	35.96	35.5	36.78	33.44	18.7	18.68	19.0	18.72	18.86	19.2	18.96	18.7	19.42	22.72	26.38	26.4	25.84	26.26	26.68	25.7	26.32	24.72	26.94	19.0	17.22	16.46	17.26	16.48	16.5	16.4	16.62	17.34	16.02	15.4	14.12	14.38	14.58	15.16	16.2	16.16	14.76	14.74	13.34	13.64	12.72	12.48	12.58	12.84	12.54	12.84	13.6	12.14	10.94	11.16	9.9	10.96	10.96	10.58	10.76	10.8	10.56	9.82	8.96	9.84	9.3	9.26	9.1	9.74	8.74	8.86	10.36	7.64	7.34	6.56	6.74	5.9	6.54	6.5	7.22	6.64	7.3	6.18	5.52	5.44	
33.16	34.14	32.92	32.12	32.08	32.9	31.94	32.8	31.46	33.32	36.0	34.78	36.7	36.78	36.94	35.52	34.98	34.36	34.24	20.76	19.98	19.72	18.4	19.9	18.74	19.06	19.76	19.84	23.02	26.64	27.9	26.7	27.02	27.26	27.36	25.62	25.26	26.08	19.0	17.8	16.96	16.18	17.12	17.2	16.72	17.18	16.96	16.12	15.3	15.3	14.94	15.3	15.12	15.9	15.5	15.12	13.56	14.62	12.56	13.0	13.72	13.08	13.04	13.0	13.28	12.6	13.3	10.8	10.34	11.12	10.22	10.7	10.0	10.34	10.5	10.44	10.74	8.94	9.28	9.5	9.56	9.54	9.62	9.86	9.64	9.26	7.9	7.26	6.98	6.34	7.02	6.84	6.36	6.48	6.58	7.14	6.24	6.38	5.78	
33.42	33.56	32.56	31.42	33.58	31.28	33.1	32.18	32.82	35.22	34.96	35.42	37.14	35.26	37.34	37.02	36.56	35.34	34.56	21.9	20.56	19.42	19.32	20.52	20.36	19.3	19.56	18.86	21.76	26.16	26.22	25.2	26.24	26.76	27.04	25.88	27.0	25.68	18.16	16.92	16.36	16.98	17.14	17.06	17.38	16.88	16.54	16.62	14.62	14.26	14.78	15.78	15.4	14.5	14.58	15.42	15.02	13.68	12.32	13.28	12.66	13.54	13.54	13.4	13.86	13.16	13.66	10.98	11.08	10.5	10.76	10.28	11.08	9.86	10.22	12.0	10.0	9.72	9.28	9.86	9.18	9.72	9.9	9.38	9.24	9.3	8.24	7.48	6.74	6.88	7.26	6.98	6.48	7.2	6.86	6.8	5.54	5.96	6.46	
33.18	34.34	32.78	34.66	33.46	33.3	34.4	32.42	31.7	35.08	37.74	36.52	37.42	35.9	35.72	37.14	35.92	35.78	34.8	21.34	20.86	20.34	20.2	20.68	19.38	19.98	21.04	20.04	22.72	25.9	26.24	26.46	26.76	26.28	26.08	27.6	26.18	26.24	19.34	17.42	16.16	17.94	17.28	17.04	16.02	17.74	17.54	17.5	15.16	14.94	15.22	16.24	15.6	15.62	15.58	14.76	15.32	13.64	13.06	13.86	13.02	13.58	12.38	13.28	12.54	12.78	12.38	12.02	9.96	11.48	10.42	11.26	10.22	9.76	10.38	10.84	10.56	9.58	9.72	9.74	8.96	9.94	10.06	9.32	8.78	9.1	8.84	7.24	7.0	7.36	7.28	7.7	6.92	6.88	7.02	6.2	6.66	6.6	5.82	
35.48	34.5	33.76	32.46	33.46	33.12	35.32	33.02	32.5	35.14	35.88	37.56	37.1	37.56	37.32	37.0	36.28	36.44	35.98	21.54	18.92	20.64	20.86	20.68	20.5	20.44	20.5	20.5	22.76	27.48	27.24	26.42	27.5	27.52	27.28	25.46	27.42	27.26	19.6	16.22	17.48	18.38	17.9	17.28	17.4	16.88	17.28	17.16	15.82	15.84	15.82	16.2	16.26	14.7	16.12	16.38	16.36	14.82	13.26	13.34	13.68	13.36	14.02	14.26	13.78	14.24	13.54	11.36	11.42	11.46	11.56	10.82	10.74	11.4	11.2	10.42	11.34	9.94	9.46	9.98	9.52	10.6	9.8	9.34	9.84	10.4	8.64	7.3	6.96	7.54	6.94	7.7	6.94	7.1	7.44	6.56	5.84	6.02	6.06	
33.74	33.2	34.24	34.98	34.0	33.74	34.5	34.4	33.42	35.76	38.78	37.76	36.96	38.82	36.96	37.5	36.62	37.82	34.6	20.98	20.18	20.46	19.82	19.74	20.14	20.36	21.74	20.56	23.64	27.92	29.02	27.9	26.84	27.5	26.72	27.92	26.46	28.36	19.52	18.36	17.56	17.78	18.18	17.34	17.9	16.98	17.28	16.58	15.88	16.38	16.06	15.8	15.24	15.0	15.68	15.58	15.78	14.42	14.58	13.3	13.94	14.54	13.7	13.6	15.18	14.42	12.46	12.0	11.1	10.44	11.52	11.28	11.54	11.32	10.92	11.18	10.92	10.66	9.3	9.74	10.78	10.44	9.84	9.5	9.4	9.64	8.0	6.98	6.66	7.16	7.04	6.94	6.96	7.64	7.42	6.86	6.6	6.62	5.86	
34.9	33.12	35.0	34.7	33.16	34.88	34.6	34.48	34.14	36.6	36.14	36.64	37.34	37.24	38.06	39.4	37.28	37.04	34.78	21.82	20.5	20.6	21.3	21.26	20.5	21.34	20.14	19.48	24.2	27.42	27.58	27.98	27.12	27.58	29.3	27.48	27.96	26.3	20.3	17.68	16.84	18.4	17.42	18.24	17.54	18.3	17.38	17.34	16.14	15.66	15.36	16.0	15.66	16.5	15.52	15.72	16.74	14.36	14.12	14.32	13.08	14.32	13.42	13.92	14.6	14.74	12.72	11.44	10.78	10.1	11.62	11.0	11.3	11.7	10.92	11.44	11.16	10.64	10.38	9.72	10.2	10.46	10.46	10.26	10.68	9.28	8.66	7.24	7.3	7.1	6.68	6.98	6.56	6.92	7.3	6.68	5.92	6.44	5.94	
34.6	35.46	35.62	34.18	33.5	34.72	34.08	33.38	34.86	37.0	38.68	37.06	40.0	37.44	38.34	38.32	37.58	39.2	36.64	20.8	20.62	21.98	21.52	20.74	21.34	20.92	19.94	20.46	24.16	28.78	28.04	27.68	27.74	28.1	28.58	28.98	27.92	27.64	19.72	17.14	18.48	18.06	17.24	18.38	18.28	18.0	19.24	18.22	16.48	16.98	17.2	16.84	16.9	16.14	16.42	15.58	15.54	15.64	14.2	14.62	13.9	13.32	13.72	14.4	13.68	13.66	14.02	11.98	10.52	11.52	11.36	11.22	11.22	11.38	11.44	11.56	10.06	10.44	10.16	11.1	10.34	9.82	9.62	9.74	9.68	10.14	8.1	7.22	7.16	7.0	7.12	7.34	7.66	7.26	6.94	6.84	6.74	6.02	5.84	
35.56	34.66	33.62	34.5	34.92	34.42	34.58	34.02	34.78	37.04	39.14	39.1	37.54	39.42	38.0	38.1	37.48	38.3	37.18	23.2	21.16	20.46	20.74	21.46	21.36	20.16	21.66	20.14	21.82	29.14	28.52	26.0	29.9	28.58	28.8	29.58	27.12	27.88	20.48	18.32	19.12	18.46	18.88	17.5	18.62	17.62	17.08	17.6	15.96	16.56	17.96	15.42	15.22	16.04	16.04	16.62	16.44	15.44	14.88	14.18	12.7	14.52	13.92	12.96	15.58	13.8	14.86	12.22	12.16	10.92	11.14	11.56	12.08	10.78	10.96	11.22	9.76	10.86	9.6	10.7	10.22	10.94	10.22	10.26	9.96	9.8	8.36	7.5	6.76	7.54	7.36	7.04	7.34	7.0	7.6	6.58	5.66	7.1	5.58	
35.14	34.4	36.3	34.94	34.24	34.48	35.22	34.38	34.22	37.4	38.34	37.46	40.56	38.34	37.82	38.28	37.24	39.04	37.32	21.0	20.86	21.52	21.84	20.68	21.58	22.52	19.94	22.08	25.78	27.84	27.78	27.6	28.26	29.0	27.34	28.72	28.54	27.88	21.06	18.78	18.2	18.26	19.06	18.14	17.52	17.32	18.06	17.58	16.5	16.94	16.4	16.62	15.24	17.0	17.06	16.3	16.08	16.2	14.66	14.22	15.5	13.86	13.82	14.88	13.8	13.6	13.12	11.84	11.76	10.5	10.78	12.04	12.1	11.76	11.08	10.54	11.4	10.62	10.18	9.54	10.0	10.08	9.9	9.84	9.8	10.0	8.66	7.48	7.08	7.24	7.2	7.1	7.0	7.12	7.0	7.62	6.14	6.66	6.38	
35.64	33.94	34.62	33.8	33.56	36.24	34.86	34.06	34.1	38.66	37.68	39.62	39.72	39.5	38.46	37.98	38.54	39.24	38.8	22.64	20.7	21.06	20.6	19.92	22.28	21.26	21.9	20.9	24.48	27.58	27.32	27.74	28.94	27.62	26.64	27.66	28.96	27.6	19.56	17.34	19.32	18.22	19.0	18.66	18.22	19.22	18.04	17.16	16.9	16.42	16.62	16.2	17.98	17.26	16.44	16.68	15.26	15.36	13.76	14.12	14.36	13.56	14.24	13.54	13.76	14.74	13.72	12.42	11.38	10.88	11.44	11.34	11.44	11.82	11.46	11.58	11.36	10.56	11.04	10.5	9.94	10.44	10.36	10.5	10.88	10.18	9.08	6.36	7.4	7.6	7.08	8.0	7.4	7.24	6.98	6.88	6.36	6.04	6.64	
34.9	36.56	36.3	35.42	35.28	35.28	35.58	34.1	35.18	36.7	38.46	38.98	37.3	38.2	38.4	39.66	38.94	39.58	35.9	21.32	20.68	20.9	20.9	21.64	21.64	19.68	21.3	23.0	24.02	28.14	28.94	28.56	29.42	29.0	28.18	27.26	27.18	27.22	21.0	19.22	17.78	18.2	18.18	18.9	18.4	17.6	18.2	16.8	16.22	16.6	16.3	16.0	16.68	16.72	16.12	15.86	16.92	15.42	14.06	14.38	13.9	13.96	14.58	14.02	13.96	14.76	14.38	11.82	11.38	10.9	11.78	11.76	11.08	11.72	11.4	12.56	10.6	11.22	9.7	10.7	9.4	10.64	10.8	9.64	10.16	10.34	8.32	7.68	7.04	7.26	7.14	7.06	7.06	7.82	6.76	6.44	6.88	6.18	6.88	
35.6	35.1	34.36	34.76	33.6	36.26	35.7	35.8	33.64	37.2	37.94	38.4	38.74	39.06	37.06	38.92	38.28	38.0	36.54	21.46	20.74	20.42	21.2	21.42	20.66	20.76	20.2	19.94	24.22	28.88	27.84	28.28	27.84	29.32	30.12	28.12	30.54	29.8	21.46	18.08	19.2	17.9	17.82	17.9	17.78	17.68	17.68	17.3	16.08	16.18	15.8	15.68	15.46	16.64	16.78	15.96	16.18	15.76	13.9	15.02	13.48	14.06	13.68	13.94	14.08	13.12	13.22	11.66	11.6	11.72	11.56	12.28	11.52	11.24	11.8	11.96	10.9	10.88	10.8	11.18	10.32	10.16	10.76	10.48	10.6	10.38	8.14	8.36	7.38	6.56	7.82	6.8	6.74	7.74	6.9	7.48	6.76	6.28	6.22	
35.88	36.04	35.24	34.16	36.04	34.76	34.6	34.82	35.12	36.32	39.86	39.22	37.9	38.48	39.52	39.08	39.1	39.52	38.0	21.64	21.24	21.02	20.84	21.02	21.94	21.18	20.5	20.6	24.5	30.22	27.92	29.82	30.38	28.8	29.68	29.02	29.16	28.0	20.16	18.56	19.46	17.88	18.04	18.44	17.54	18.86	19.84	17.76	16.28	15.88	16.82	16.2	16.42	16.38	16.06	17.2	16.3	14.44	14.02	12.54	14.46	14.56	14.38	14.02	13.66	15.4	13.8	12.14	12.7	11.9	11.96	10.88	11.02	12.26	11.58	11.78	9.58	10.18	10.36	10.16	10.22	10.02	11.38	9.42	10.08	10.22	9.02	7.16	7.84	7.96	7.42	7.5	7.1	7.3	7.32	6.6	6.96	6.74	6.16	
35.8	35.16	35.6	36.26	36.1	34.82	35.62	35.34	32.4	37.7	39.06	39.72	39.78	39.36	38.42	38.38	40.0	37.82	35.38	22.34	21.28	21.26	20.44	20.64	21.2	21.22	20.4	21.12	24.62	28.16	28.0	28.26	27.46	27.2	28.7	29.68	28.18	27.7	21.18	18.58	18.82	19.16	18.62	17.86	18.46	17.2	18.3	18.44	16.96	16.68	14.86	17.28	16.3	16.24	15.88	17.12	16.0	14.52	14.38	14.78	15.22	14.8	15.32	15.04	14.3	14.72	14.72	12.3	11.28	11.0	11.32	11.06	12.16	11.8	11.1	11.3	12.16	10.18	9.48	10.56	9.74	10.6	10.44	10.12	10.66	9.38	8.54	7.2	6.66	7.2	7.02	6.1	7.82	6.88	6.8	7.06	6.88	5.92	6.32	
35.18	35.48	35.5	33.62	34.68	33.58	34.14	36.06	33.68	38.08	38.2	40.6	37.64	38.02	37.78	39.26	39.34	38.06	38.28	20.48	20.44	21.34	20.34	19.98	21.32	20.56	21.0	21.04	24.46	27.7	28.16	29.42	29.72	30.5	26.96	27.64	26.6	26.86	21.0	16.96	18.22	17.5	18.66	16.74	17.3	18.94	17.36	16.92	17.0	16.78	15.66	15.28	15.88	17.22	15.12	16.7	15.8	15.12	13.7	13.36	13.36	12.88	15.2	14.58	13.76	14.88	13.16	12.84	11.14	10.78	11.36	11.48	11.6	12.4	10.58	10.66	10.7	10.54	9.82	9.68	10.58	10.24	10.0	10.48	9.34	10.64	8.36	7.64	7.5	7.52	7.42	7.26	7.14	7.58	7.26	6.84	6.44	6.66	6.6	
36.1	34.72	36.16	36.06	34.84	36.08	36.56	34.66	34.4	37.2	38.88	39.02	39.64	38.88	38.42	39.96	39.08	38.64	37.04	20.84	20.04	21.4	19.52	21.42	20.68	20.72	20.62	20.7	24.7	26.92	28.98	26.84	28.52	29.34	27.8	29.68	29.9	28.04	20.24	17.64	18.76	17.9	17.72	17.36	16.8	18.16	17.34	17.34	16.74	15.88	17.02	16.08	15.5	17.48	15.02	15.58	16.14	16.22	14.74	14.34	14.06	13.82	13.26	13.82	14.18	14.1	13.14	11.9	11.18	12.22	10.56	11.86	11.94	11.98	11.82	11.74	11.68	10.18	9.26	10.24	8.94	10.52	9.98	9.92	9.98	9.24	8.74	7.72	8.2	7.4	7.36	6.94	7.58	7.16	6.62	7.34	6.26	6.86	6.48	
35.14	34.38	34.1	35.1	34.28	36.06	35.9	34.58	33.66	36.94	39.08	38.22	38.2	38.9	37.28	39.68	39.68	37.7	36.72	21.8	20.66	19.38	20.18	20.06	20.0	20.38	19.84	20.94	24.3	28.42	27.58	27.08	29.56	27.68	29.48	27.76	28.9	27.56	20.32	17.62	18.3	18.62	18.26	19.1	18.42	18.14	18.58	17.98	17.0	16.2	16.58	15.88	16.1	15.1	16.04	16.78	16.86	14.12	14.18	13.66	14.38	13.38	14.66	14.32	13.88	13.12	12.96	11.84	10.84	10.74	11.28	10.92	12.12	11.54	11.54	11.2	11.4	9.26	10.16	9.4	10.26	10.6	10.16	9.96	10.46	9.42	8.3	6.9	7.08	6.76	7.7	8.12	7.02	7.32	7.52	7.1	6.32	6.46	6.68	
35.04	34.86	34.24	34.74	34.98	34.48	35.3	34.14	34.04	37.02	38.86	37.96	38.62	38.6	39.54	37.44	38.84	39.36	35.86	22.62	21.66	20.26	20.8	21.84	20.1	20.38	20.9	21.12	24.84	29.48	28.98	28.16	28.34	27.38	28.48	27.72	28.74	26.42	21.24	17.12	17.76	17.3	18.44	18.56	19.08	17.16	17.08	17.24	15.74	15.94	16.08	16.22	15.92	15.9	15.9	16.54	16.0	14.6	14.2	14.46	13.5	13.84	13.74	14.36	13.56	13.88	14.78	11.84	11.04	11.26	12.08	11.3	11.9	11.6	11.38	10.48	11.2	9.36	10.54	10.48	9.74	10.02	10.26	9.92	10.54	9.42	8.12	7.5	7.28	7.44	7.08	7.0	6.98	6.36	7.12	7.02	6.76	6.52	6.56	
34.82	35.1	34.5	33.4	33.7	33.72	33.94	34.4	34.42	36.66	38.84	39.96	39.18	38.26	37.66	38.32	38.46	36.56	36.92	21.18	20.56	21.06	20.44	20.26	20.36	21.02	19.8	20.06	23.58	27.0	29.26	27.3	28.5	28.18	29.1	28.98	28.92	27.46	20.24	17.34	18.92	17.22	18.36	17.92	18.52	17.46	18.5	17.32	16.38	16.12	16.62	16.54	16.0	16.4	16.46	16.62	15.72	14.44	13.56	14.28	14.16	13.22	13.72	13.84	14.2	13.9	13.54	12.74	10.9	10.78	11.22	10.92	11.22	11.32	11.32	11.88	10.06	10.42	9.54	9.86	9.86	10.3	9.82	9.88	9.98	9.8	8.26	6.88	7.22	7.36	7.24	6.88	7.2	7.1	7.26	6.62	6.36	6.82	6.1	
35.06	34.98	34.92	34.16	33.78	35.7	34.96	33.64	33.88	36.62	38.78	38.28	36.5	38.24	37.36	39.56	36.88	39.66	37.48	21.32	20.66	19.86	20.6	20.66	20.72	20.68	20.58	19.74	23.2	27.48	26.58	27.84	28.46	27.98	28.64	27.6	28.18	27.72	20.5	18.26	18.88	17.08	18.1	18.1	19.54	18.16	18.16	16.84	15.96	15.48	16.06	14.9	14.76	16.28	16.26	16.58	15.8	14.54	13.66	14.28	13.46	13.14	13.82	13.78	15.16	14.56	13.38	11.12	10.68	11.2	11.4	10.9	10.8	11.72	10.92	11.06	10.96	10.28	9.88	9.6	9.62	9.68	9.48	10.98	10.2	9.28	8.42	7.12	6.8	6.62	7.28	7.18	7.18	6.6	7.6	7.14	6.08	6.1	5.7	
34.98	33.12	35.92	34.16	32.94	34.24	34.32	34.66	33.66	36.8	37.98	37.84	38.78	38.02	37.26	38.36	37.76	37.92	35.94	20.28	21.24	20.42	20.36	19.7	20.64	20.14	18.16	20.78	23.98	28.18	28.92	28.8	26.74	26.72	28.12	27.04	27.66	26.12	18.64	17.78	16.24	17.04	17.12	16.9	18.02	17.38	18.16	17.6	16.44	16.56	15.64	15.58	16.14	15.88	15.62	15.96	16.04	15.18	13.44	13.12	13.42	14.02	13.36	13.62	13.52	13.34	13.64	12.14	11.26	10.92	11.94	10.86	10.8	10.66	10.96	11.3	10.3	10.72	10.24	10.36	9.8	9.24	10.24	10.4	9.74	9.98	8.12	6.86	7.54	7.16	7.18	7.06	6.84	7.32	7.5	7.22	6.04	6.1	5.98	
33.92	34.76	33.66	33.44	34.92	34.94	33.96	33.14	34.44	37.02	37.0	37.66	38.6	37.94	37.42	39.18	38.22	36.68	35.36	20.76	21.18	19.6	20.78	20.94	20.02	20.06	20.06	19.7	24.34	27.22	26.6	29.26	27.86	28.72	27.54	28.6	28.12	27.6	20.46	17.6	17.94	17.46	17.8	18.42	17.88	17.08	16.54	16.92	16.86	16.24	16.12	15.74	16.84	16.16	16.8	15.32	16.06	14.68	13.74	13.42	13.7	13.96	13.66	12.68	13.68	13.3	12.74	11.32	10.72	10.74	11.06	10.14	9.46	10.5	11.08	11.14	9.1	10.36	9.86	9.8	9.8	10.02	11.18	10.06	10.06	10.32	8.28	6.88	7.26	6.92	7.02	7.02	8.08	6.94	7.18	6.64	7.08	6.3	6.16	
32.56	33.48	32.82	33.0	33.4	31.96	34.68	36.06	33.72	35.32	38.34	37.54	37.22	36.58	37.64	38.44	38.9	37.26	35.54	19.92	19.72	20.8	20.0	18.26	20.02	20.18	20.44	20.46	24.26	27.02	27.28	27.48	28.2	29.08	26.62	26.78	26.1	27.92	19.22	17.48	16.7	16.48	18.06	18.08	16.78	16.72	16.68	16.68	17.04	15.6	15.7	15.36	15.36	15.6	16.28	15.96	14.58	14.08	13.34	13.96	14.08	13.16	14.98	13.94	12.92	13.54	13.12	10.76	10.8	11.2	10.68	10.84	11.3	11.6	11.0	10.98	10.54	10.4	10.46	10.16	9.84	10.86	9.14	9.12	9.92	9.74	8.52	7.2	6.56	6.14	7.32	7.4	6.86	6.9	7.06	6.34	7.02	6.06	6.2	
32.82	34.08	32.96	34.06	31.9	34.52	34.24	33.54	33.82	35.8	36.72	39.0	37.24	37.84	37.72	36.9	38.86	35.62	35.94	21.92	19.94	20.52	19.44	20.0	21.26	19.62	21.04	18.74	22.96	25.8	26.74	27.36	26.88	26.9	27.28	27.34	26.88	26.8	19.98	17.78	16.7	17.76	16.78	18.62	17.96	17.84	17.72	17.3	16.16	16.04	16.28	16.8	15.36	16.94	16.3	15.42	16.16	15.12	12.88	13.06	13.72	13.98	14.08	14.26	14.54	13.72	13.62	11.14	11.64	10.74	11.18	10.58	10.9	10.86	10.8	10.6	9.58	9.72	9.64	9.64	10.22	10.0	9.04	10.32	9.2	8.88	7.82	7.6	7.04	7.1	6.76	6.5	6.66	6.82	7.84	6.92	6.86	5.7	6.34	
32.96	32.4	33.18	34.22	33.42	32.88	33.28	33.22	33.96	36.08	37.78	36.62	36.54	38.08	38.66	36.88	37.64	37.78	35.9	20.4	20.08	20.22	20.78	19.4	18.82	21.02	19.5	20.48	23.54	27.34	27.16	27.26	26.04	26.4	27.5	27.7	27.28	24.46	20.06	17.34	16.84	17.16	17.56	17.14	18.16	16.76	16.72	17.32	15.82	15.66	15.46	15.8	16.34	16.32	14.78	15.86	15.9	14.4	13.64	13.34	12.96	13.5	12.92	14.0	14.34	13.48	13.78	12.72	10.9	11.18	10.96	11.68	11.7	10.84	10.66	11.6	10.46	10.04	10.0	9.6	10.14	9.86	9.6	9.3	9.8	8.88	7.78	7.72	6.78	6.12	6.7	6.7	6.72	6.78	6.34	7.28	6.16	5.84	5.5	
34.24	33.9	33.34	33.3	33.34	33.32	33.96	33.04	33.88	34.0	37.16	36.72	36.42	38.22	37.56	37.22	37.14	36.88	36.72	20.38	20.74	19.54	18.78	19.7	19.96	19.88	20.16	19.48	23.9	26.7	28.8	26.84	27.42	26.64	26.78	27.24	27.48	26.38	19.32	17.68	17.26	17.5	17.58	16.84	17.26	17.88	16.96	16.62	15.36	15.02	15.54	14.88	15.34	16.2	15.2	15.82	15.12	14.24	12.66	12.94	13.32	13.6	14.6	13.0	13.24	12.8	13.92	11.66	11.44	10.38	10.86	10.5	10.68	10.64	10.54	10.98	10.46	10.24	9.08	9.24	9.16	9.08	9.4	9.6	9.68	8.6	7.7	6.92	6.62	6.4	7.3	6.84	6.78	6.96	6.6	6.52	6.92	5.84	6.32	
34.52	32.7	34.08	33.06	33.62	33.32	33.2	32.0	34.22	35.62	37.48	37.28	35.96	37.38	36.72	37.52	39.26	38.1	35.66	20.76	19.86	20.0	20.36	19.4	20.58	19.34	20.32	21.0	23.32	26.12	27.58	26.62	26.54	26.76	28.54	28.62	27.94	26.64	19.12	17.1	17.46	16.88	17.1	16.08	17.42	17.06	17.6	17.34	16.3	15.72	16.02	14.5	15.22	15.08	14.66	15.96	14.54	13.8	13.16	13.68	12.18	13.36	13.64	14.24	13.46	12.76	12.62	12.0	11.0	10.26	11.0	11.12	10.84	11.12	10.96	10.88	10.12	9.42	8.86	10.76	9.24	9.3	8.9	10.3	9.46	9.2	8.08	6.7	6.54	6.82	7.3	6.68	6.74	7.08	6.62	7.14	6.22	5.82	6.26	
