0.01	0.514949494949	1.0198989899	1.52484848485	2.0297979798	2.53474747475	3.0396969697	3.54464646465	4.0495959596	4.55454545455	5.05949494949	5.56444444444	6.06939393939	6.57434343434	7.07929292929	7.58424242424	8.08919191919	8.59414141414	9.09909090909	9.60404040404	10.108989899	10.6139393939	11.1188888889	11.6238383838	12.1287878788	12.6337373737	13.1386868687	13.6436363636	14.1485858586	14.6535353535	15.1584848485	15.6634343434	16.1683838384	16.6733333333	17.1782828283	17.6832323232	18.1881818182	18.6931313131	19.1980808081	19.703030303	20.207979798	20.7129292929	21.2178787879	21.7228282828	22.2277777778	22.7327272727	23.2376767677	23.7426262626	24.2475757576	24.7525252525	25.2574747475	25.7624242424	26.2673737374	26.7723232323	27.2772727273	27.7822222222	28.2871717172	28.7921212121	29.2970707071	29.802020202	30.306969697	30.8119191919	31.3168686869	31.8218181818	32.3267676768	32.8317171717	33.3366666667	33.8416161616	34.3465656566	34.8515151515	35.3564646465	35.8614141414	36.3663636364	36.8713131313	37.3762626263	37.8812121212	38.3861616162	38.8911111111	39.3960606061	39.901010101	40.405959596	40.9109090909	41.4158585859	41.9208080808	42.4257575758	42.9307070707	43.4356565657	43.9406060606	44.4455555556	44.9505050505	45.4554545455	45.9604040404	46.4653535354	46.9703030303	47.4752525253	47.9802020202	48.4851515152	48.9901010101	49.4950505051	50.0	
0.0	0.02	0.0	0.0	0.0	0.0	0.0	0.0	0.0	0.02	0.0	0.0	0.0	0.0	0.0	0.0	0.0	0.0	0.0	0.0	0.0	0.0	0.0	0.0	0.0	0.0	0.0	0.0	0.0	0.0	0.0	0.0	0.0	0.0	0.0	0.0	0.0	0.0	0.0	0.0	0.0	0.0	0.0	0.0	0.0	0.0	0.0	0.0	0.0	0.0	0.0	0.0	0.0	0.0	0.0	0.0	0.0	0.0	0.0	0.0	0.0	0.0	0.0	0.0	0.0	0.0	0.0	0.0	0.0	0.0	0.0	0.0	0.0	0.0	0.0	0.0	0.0	0.0	0.0	0.0	0.0	0.0	0.0	0.0	0.0	0.0	0.0	0.0	0.0	0.0	0.0	0.0	0.0	0.0	0.0	0.0	0.0	0.0	0.0	
0.02	0.0	0.0	0.0	0.0	0.0	0.0	0.0	0.0	0.0	0.0	0.0	0.0	0.0	0.0	0.0	0.0	0.02	0.0	0.0	0.0	0.0	0.0	0.0	0.0	0.0	0.0	0.0	0.0	0.0	0.0	0.0	0.0	0.0	0.0	0.0	0.0	0.0	0.0	0.0	0.0	0.0	0.0	0.0	0.0	0.0	0.0	0.0	0.0	0.0	0.0	0.0	0.0	0.0	0.0	0.0	0.0	0.0	0.0	0.0	0.0	0.0	0.0	0.0	0.0	0.0	0.0	0.0	0.0	0.0	0.0	0.0	0.0	0.0	0.0	0.0	0.0	0.0	0.0	0.0	0.0	0.0	0.0	0.0	0.0	0.0	0.0	0.0	0.0	0.0	0.0	0.0	0.0	0.0	0.0	0.0	0.0	0.0	0.0	
0.02	0.04	0.0	0.04	0.0	0.02	0.02	0.0	0.02	0.0	0.0	0.0	0.0	0.0	0.0	0.0	0.02	0.0	0.0	0.0	0.0	0.0	0.0	0.0	0.0	0.0	0.0	0.0	0.0	0.0	0.0	0.0	0.0	0.0	0.0	0.0	0.0	0.0	0.0	0.0	0.0	0.0	0.0	0.0	0.0	0.0	0.0	0.0	0.0	0.0	0.0	0.0	0.0	0.0	0.0	0.0	0.0	0.0	0.0	0.0	0.0	0.0	0.0	0.0	0.0	0.0	0.0	0.0	0.0	0.0	0.0	0.0	0.0	0.0	0.0	0.0	0.0	0.0	0.0	0.0	0.0	0.0	0.0	0.0	0.0	0.0	0.0	0.0	0.0	0.0	0.0	0.0	0.0	0.0	0.0	0.0	0.0	0.0	0.0	
0.0	0.02	0.08	0.06	0.02	0.02	0.04	0.0	0.02	0.0	0.0	0.0	0.0	0.0	0.02	0.0	0.02	0.0	0.04	0.0	0.0	0.0	0.0	0.0	0.0	0.0	0.0	0.0	0.0	0.0	0.0	0.0	0.0	0.0	0.0	0.0	0.0	0.0	0.0	0.0	0.0	0.0	0.0	0.0	0.0	0.0	0.0	0.0	0.0	0.0	0.0	0.0	0.0	0.0	0.0	0.0	0.0	0.0	0.0	0.0	0.0	0.0	0.0	0.0	0.0	0.0	0.0	0.0	0.0	0.0	0.0	0.0	0.0	0.0	0.0	0.0	0.0	0.0	0.0	0.0	0.0	0.0	0.0	0.0	0.0	0.0	0.0	0.0	0.0	0.0	0.0	0.0	0.0	0.0	0.0	0.0	0.0	0.0	0.0	
0.08	0.04	0.06	0.06	0.0	0.0	0.04	0.1	0.04	0.02	0.0	0.0	0.0	0.02	0.0	0.0	0.0	0.0	0.0	0.02	0.0	0.0	0.0	0.0	0.0	0.0	0.0	0.0	0.0	0.0	0.0	0.0	0.0	0.0	0.0	0.0	0.0	0.0	0.0	0.0	0.0	0.0	0.0	0.0	0.0	0.0	0.0	0.0	0.0	0.0	0.0	0.0	0.0	0.0	0.0	0.0	0.0	0.0	0.0	0.0	0.0	0.0	0.0	0.0	0.0	0.0	0.0	0.0	0.0	0.0	0.0	0.0	0.0	0.0	0.0	0.0	0.0	0.0	0.0	0.0	0.0	0.0	0.0	0.0	0.0	0.0	0.0	0.0	0.0	0.0	0.0	0.0	0.0	0.0	0.0	0.0	0.0	0.0	0.0	
0.02	0.06	0.0	0.02	0.06	0.12	0.04	0.02	0.0	0.02	0.0	0.0	0.02	0.0	0.0	0.02	0.0	0.0	0.0	0.0	0.0	0.0	0.0	0.0	0.0	0.0	0.0	0.0	0.0	0.0	0.0	0.0	0.0	0.0	0.0	0.0	0.0	0.0	0.0	0.0	0.0	0.0	0.0	0.0	0.0	0.0	0.0	0.0	0.0	0.0	0.0	0.0	0.0	0.0	0.0	0.0	0.0	0.0	0.0	0.0	0.0	0.0	0.0	0.0	0.0	0.0	0.0	0.0	0.0	0.0	0.0	0.0	0.0	0.0	0.0	0.0	0.0	0.0	0.0	0.0	0.0	0.0	0.0	0.0	0.0	0.0	0.0	0.0	0.0	0.0	0.0	0.0	0.0	0.0	0.0	0.0	0.0	0.0	0.0	
0.06	0.04	0.06	0.02	0.08	0.06	0.04	0.08	0.06	0.0	0.0	0.0	0.02	0.0	0.0	0.0	0.0	0.02	0.02	0.0	0.0	0.0	0.0	0.0	0.0	0.0	0.0	0.0	0.0	0.0	0.0	0.0	0.0	0.0	0.0	0.0	0.0	0.0	0.0	0.0	0.0	0.0	0.0	0.0	0.0	0.0	0.0	0.0	0.0	0.0	0.0	0.0	0.0	0.0	0.0	0.0	0.0	0.0	0.0	0.0	0.0	0.0	0.0	0.0	0.0	0.0	0.0	0.0	0.0	0.0	0.0	0.0	0.0	0.0	0.0	0.0	0.0	0.0	0.0	0.0	0.0	0.0	0.0	0.0	0.0	0.0	0.0	0.0	0.0	0.0	0.0	0.0	0.0	0.0	0.0	0.0	0.0	0.0	0.0	
0.1	0.16	0.04	0.1	0.1	0.1	0.04	0.12	0.18	0.06	0.02	0.02	0.02	0.04	0.02	0.02	0.0	0.02	0.0	0.0	0.0	0.0	0.0	0.0	0.0	0.0	0.0	0.0	0.0	0.0	0.0	0.0	0.0	0.0	0.0	0.0	0.0	0.0	0.0	0.0	0.0	0.0	0.0	0.0	0.0	0.0	0.0	0.0	0.0	0.0	0.0	0.0	0.0	0.0	0.0	0.0	0.0	0.0	0.0	0.0	0.0	0.0	0.0	0.0	0.0	0.0	0.0	0.0	0.0	0.0	0.0	0.0	0.0	0.0	0.0	0.0	0.0	0.0	0.0	0.0	0.0	0.0	0.0	0.0	0.0	0.0	0.0	0.0	0.0	0.0	0.0	0.0	0.0	0.0	0.0	0.0	0.0	0.0	0.0	
0.1	0.1	0.12	0.14	0.32	0.12	0.18	0.18	0.1	0.06	0.02	0.06	0.02	0.0	0.08	0.04	0.02	0.0	0.02	0.0	0.0	0.0	0.0	0.0	0.0	0.0	0.0	0.0	0.0	0.0	0.0	0.0	0.0	0.0	0.0	0.0	0.0	0.0	0.0	0.0	0.0	0.0	0.0	0.0	0.0	0.0	0.0	0.0	0.0	0.0	0.0	0.0	0.0	0.0	0.0	0.0	0.0	0.0	0.0	0.0	0.0	0.0	0.0	0.0	0.0	0.0	0.0	0.0	0.0	0.0	0.0	0.0	0.0	0.0	0.0	0.0	0.0	0.0	0.0	0.0	0.0	0.0	0.0	0.0	0.0	0.0	0.0	0.0	0.0	0.0	0.0	0.0	0.0	0.0	0.0	0.0	0.0	0.0	0.0	
0.26	0.28	0.16	0.22	0.3	0.26	0.32	0.26	0.28	0.12	0.08	0.08	0.12	0.02	0.04	0.04	0.04	0.04	0.06	0.02	0.0	0.0	0.0	0.0	0.0	0.0	0.0	0.0	0.0	0.0	0.0	0.0	0.0	0.0	0.0	0.0	0.0	0.0	0.0	0.0	0.0	0.0	0.0	0.0	0.0	0.0	0.0	0.0	0.0	0.0	0.0	0.0	0.0	0.0	0.0	0.0	0.0	0.0	0.0	0.0	0.0	0.0	0.0	0.0	0.0	0.0	0.0	0.0	0.0	0.0	0.0	0.0	0.0	0.0	0.0	0.0	0.0	0.0	0.0	0.0	0.0	0.0	0.0	0.0	0.0	0.0	0.0	0.0	0.0	0.0	0.0	0.0	0.0	0.0	0.0	0.0	0.0	0.0	0.0	
0.56	0.5	0.66	0.54	0.58	0.64	0.32	0.5	0.6	0.3	0.12	0.12	0.08	0.02	0.16	0.14	0.14	0.12	0.06	0.0	0.0	0.0	0.0	0.0	0.0	0.0	0.0	0.0	0.0	0.0	0.0	0.0	0.0	0.0	0.0	0.0	0.0	0.0	0.0	0.0	0.0	0.0	0.0	0.0	0.0	0.0	0.0	0.0	0.0	0.0	0.0	0.0	0.0	0.0	0.0	0.0	0.0	0.0	0.0	0.0	0.0	0.0	0.0	0.0	0.0	0.0	0.0	0.0	0.0	0.0	0.0	0.0	0.0	0.0	0.0	0.0	0.0	0.0	0.0	0.0	0.0	0.0	0.0	0.0	0.0	0.0	0.0	0.0	0.0	0.0	0.0	0.0	0.0	0.0	0.0	0.0	0.0	0.0	0.0	
0.74	0.7	0.64	0.66	0.42	0.8	0.52	0.54	0.24	0.46	0.08	0.1	0.1	0.14	0.1	0.06	0.1	0.28	0.08	0.02	0.0	0.0	0.0	0.0	0.0	0.0	0.0	0.0	0.0	0.0	0.0	0.0	0.0	0.0	0.0	0.0	0.0	0.0	0.0	0.0	0.0	0.0	0.0	0.0	0.0	0.0	0.0	0.0	0.0	0.0	0.0	0.0	0.0	0.0	0.0	0.0	0.0	0.0	0.0	0.0	0.0	0.0	0.0	0.0	0.0	0.0	0.0	0.0	0.0	0.0	0.0	0.0	0.0	0.0	0.0	0.0	0.0	0.0	0.0	0.0	0.0	0.0	0.0	0.0	0.0	0.0	0.0	0.0	0.0	0.0	0.0	0.0	0.0	0.0	0.0	0.0	0.0	0.0	0.0	
0.72	0.52	0.72	0.88	0.54	0.56	0.56	0.48	0.76	0.44	0.16	0.18	0.18	0.22	0.1	0.2	0.06	0.2	0.18	0.02	0.0	0.0	0.0	0.02	0.0	0.0	0.0	0.0	0.0	0.0	0.0	0.0	0.0	0.0	0.0	0.0	0.0	0.0	0.0	0.0	0.0	0.0	0.0	0.0	0.0	0.0	0.0	0.0	0.0	0.0	0.0	0.0	0.0	0.0	0.0	0.0	0.0	0.0	0.0	0.0	0.0	0.0	0.0	0.0	0.0	0.0	0.0	0.0	0.0	0.0	0.0	0.0	0.0	0.0	0.0	0.0	0.0	0.0	0.0	0.0	0.0	0.0	0.0	0.0	0.0	0.0	0.0	0.0	0.0	0.0	0.0	0.0	0.0	0.0	0.0	0.0	0.0	0.0	0.0	
0.9	0.76	0.92	0.7	0.64	0.8	0.68	0.86	0.9	0.58	0.22	0.18	0.16	0.2	0.16	0.06	0.08	0.14	0.22	0.02	0.0	0.0	0.0	0.0	0.0	0.0	0.0	0.0	0.0	0.0	0.0	0.0	0.0	0.0	0.0	0.0	0.0	0.0	0.0	0.0	0.0	0.0	0.0	0.0	0.0	0.0	0.0	0.0	0.0	0.0	0.0	0.0	0.0	0.0	0.0	0.0	0.0	0.0	0.0	0.0	0.0	0.0	0.0	0.0	0.0	0.0	0.0	0.0	0.0	0.0	0.0	0.0	0.0	0.0	0.0	0.0	0.0	0.0	0.0	0.0	0.0	0.0	0.0	0.0	0.0	0.0	0.0	0.0	0.0	0.0	0.0	0.0	0.0	0.0	0.0	0.0	0.0	0.0	0.0	
0.74	1.06	0.9	0.94	0.64	0.98	0.98	0.8	1.0	0.54	0.22	0.12	0.08	0.3	0.22	0.16	0.22	0.2	0.16	0.0	0.0	0.0	0.0	0.0	0.0	0.0	0.0	0.0	0.0	0.0	0.0	0.0	0.0	0.0	0.0	0.0	0.0	0.0	0.0	0.0	0.0	0.0	0.0	0.0	0.0	0.0	0.0	0.0	0.0	0.0	0.0	0.0	0.0	0.0	0.0	0.0	0.0	0.0	0.0	0.0	0.0	0.0	0.0	0.0	0.0	0.0	0.0	0.0	0.0	0.0	0.0	0.0	0.0	0.0	0.0	0.0	0.0	0.0	0.0	0.0	0.0	0.0	0.0	0.0	0.0	0.0	0.0	0.0	0.0	0.0	0.0	0.0	0.0	0.0	0.0	0.0	0.0	0.0	0.0	
1.18	0.92	0.98	1.12	0.98	1.3	1.06	0.98	1.14	0.56	0.14	0.2	0.06	0.32	0.32	0.22	0.2	0.42	0.24	0.06	0.0	0.0	0.02	0.0	0.0	0.0	0.0	0.0	0.0	0.0	0.0	0.0	0.0	0.0	0.0	0.0	0.0	0.0	0.0	0.0	0.0	0.0	0.0	0.0	0.0	0.0	0.0	0.0	0.0	0.0	0.0	0.0	0.0	0.0	0.0	0.0	0.0	0.0	0.0	0.0	0.0	0.0	0.0	0.0	0.0	0.0	0.0	0.0	0.0	0.0	0.0	0.0	0.0	0.0	0.0	0.0	0.0	0.0	0.0	0.0	0.0	0.0	0.0	0.0	0.0	0.0	0.0	0.0	0.0	0.0	0.0	0.0	0.0	0.0	0.0	0.0	0.0	0.0	0.0	
1.3	1.12	1.16	1.38	1.46	1.4	1.46	1.2	1.1	0.66	0.34	0.32	0.36	0.24	0.3	0.32	0.28	0.22	0.18	0.0	0.0	0.0	0.0	0.0	0.0	0.0	0.02	0.0	0.0	0.0	0.0	0.0	0.0	0.0	0.0	0.0	0.0	0.0	0.0	0.0	0.0	0.0	0.0	0.0	0.0	0.0	0.0	0.0	0.0	0.0	0.0	0.0	0.0	0.0	0.0	0.0	0.0	0.0	0.0	0.0	0.0	0.0	0.0	0.0	0.0	0.0	0.0	0.0	0.0	0.0	0.0	0.0	0.0	0.0	0.0	0.0	0.0	0.0	0.0	0.0	0.0	0.0	0.0	0.0	0.0	0.0	0.0	0.0	0.0	0.0	0.0	0.0	0.0	0.0	0.0	0.0	0.0	0.0	0.0	
1.32	1.7	1.36	1.46	1.4	1.5	1.4	1.34	1.34	0.74	0.34	0.36	0.48	0.32	0.34	0.16	0.3	0.4	0.22	0.02	0.0	0.0	0.0	0.0	0.0	0.0	0.0	0.0	0.02	0.0	0.0	0.0	0.0	0.0	0.0	0.0	0.0	0.0	0.0	0.0	0.0	0.0	0.0	0.0	0.0	0.0	0.0	0.0	0.0	0.0	0.0	0.0	0.0	0.0	0.0	0.0	0.0	0.0	0.0	0.0	0.0	0.0	0.0	0.0	0.0	0.0	0.0	0.0	0.0	0.0	0.0	0.0	0.0	0.0	0.0	0.0	0.0	0.0	0.0	0.0	0.0	0.0	0.0	0.0	0.0	0.0	0.0	0.0	0.0	0.0	0.0	0.0	0.0	0.0	0.0	0.0	0.0	0.0	0.0	
1.72	1.44	1.32	1.68	1.44	1.64	1.6	1.76	1.84	0.74	0.42	0.46	0.26	0.5	0.32	0.46	0.34	0.44	0.54	0.02	0.0	0.02	0.0	0.0	0.0	0.02	0.0	0.0	0.0	0.0	0.0	0.0	0.0	0.0	0.0	0.0	0.0	0.0	0.0	0.0	0.0	0.0	0.0	0.0	0.0	0.0	0.0	0.0	0.0	0.0	0.0	0.0	0.0	0.0	0.0	0.0	0.0	0.0	0.0	0.0	0.0	0.0	0.0	0.0	0.0	0.0	0.0	0.0	0.0	0.0	0.0	0.0	0.0	0.0	0.0	0.0	0.0	0.0	0.0	0.0	0.0	0.0	0.0	0.0	0.0	0.0	0.0	0.0	0.0	0.0	0.0	0.0	0.0	0.0	0.0	0.0	0.0	0.0	0.0	
1.56	1.88	2.2	2.14	2.06	1.52	1.98	2.14	2.06	0.9	0.58	0.6	0.34	0.28	0.52	0.48	0.36	0.42	0.4	0.02	0.0	0.0	0.0	0.0	0.0	0.02	0.02	0.0	0.0	0.0	0.0	0.0	0.0	0.0	0.0	0.0	0.0	0.0	0.0	0.0	0.0	0.0	0.0	0.0	0.0	0.0	0.0	0.0	0.0	0.0	0.0	0.0	0.0	0.0	0.0	0.0	0.0	0.0	0.0	0.0	0.0	0.0	0.0	0.0	0.0	0.0	0.0	0.0	0.0	0.0	0.0	0.0	0.0	0.0	0.0	0.0	0.0	0.0	0.0	0.0	0.0	0.0	0.0	0.0	0.0	0.0	0.0	0.0	0.0	0.0	0.0	0.0	0.0	0.0	0.0	0.0	0.0	0.0	0.0	
2.26	2.12	2.06	2.54	1.7	2.42	1.98	2.42	2.24	1.22	0.54	0.5	0.26	0.5	0.62	0.54	0.58	0.48	0.6	0.06	0.0	0.0	0.0	0.0	0.0	0.02	0.0	0.0	0.0	0.0	0.0	0.0	0.0	0.0	0.0	0.0	0.0	0.0	0.0	0.0	0.0	0.0	0.0	0.0	0.0	0.0	0.0	0.0	0.0	0.0	0.0	0.0	0.0	0.0	0.0	0.0	0.0	0.0	0.0	0.0	0.0	0.0	0.0	0.0	0.0	0.0	0.0	0.0	0.0	0.0	0.0	0.0	0.0	0.0	0.0	0.0	0.0	0.0	0.0	0.0	0.0	0.0	0.0	0.0	0.0	0.0	0.0	0.0	0.0	0.0	0.0	0.0	0.0	0.0	0.0	0.0	0.0	0.0	0.0	
2.34	2.62	2.38	2.78	2.3	2.42	2.86	1.84	2.26	1.44	0.34	0.72	0.54	0.42	0.52	0.62	0.6	0.66	0.66	0.08	0.02	0.0	0.0	0.0	0.0	0.02	0.0	0.02	0.0	0.0	0.0	0.0	0.0	0.0	0.0	0.0	0.0	0.0	0.0	0.0	0.0	0.0	0.0	0.0	0.0	0.0	0.0	0.0	0.0	0.0	0.0	0.0	0.0	0.0	0.0	0.0	0.0	0.0	0.0	0.0	0.0	0.0	0.0	0.0	0.0	0.0	0.0	0.0	0.0	0.0	0.0	0.0	0.0	0.0	0.0	0.0	0.0	0.0	0.0	0.0	0.0	0.0	0.0	0.0	0.0	0.0	0.0	0.0	0.0	0.0	0.0	0.0	0.0	0.0	0.0	0.0	0.0	0.0	0.0	
3.08	3.12	2.5	2.46	3.1	2.78	3.1	3.0	2.98	1.68	0.8	0.68	0.74	0.84	0.7	0.66	0.82	0.82	0.54	0.12	0.0	0.0	0.04	0.02	0.02	0.0	0.0	0.04	0.0	0.0	0.0	0.0	0.0	0.0	0.0	0.0	0.0	0.0	0.0	0.0	0.0	0.0	0.0	0.0	0.0	0.0	0.0	0.0	0.0	0.0	0.0	0.0	0.0	0.0	0.0	0.0	0.0	0.0	0.0	0.0	0.0	0.0	0.0	0.0	0.0	0.0	0.0	0.0	0.0	0.0	0.0	0.0	0.0	0.0	0.0	0.0	0.0	0.0	0.0	0.0	0.0	0.0	0.0	0.0	0.0	0.0	0.0	0.0	0.0	0.0	0.0	0.0	0.0	0.0	0.0	0.0	0.0	0.0	0.0	
3.66	3.36	2.98	3.5	3.14	3.68	3.5	3.82	3.02	2.06	0.64	1.02	0.7	0.62	0.78	0.58	0.96	0.7	0.68	0.08	0.04	0.02	0.1	0.0	0.0	0.02	0.0	0.0	0.02	0.0	0.0	0.04	0.0	0.0	0.0	0.02	0.0	0.0	0.0	0.0	0.0	0.0	0.0	0.0	0.0	0.0	0.0	0.0	0.0	0.0	0.0	0.0	0.0	0.0	0.0	0.0	0.0	0.0	0.0	0.0	0.0	0.0	0.0	0.0	0.0	0.0	0.0	0.0	0.0	0.0	0.0	0.0	0.0	0.0	0.0	0.0	0.0	0.0	0.0	0.0	0.0	0.0	0.0	0.0	0.0	0.0	0.0	0.0	0.0	0.0	0.0	0.0	0.0	0.0	0.0	0.0	0.0	0.0	0.0	
3.82	4.4	3.78	3.76	4.06	3.9	4.34	3.76	3.82	2.32	1.08	0.94	0.88	1.24	0.78	1.08	1.02	0.86	0.86	0.02	0.0	0.08	0.02	0.0	0.02	0.02	0.02	0.02	0.02	0.0	0.0	0.0	0.0	0.0	0.0	0.0	0.0	0.0	0.0	0.0	0.0	0.0	0.0	0.0	0.0	0.0	0.0	0.0	0.0	0.0	0.0	0.0	0.0	0.0	0.0	0.0	0.0	0.0	0.0	0.0	0.0	0.0	0.0	0.0	0.0	0.0	0.0	0.0	0.0	0.0	0.0	0.0	0.0	0.0	0.0	0.0	0.0	0.0	0.0	0.0	0.0	0.0	0.0	0.0	0.0	0.0	0.0	0.0	0.0	0.0	0.0	0.0	0.0	0.0	0.0	0.0	0.0	0.0	0.0	
4.96	4.92	4.9	5.2	4.32	4.84	4.64	5.1	5.02	2.66	0.88	1.24	1.1	0.96	1.08	1.08	1.06	1.2	1.0	0.14	0.04	0.02	0.02	0.06	0.02	0.04	0.04	0.02	0.04	0.0	0.02	0.0	0.0	0.0	0.02	0.0	0.0	0.0	0.0	0.0	0.0	0.0	0.0	0.0	0.0	0.0	0.0	0.0	0.0	0.0	0.0	0.0	0.0	0.0	0.0	0.0	0.0	0.0	0.0	0.0	0.0	0.0	0.0	0.0	0.0	0.0	0.0	0.0	0.0	0.0	0.0	0.0	0.0	0.0	0.0	0.0	0.0	0.0	0.0	0.0	0.0	0.0	0.0	0.0	0.0	0.0	0.0	0.0	0.0	0.0	0.0	0.0	0.0	0.0	0.0	0.0	0.0	0.0	0.0	
5.86	6.0	5.4	5.44	5.98	6.18	5.36	5.68	5.74	3.08	1.1	1.94	1.28	1.32	1.34	1.34	1.38	1.32	1.36	0.06	0.04	0.04	0.04	0.06	0.06	0.08	0.06	0.1	0.02	0.02	0.0	0.04	0.06	0.0	0.0	0.0	0.02	0.0	0.0	0.0	0.0	0.0	0.0	0.0	0.0	0.0	0.0	0.0	0.0	0.0	0.0	0.0	0.0	0.0	0.0	0.0	0.0	0.0	0.0	0.0	0.0	0.0	0.0	0.0	0.0	0.0	0.0	0.0	0.0	0.0	0.0	0.0	0.0	0.0	0.0	0.0	0.0	0.0	0.0	0.0	0.0	0.0	0.0	0.0	0.0	0.0	0.0	0.0	0.0	0.0	0.0	0.0	0.0	0.0	0.0	0.0	0.0	0.0	0.0	
6.28	7.02	6.7	7.94	7.44	7.28	6.7	7.74	6.64	4.2	1.76	2.0	1.94	1.78	2.08	1.66	1.42	2.28	1.54	0.16	0.12	0.16	0.08	0.14	0.06	0.16	0.12	0.06	0.1	0.0	0.0	0.06	0.02	0.0	0.0	0.02	0.02	0.04	0.0	0.0	0.0	0.0	0.0	0.02	0.0	0.0	0.0	0.0	0.0	0.0	0.0	0.0	0.0	0.0	0.0	0.0	0.0	0.0	0.0	0.0	0.0	0.0	0.0	0.0	0.0	0.0	0.0	0.0	0.0	0.0	0.0	0.0	0.0	0.0	0.0	0.0	0.0	0.0	0.0	0.0	0.0	0.0	0.0	0.0	0.0	0.0	0.0	0.0	0.0	0.0	0.0	0.0	0.0	0.0	0.0	0.0	0.0	0.0	0.0	
9.98	9.88	10.08	9.94	9.8	9.62	8.54	8.9	10.04	5.68	2.66	2.56	2.44	2.66	2.96	2.28	2.78	2.54	2.1	0.52	0.32	0.14	0.2	0.3	0.32	0.24	0.14	0.28	0.24	0.12	0.12	0.06	0.04	0.04	0.06	0.08	0.0	0.0	0.0	0.0	0.0	0.0	0.0	0.0	0.0	0.0	0.02	0.0	0.0	0.0	0.0	0.0	0.0	0.0	0.0	0.0	0.0	0.0	0.0	0.0	0.0	0.0	0.0	0.0	0.0	0.0	0.0	0.0	0.0	0.0	0.0	0.0	0.0	0.0	0.0	0.0	0.0	0.0	0.0	0.0	0.0	0.0	0.0	0.0	0.0	0.0	0.0	0.0	0.0	0.0	0.0	0.0	0.0	0.0	0.0	0.0	0.0	0.0	0.0	
13.68	13.38	12.52	14.4	13.14	12.76	12.32	14.16	13.76	7.72	3.34	3.6	3.94	3.9	3.72	3.54	3.42	3.74	3.7	1.02	0.5	0.62	0.72	0.42	0.6	0.54	0.42	0.52	0.38	0.08	0.24	0.08	0.22	0.08	0.16	0.1	0.12	0.04	0.04	0.0	0.02	0.0	0.0	0.02	0.0	0.0	0.02	0.0	0.0	0.0	0.0	0.0	0.0	0.0	0.0	0.0	0.0	0.0	0.0	0.0	0.0	0.0	0.0	0.0	0.0	0.0	0.0	0.0	0.0	0.0	0.0	0.0	0.0	0.0	0.0	0.0	0.0	0.0	0.0	0.0	0.0	0.0	0.0	0.0	0.0	0.0	0.0	0.0	0.0	0.0	0.0	0.0	0.0	0.0	0.0	0.0	0.0	0.0	0.0	
19.48	20.82	19.56	19.58	19.04	19.14	19.52	18.82	18.62	11.44	6.18	5.48	6.14	5.74	5.82	5.4	5.92	5.7	5.48	1.14	1.04	0.74	1.08	1.04	1.04	0.9	1.02	1.12	0.62	0.2	0.1	0.26	0.18	0.34	0.12	0.16	0.46	0.22	0.1	0.0	0.0	0.02	0.04	0.04	0.12	0.0	0.0	0.02	0.0	0.0	0.0	0.0	0.0	0.0	0.0	0.0	0.0	0.0	0.0	0.0	0.0	0.0	0.0	0.0	0.0	0.0	0.0	0.0	0.0	0.0	0.0	0.0	0.0	0.0	0.0	0.0	0.0	0.0	0.0	0.0	0.0	0.0	0.0	0.0	0.0	0.0	0.0	0.0	0.0	0.0	0.0	0.0	0.0	0.0	0.0	0.0	0.0	0.0	0.0	
27.2	27.26	27.86	28.58	27.1	28.46	27.22	28.3	27.58	16.48	8.88	8.66	9.04	9.1	7.58	8.76	8.62	9.08	8.32	2.06	1.76	1.44	1.72	1.82	1.62	1.68	1.48	1.74	1.12	0.38	0.42	0.34	0.34	0.34	0.28	0.34	0.28	0.32	0.16	0.06	0.08	0.02	0.02	0.04	0.04	0.0	0.02	0.06	0.02	0.0	0.0	0.0	0.0	0.0	0.0	0.0	0.0	0.0	0.0	0.0	0.0	0.0	0.0	0.0	0.0	0.0	0.0	0.0	0.0	0.0	0.0	0.0	0.0	0.0	0.0	0.0	0.0	0.0	0.0	0.0	0.0	0.0	0.0	0.0	0.0	0.0	0.0	0.0	0.0	0.0	0.0	0.0	0.0	0.0	0.0	0.0	0.0	0.0	0.0	
38.16	38.56	38.16	38.88	37.82	38.5	38.8	37.26	36.58	23.7	13.02	12.36	13.02	13.16	13.3	12.34	12.28	13.06	11.52	3.64	2.68	2.58	2.6	2.98	2.54	2.42	2.44	2.46	1.52	0.58	0.6	0.62	0.56	0.54	0.66	0.6	0.6	0.58	0.2	0.14	0.04	0.12	0.08	0.12	0.02	0.06	0.12	0.06	0.0	0.0	0.0	0.0	0.0	0.0	0.0	0.0	0.0	0.0	0.0	0.0	0.0	0.0	0.0	0.0	0.0	0.0	0.0	0.0	0.0	0.0	0.0	0.0	0.0	0.0	0.0	0.0	0.0	0.0	0.0	0.0	0.0	0.0	0.0	0.0	0.0	0.0	0.0	0.0	0.0	0.0	0.0	0.0	0.0	0.0	0.0	0.0	0.0	0.0	0.0	
53.74	55.22	53.76	53.24	52.0	52.62	51.82	51.96	52.54	32.9	18.04	17.32	17.64	17.78	17.26	18.66	16.92	17.96	17.02	5.02	3.6	3.9	3.94	3.62	3.96	3.7	4.16	3.82	2.16	0.78	0.86	0.66	0.78	0.88	1.0	0.68	0.8	0.84	0.34	0.06	0.04	0.18	0.12	0.12	0.1	0.12	0.1	0.06	0.02	0.02	0.0	0.0	0.0	0.0	0.02	0.02	0.0	0.0	0.0	0.0	0.0	0.0	0.0	0.0	0.0	0.0	0.0	0.0	0.0	0.0	0.0	0.0	0.0	0.0	0.0	0.0	0.0	0.0	0.0	0.0	0.0	0.0	0.0	0.0	0.0	0.0	0.0	0.0	0.0	0.0	0.0	0.0	0.0	0.0	0.0	0.0	0.0	0.0	0.0	
70.3	69.52	68.74	69.0	69.56	70.16	71.38	70.3	67.92	42.28	22.66	24.08	24.04	23.42	25.02	23.54	23.32	23.66	22.3	6.42	5.76	4.84	5.84	5.52	6.14	5.04	4.94	5.04	3.48	1.16	1.14	1.06	1.08	1.48	1.24	1.26	1.02	1.32	0.36	0.24	0.16	0.2	0.04	0.14	0.2	0.2	0.14	0.16	0.0	0.0	0.0	0.0	0.0	0.0	0.0	0.0	0.02	0.0	0.0	0.0	0.0	0.0	0.0	0.0	0.0	0.0	0.0	0.0	0.0	0.0	0.0	0.0	0.0	0.0	0.0	0.0	0.0	0.0	0.0	0.0	0.0	0.0	0.0	0.0	0.0	0.0	0.0	0.0	0.0	0.0	0.0	0.0	0.0	0.0	0.0	0.0	0.0	0.0	0.0	
94.14	90.06	90.76	88.14	89.7	89.58	90.36	86.88	87.96	55.36	31.72	31.76	31.46	31.62	31.26	30.62	30.2	31.24	28.56	8.7	7.78	6.66	7.88	7.6	6.78	7.28	6.84	6.84	4.98	1.42	1.4	1.82	1.58	1.46	1.78	1.68	1.42	1.26	0.48	0.22	0.14	0.12	0.36	0.24	0.22	0.26	0.32	0.12	0.02	0.0	0.0	0.0	0.0	0.0	0.0	0.0	0.0	0.0	0.0	0.0	0.0	0.0	0.0	0.0	0.0	0.0	0.0	0.0	0.0	0.0	0.0	0.0	0.0	0.0	0.0	0.0	0.0	0.0	0.0	0.0	0.0	0.0	0.0	0.0	0.0	0.0	0.0	0.0	0.0	0.0	0.0	0.0	0.0	0.0	0.0	0.0	0.0	0.0	0.0	
112.16	112.04	109.26	109.14	112.2	110.92	111.94	111.02	110.14	68.98	39.2	38.7	39.8	36.94	37.84	37.48	39.0	37.64	37.04	11.42	9.48	9.1	9.32	9.24	9.34	9.34	9.96	9.32	6.6	2.08	2.48	1.9	1.9	2.2	2.2	2.02	1.84	2.2	0.82	0.3	0.36	0.24	0.26	0.22	0.32	0.2	0.36	0.2	0.06	0.0	0.0	0.02	0.0	0.0	0.0	0.02	0.0	0.0	0.0	0.0	0.0	0.0	0.0	0.0	0.0	0.0	0.0	0.0	0.0	0.0	0.0	0.0	0.0	0.0	0.0	0.0	0.0	0.0	0.0	0.0	0.0	0.0	0.0	0.0	0.0	0.0	0.0	0.0	0.0	0.0	0.0	0.0	0.0	0.0	0.0	0.0	0.0	0.0	0.0	
134.48	131.9	133.0	131.7	133.56	133.78	133.24	130.34	132.16	81.38	45.22	47.52	46.38	46.76	47.1	45.8	48.64	48.34	43.94	13.86	11.78	10.76	11.28	11.8	11.38	11.98	12.1	11.34	7.64	2.52	2.84	3.12	2.56	2.5	2.98	2.44	2.8	2.72	1.32	0.44	0.5	0.34	0.24	0.4	0.46	0.3	0.42	0.28	0.04	0.0	0.0	0.0	0.0	0.0	0.0	0.0	0.02	0.0	0.0	0.0	0.0	0.0	0.0	0.0	0.0	0.0	0.0	0.0	0.0	0.0	0.0	0.0	0.0	0.0	0.0	0.0	0.0	0.0	0.0	0.0	0.0	0.0	0.0	0.0	0.0	0.0	0.0	0.0	0.0	0.0	0.0	0.0	0.0	0.0	0.0	0.0	0.0	0.0	0.0	
157.78	154.0	152.14	154.0	151.82	152.18	152.94	153.74	153.96	98.18	57.7	56.98	58.04	58.02	56.56	57.72	57.0	58.94	53.08	16.1	13.56	14.38	13.86	14.38	14.28	14.02	13.64	14.42	9.56	3.28	2.94	3.1	3.12	3.24	2.96	3.18	3.08	2.88	1.12	0.26	0.32	0.46	0.48	0.32	0.38	0.16	0.38	0.62	0.06	0.0	0.02	0.0	0.0	0.0	0.0	0.0	0.0	0.0	0.0	0.0	0.0	0.0	0.0	0.0	0.0	0.0	0.0	0.0	0.0	0.0	0.0	0.0	0.0	0.0	0.0	0.0	0.0	0.0	0.0	0.0	0.0	0.0	0.0	0.0	0.0	0.0	0.0	0.0	0.0	0.0	0.0	0.0	0.0	0.0	0.0	0.0	0.0	0.0	0.0	
178.82	172.8	176.46	174.7	176.92	175.08	176.16	177.24	175.36	110.84	68.0	67.42	67.5	65.96	69.76	66.88	69.86	67.52	63.5	19.74	17.52	16.96	17.18	16.68	16.5	15.74	15.96	15.52	11.18	3.94	3.6	3.9	4.18	3.52	3.64	3.48	3.64	3.2	1.22	0.72	0.46	0.44	0.34	0.5	0.6	0.46	0.46	0.4	0.02	0.0	0.0	0.02	0.02	0.0	0.0	0.0	0.02	0.0	0.0	0.0	0.0	0.0	0.0	0.0	0.0	0.0	0.0	0.0	0.0	0.0	0.0	0.0	0.0	0.0	0.0	0.0	0.0	0.0	0.0	0.0	0.0	0.0	0.0	0.0	0.0	0.0	0.0	0.0	0.0	0.0	0.0	0.0	0.0	0.0	0.0	0.0	0.0	0.0	0.0	
200.32	197.14	193.16	197.0	197.34	195.78	196.62	194.48	192.74	123.48	70.34	69.52	71.0	69.5	70.38	70.02	67.18	69.48	64.46	20.8	19.5	18.56	18.22	17.72	18.32	17.96	18.48	18.5	12.38	4.66	3.86	4.14	4.42	4.76	4.6	4.3	4.18	4.7	1.48	0.58	0.6	0.7	0.66	0.58	0.56	0.44	0.6	0.32	0.02	0.0	0.0	0.0	0.0	0.02	0.02	0.0	0.02	0.0	0.0	0.0	0.0	0.0	0.0	0.0	0.0	0.0	0.0	0.0	0.0	0.0	0.0	0.0	0.0	0.0	0.0	0.0	0.0	0.0	0.0	0.0	0.0	0.0	0.0	0.0	0.0	0.0	0.0	0.0	0.0	0.0	0.0	0.0	0.0	0.0	0.0	0.0	0.0	0.0	0.0	
214.06	218.54	211.62	218.34	215.1	213.56	212.28	213.62	211.14	136.1	77.1	79.84	78.64	77.04	76.22	78.98	79.94	77.54	71.68	24.62	21.44	20.58	20.82	20.0	21.72	21.04	20.44	21.18	13.7	5.08	5.02	5.1	5.0	4.8	4.72	4.28	5.42	4.34	1.66	0.92	0.78	0.64	0.74	0.6	0.62	0.76	0.72	0.36	0.0	0.02	0.0	0.0	0.0	0.02	0.02	0.0	0.0	0.0	0.0	0.0	0.0	0.0	0.0	0.0	0.0	0.0	0.0	0.0	0.0	0.0	0.0	0.0	0.0	0.0	0.0	0.0	0.0	0.0	0.0	0.0	0.0	0.0	0.0	0.0	0.0	0.0	0.0	0.0	0.0	0.0	0.0	0.0	0.0	0.0	0.0	0.0	0.0	0.0	0.0	
234.64	228.18	227.84	234.14	231.66	229.34	228.6	234.3	230.58	145.8	83.36	84.44	86.8	85.48	83.74	83.72	86.08	85.3	78.74	24.84	22.66	23.16	22.24	21.56	21.98	23.28	21.48	22.18	14.42	5.84	5.96	5.4	5.26	5.5	5.78	5.7	5.5	5.34	1.74	0.9	0.8	0.66	0.62	0.86	0.74	0.84	0.78	0.64	0.04	0.0	0.0	0.02	0.0	0.0	0.0	0.0	0.0	0.02	0.0	0.0	0.0	0.0	0.0	0.0	0.0	0.0	0.0	0.0	0.0	0.0	0.0	0.0	0.0	0.0	0.0	0.0	0.0	0.0	0.0	0.0	0.0	0.0	0.0	0.0	0.0	0.0	0.0	0.0	0.0	0.0	0.0	0.0	0.0	0.0	0.0	0.0	0.0	0.0	0.0	
248.92	247.12	246.42	243.72	245.58	244.44	241.74	243.24	244.54	154.4	88.18	87.46	86.38	85.68	90.38	87.1	84.9	86.32	82.2	28.5	24.5	24.24	25.64	25.06	25.4	24.64	24.66	25.1	17.06	5.58	5.86	6.26	6.04	5.7	6.04	5.06	5.32	5.68	2.02	0.82	1.02	0.9	1.1	0.82	1.06	0.88	0.9	0.5	0.02	0.0	0.0	0.0	0.0	0.0	0.0	0.0	0.0	0.0	0.0	0.0	0.0	0.0	0.0	0.0	0.0	0.0	0.0	0.0	0.0	0.0	0.0	0.0	0.0	0.0	0.0	0.0	0.0	0.0	0.0	0.0	0.0	0.0	0.0	0.0	0.0	0.0	0.0	0.0	0.0	0.0	0.0	0.0	0.0	0.0	0.0	0.0	0.0	0.0	0.0	
261.46	259.96	262.96	258.56	258.68	258.38	255.46	253.08	262.02	166.18	95.12	98.32	98.36	97.24	97.38	98.48	97.82	97.86	90.9	31.02	27.08	25.84	25.92	26.64	26.14	26.0	27.68	25.94	16.84	6.24	6.76	6.24	6.56	6.76	6.38	6.74	6.62	6.32	2.16	0.92	0.72	1.18	0.76	0.76	0.72	0.76	1.08	0.7	0.04	0.0	0.0	0.0	0.0	0.0	0.0	0.0	0.0	0.0	0.0	0.0	0.0	0.0	0.0	0.0	0.0	0.0	0.0	0.0	0.0	0.0	0.0	0.0	0.0	0.0	0.0	0.0	0.0	0.0	0.0	0.0	0.0	0.0	0.0	0.0	0.0	0.0	0.0	0.0	0.0	0.0	0.0	0.0	0.0	0.0	0.0	0.0	0.0	0.0	0.0	
280.12	273.06	271.68	269.36	274.44	268.7	267.16	269.46	269.72	173.4	100.48	101.68	101.0	104.22	100.5	103.1	102.08	101.18	95.72	32.2	29.88	29.84	29.2	27.56	29.0	27.36	28.44	26.64	18.64	7.3	7.76	7.14	6.8	7.52	7.26	7.48	6.64	5.32	2.14	1.02	0.98	1.1	1.12	1.02	0.92	1.02	1.08	0.66	0.08	0.0	0.0	0.0	0.02	0.0	0.0	0.02	0.02	0.0	0.0	0.0	0.0	0.0	0.0	0.0	0.0	0.0	0.0	0.0	0.0	0.0	0.0	0.0	0.0	0.0	0.0	0.0	0.0	0.0	0.0	0.0	0.0	0.0	0.0	0.0	0.0	0.0	0.0	0.0	0.0	0.0	0.0	0.0	0.0	0.0	0.0	0.0	0.0	0.0	0.0	
286.38	282.5	284.44	283.8	284.32	279.94	280.0	278.42	278.7	179.72	106.18	109.46	106.48	105.68	106.68	107.46	108.54	106.44	98.98	35.56	31.04	29.14	30.14	28.04	30.06	30.74	30.5	28.62	19.82	7.58	7.86	8.06	7.56	7.18	7.0	7.94	7.4	7.5	2.22	1.26	1.06	1.14	1.06	0.78	1.1	1.12	0.92	0.86	0.06	0.0	0.0	0.0	0.0	0.04	0.0	0.0	0.0	0.0	0.0	0.0	0.0	0.0	0.0	0.0	0.0	0.0	0.0	0.0	0.0	0.0	0.0	0.0	0.0	0.0	0.0	0.0	0.0	0.0	0.0	0.0	0.0	0.0	0.0	0.0	0.0	0.0	0.0	0.0	0.0	0.0	0.0	0.0	0.0	0.0	0.0	0.0	0.0	0.0	0.0	
295.62	297.58	295.14	290.02	293.96	290.18	292.64	287.14	289.94	185.92	111.1	112.02	111.22	110.06	109.9	110.64	110.58	112.82	103.22	36.82	31.8	31.04	32.08	31.06	31.26	32.84	33.42	31.36	20.5	7.96	7.82	7.88	8.58	8.64	7.0	7.68	7.96	7.4	2.48	1.26	1.34	1.08	1.18	1.2	1.12	1.26	1.12	0.84	0.04	0.0	0.02	0.02	0.0	0.0	0.0	0.02	0.0	0.0	0.0	0.0	0.0	0.0	0.0	0.0	0.0	0.0	0.0	0.0	0.0	0.0	0.0	0.0	0.0	0.0	0.0	0.0	0.0	0.0	0.0	0.0	0.0	0.0	0.0	0.0	0.0	0.0	0.0	0.0	0.0	0.0	0.0	0.0	0.0	0.0	0.0	0.0	0.0	0.0	0.0	
309.18	301.14	300.66	298.44	295.5	299.72	303.4	300.48	299.8	194.0	115.36	115.36	114.18	116.1	113.62	111.34	111.8	115.8	107.34	38.18	32.48	32.16	32.34	33.54	33.86	32.0	34.1	32.58	21.98	9.2	8.78	8.26	9.22	8.42	7.76	8.28	9.06	8.82	2.74	1.46	0.94	1.02	1.1	1.32	1.32	1.26	1.38	1.0	0.12	0.0	0.0	0.0	0.02	0.0	0.0	0.0	0.0	0.0	0.0	0.0	0.0	0.0	0.0	0.0	0.0	0.0	0.0	0.0	0.0	0.0	0.0	0.0	0.0	0.0	0.0	0.0	0.0	0.0	0.0	0.0	0.0	0.0	0.0	0.0	0.0	0.0	0.0	0.0	0.0	0.0	0.0	0.0	0.0	0.0	0.0	0.0	0.0	0.0	0.0	
311.38	308.64	310.36	304.36	308.2	301.86	311.14	303.22	306.62	198.4	116.58	118.18	117.58	118.54	119.16	119.72	116.46	117.8	108.64	39.76	34.84	33.24	35.52	35.38	33.3	35.18	34.16	32.94	23.04	8.72	8.7	8.38	8.78	8.82	8.58	9.64	9.16	8.38	2.52	1.3	1.16	1.04	1.06	1.26	1.4	1.44	1.1	0.86	0.08	0.02	0.0	0.02	0.0	0.02	0.02	0.0	0.0	0.0	0.0	0.0	0.0	0.0	0.0	0.0	0.0	0.0	0.0	0.0	0.0	0.0	0.0	0.0	0.0	0.0	0.0	0.0	0.0	0.0	0.0	0.0	0.0	0.0	0.0	0.0	0.0	0.0	0.0	0.0	0.0	0.0	0.0	0.0	0.0	0.0	0.0	0.0	0.0	0.0	0.0	
321.16	313.2	313.58	316.02	313.48	311.14	311.88	313.18	309.2	200.98	120.28	121.9	121.28	124.8	122.56	122.26	122.48	122.66	113.52	42.92	36.52	37.58	35.36	37.7	35.36	34.14	36.14	35.76	22.54	9.56	9.0	10.06	9.64	9.16	9.3	8.82	10.44	9.82	2.82	1.28	1.18	1.1	1.44	1.24	1.52	1.48	1.54	0.92	0.08	0.0	0.02	0.0	0.02	0.0	0.0	0.0	0.0	0.0	0.0	0.0	0.0	0.0	0.0	0.0	0.0	0.0	0.0	0.0	0.0	0.0	0.0	0.0	0.0	0.0	0.0	0.0	0.0	0.0	0.0	0.0	0.0	0.0	0.0	0.0	0.0	0.0	0.0	0.0	0.0	0.0	0.0	0.0	0.0	0.0	0.0	0.0	0.0	0.0	0.0	
324.58	324.5	322.4	320.06	321.38	316.7	319.06	315.92	314.54	206.98	123.62	125.84	125.92	125.5	125.82	125.36	123.16	124.62	113.92	42.06	37.18	38.26	36.14	36.64	37.76	36.28	37.24	36.24	24.18	9.82	10.08	9.46	9.86	9.64	9.22	10.56	9.14	9.06	2.92	1.2	1.1	1.62	1.34	1.54	1.24	1.36	1.46	0.88	0.08	0.02	0.04	0.0	0.04	0.0	0.02	0.0	0.02	0.0	0.0	0.0	0.0	0.0	0.0	0.0	0.0	0.0	0.0	0.0	0.0	0.0	0.0	0.0	0.0	0.0	0.0	0.0	0.0	0.0	0.0	0.0	0.0	0.0	0.0	0.0	0.0	0.0	0.0	0.0	0.0	0.0	0.0	0.0	0.0	0.0	0.0	0.0	0.0	0.0	0.0	
328.88	325.68	321.58	322.02	322.14	325.88	318.18	314.7	324.56	210.98	127.4	126.02	124.9	127.72	124.78	127.4	124.9	125.14	116.06	43.96	38.2	39.24	37.86	37.16	37.08	35.82	37.52	37.68	24.44	10.26	9.68	10.18	9.54	9.9	10.5	9.34	9.94	9.1	3.1	1.5	1.3	1.36	1.32	1.56	1.76	1.22	1.18	0.88	0.06	0.0	0.0	0.0	0.0	0.02	0.0	0.0	0.0	0.0	0.0	0.0	0.0	0.0	0.0	0.0	0.0	0.0	0.0	0.0	0.0	0.0	0.0	0.0	0.0	0.0	0.0	0.0	0.0	0.0	0.0	0.0	0.0	0.0	0.0	0.0	0.0	0.0	0.0	0.0	0.0	0.0	0.0	0.0	0.0	0.0	0.0	0.0	0.0	0.0	0.0	
332.78	327.08	330.92	328.48	325.02	327.7	321.34	324.38	324.0	213.72	125.34	128.14	127.1	125.0	127.14	131.14	130.2	127.12	117.92	44.8	38.84	40.3	39.32	38.72	39.84	39.02	38.54	38.8	25.94	10.9	10.42	10.74	9.48	10.5	9.96	9.86	9.38	10.18	3.82	1.52	1.14	1.46	1.66	1.36	1.42	1.32	1.42	0.9	0.12	0.02	0.0	0.02	0.0	0.0	0.04	0.02	0.06	0.02	0.0	0.0	0.0	0.0	0.0	0.0	0.0	0.0	0.0	0.0	0.0	0.0	0.0	0.0	0.0	0.0	0.0	0.0	0.0	0.0	0.0	0.0	0.0	0.0	0.0	0.0	0.0	0.0	0.0	0.0	0.0	0.0	0.0	0.0	0.0	0.0	0.0	0.0	0.0	0.0	0.0	
334.06	333.72	332.22	328.08	328.72	328.84	324.2	325.06	329.72	211.8	129.98	131.4	129.2	130.82	129.52	132.3	131.8	131.44	119.12	45.76	39.7	38.32	37.02	38.74	39.0	39.68	40.1	39.5	27.0	9.86	9.94	10.0	10.6	10.28	10.6	10.42	9.88	10.04	3.34	1.66	1.42	1.32	1.6	1.38	1.12	1.38	1.6	0.98	0.1	0.0	0.0	0.04	0.0	0.0	0.0	0.0	0.02	0.0	0.0	0.0	0.0	0.0	0.0	0.0	0.0	0.0	0.0	0.0	0.0	0.0	0.0	0.0	0.0	0.0	0.0	0.0	0.0	0.0	0.0	0.0	0.0	0.0	0.0	0.0	0.0	0.0	0.0	0.0	0.0	0.0	0.0	0.0	0.0	0.0	0.0	0.0	0.0	0.0	0.0	
335.3	334.48	332.22	325.62	330.12	331.5	330.0	330.48	331.56	214.36	134.6	132.42	131.46	131.34	129.12	129.44	131.22	131.34	124.2	47.36	40.26	38.3	40.88	40.02	39.5	40.68	40.78	38.12	26.58	9.72	10.58	10.32	11.4	9.86	10.42	10.44	10.42	10.66	3.22	2.0	1.56	1.52	1.52	1.24	1.7	1.48	1.56	0.92	0.12	0.04	0.02	0.0	0.0	0.02	0.02	0.0	0.02	0.0	0.0	0.0	0.0	0.0	0.0	0.0	0.0	0.0	0.0	0.0	0.0	0.0	0.0	0.0	0.0	0.0	0.0	0.0	0.0	0.0	0.0	0.0	0.0	0.0	0.0	0.0	0.0	0.0	0.0	0.0	0.0	0.0	0.0	0.0	0.0	0.0	0.0	0.0	0.0	0.0	0.0	
338.1	337.38	335.98	331.2	327.86	325.34	328.08	329.3	327.08	213.58	129.44	128.74	130.34	129.92	128.5	130.5	129.06	129.32	121.36	46.88	42.04	39.84	40.64	41.24	39.98	40.56	41.3	42.32	27.24	11.8	11.36	10.8	12.02	9.42	10.6	11.68	11.28	9.82	3.76	1.18	1.36	1.46	1.82	1.32	1.18	1.36	1.54	1.1	0.1	0.0	0.0	0.0	0.02	0.04	0.0	0.04	0.0	0.0	0.0	0.0	0.0	0.0	0.0	0.0	0.0	0.0	0.0	0.0	0.0	0.0	0.0	0.0	0.0	0.0	0.0	0.0	0.0	0.0	0.0	0.0	0.0	0.0	0.0	0.0	0.0	0.0	0.0	0.0	0.0	0.0	0.0	0.0	0.0	0.0	0.0	0.0	0.0	0.0	0.0	
334.0	330.26	330.18	333.3	336.04	326.98	330.82	332.54	327.18	214.6	129.7	130.58	133.12	130.08	131.44	131.8	128.4	131.1	124.24	47.26	41.8	41.66	41.84	39.96	41.32	40.18	40.42	40.58	27.1	10.54	11.18	11.18	10.7	11.38	9.96	11.04	10.3	9.88	3.68	1.76	1.58	1.52	1.5	1.68	1.4	1.3	1.58	1.18	0.1	0.0	0.06	0.0	0.0	0.02	0.0	0.02	0.0	0.0	0.0	0.0	0.0	0.0	0.0	0.0	0.0	0.0	0.0	0.0	0.0	0.0	0.0	0.0	0.0	0.0	0.0	0.0	0.0	0.0	0.0	0.0	0.0	0.0	0.0	0.0	0.0	0.0	0.0	0.0	0.0	0.0	0.0	0.0	0.0	0.0	0.0	0.0	0.0	0.0	0.0	
337.42	328.86	332.78	325.32	330.8	330.98	326.58	328.48	332.0	213.04	133.22	134.1	130.24	133.7	129.46	130.24	130.1	131.84	119.6	45.02	40.2	42.24	39.24	39.88	42.64	41.86	40.4	41.42	27.9	10.8	10.54	10.62	11.26	11.08	10.9	10.88	11.48	10.16	3.82	1.48	1.82	1.52	1.3	1.4	1.54	1.38	1.68	1.34	0.08	0.0	0.02	0.02	0.0	0.02	0.0	0.0	0.0	0.0	0.0	0.0	0.0	0.0	0.0	0.0	0.0	0.0	0.0	0.0	0.0	0.0	0.0	0.0	0.0	0.0	0.0	0.0	0.0	0.0	0.0	0.0	0.0	0.0	0.0	0.0	0.0	0.0	0.0	0.0	0.0	0.0	0.0	0.0	0.0	0.0	0.0	0.0	0.0	0.0	0.0	
340.86	331.72	329.86	330.26	330.18	329.54	325.6	326.6	325.9	211.36	131.5	133.2	132.98	131.4	130.1	131.68	132.02	129.02	125.02	44.64	40.38	40.48	41.14	40.0	41.7	42.04	40.5	39.56	27.4	11.92	10.9	11.48	11.3	11.56	11.04	11.6	11.24	11.26	4.0	1.34	1.62	1.56	1.66	1.3	1.82	1.34	1.5	0.9	0.06	0.02	0.0	0.02	0.0	0.02	0.0	0.0	0.02	0.0	0.0	0.0	0.0	0.0	0.0	0.0	0.0	0.0	0.0	0.0	0.0	0.0	0.0	0.0	0.0	0.0	0.0	0.0	0.0	0.0	0.0	0.0	0.0	0.0	0.0	0.0	0.0	0.0	0.0	0.0	0.0	0.0	0.0	0.0	0.0	0.0	0.0	0.0	0.0	0.0	0.0	
333.28	334.2	324.72	325.84	328.9	326.24	327.06	322.5	332.6	212.78	131.44	130.56	130.22	134.08	130.58	129.62	129.3	131.98	123.9	46.04	40.98	43.1	41.48	41.62	40.8	41.16	41.4	41.68	26.74	11.18	10.5	11.08	11.1	10.78	11.08	11.62	10.8	11.04	3.46	1.4	1.48	1.56	1.66	2.1	1.54	1.66	1.68	1.24	0.06	0.0	0.02	0.0	0.0	0.02	0.0	0.02	0.0	0.0	0.0	0.0	0.0	0.0	0.0	0.0	0.0	0.0	0.0	0.0	0.0	0.0	0.0	0.0	0.0	0.0	0.0	0.0	0.0	0.0	0.0	0.0	0.0	0.0	0.0	0.0	0.0	0.0	0.0	0.0	0.0	0.0	0.0	0.0	0.0	0.0	0.0	0.0	0.0	0.0	0.0	
330.12	325.2	323.04	327.46	323.82	325.28	330.46	324.22	326.92	212.7	133.92	131.64	132.08	133.56	131.02	130.96	130.26	130.94	120.2	46.62	41.4	43.82	40.56	42.16	39.58	39.98	42.44	40.32	28.54	12.08	10.48	10.82	11.8	11.86	11.0	10.92	10.72	10.8	3.64	1.6	1.72	1.76	1.68	1.52	1.36	1.34	1.14	1.44	0.12	0.0	0.02	0.0	0.02	0.0	0.0	0.0	0.0	0.0	0.0	0.0	0.0	0.0	0.0	0.0	0.0	0.0	0.0	0.0	0.0	0.0	0.0	0.0	0.0	0.0	0.0	0.0	0.0	0.0	0.0	0.0	0.0	0.0	0.0	0.0	0.0	0.0	0.0	0.0	0.0	0.0	0.0	0.0	0.0	0.0	0.0	0.0	0.0	0.0	0.0	
329.38	328.86	325.94	325.54	324.36	323.44	322.14	319.58	314.9	214.78	129.78	132.38	129.78	130.92	127.86	130.62	128.78	133.36	122.48	46.88	40.52	41.04	42.34	40.54	40.68	40.68	42.38	40.56	27.08	11.0	10.84	10.96	10.74	10.88	11.54	10.9	10.7	10.6	3.9	1.82	1.62	1.84	1.68	2.02	1.92	1.92	1.6	1.14	0.14	0.0	0.0	0.02	0.0	0.0	0.0	0.0	0.02	0.02	0.0	0.0	0.0	0.0	0.0	0.0	0.0	0.0	0.0	0.0	0.0	0.0	0.0	0.0	0.0	0.0	0.0	0.0	0.0	0.0	0.0	0.0	0.0	0.0	0.0	0.0	0.0	0.0	0.0	0.0	0.0	0.0	0.0	0.0	0.0	0.0	0.0	0.0	0.0	0.0	0.0	
329.28	325.82	325.32	324.7	326.92	324.56	322.7	316.8	322.7	209.42	130.48	132.64	130.02	131.94	130.66	129.3	128.86	129.2	124.84	48.14	42.52	40.94	40.86	42.08	43.22	40.94	42.02	41.42	27.32	11.5	11.12	10.98	11.66	10.94	10.76	10.88	11.22	10.84	3.58	1.52	1.66	2.16	1.44	1.4	1.5	1.64	1.64	1.22	0.2	0.02	0.0	0.0	0.02	0.0	0.02	0.0	0.0	0.0	0.0	0.0	0.0	0.0	0.0	0.0	0.0	0.0	0.0	0.0	0.0	0.0	0.0	0.0	0.0	0.0	0.0	0.0	0.0	0.0	0.0	0.0	0.0	0.0	0.0	0.0	0.0	0.0	0.0	0.0	0.0	0.0	0.0	0.0	0.0	0.0	0.0	0.0	0.0	0.0	0.0	
326.88	326.76	328.64	319.12	321.8	322.46	322.48	324.2	317.2	214.36	129.26	131.8	130.46	127.84	127.86	130.94	127.34	130.36	121.84	47.84	42.92	41.18	40.82	42.2	40.52	40.12	41.68	41.58	27.2	11.2	11.9	11.7	11.2	10.66	10.16	11.38	11.66	11.08	3.52	1.6	1.84	1.64	1.5	1.26	1.48	1.68	1.6	1.08	0.12	0.02	0.0	0.0	0.0	0.02	0.02	0.0	0.02	0.0	0.0	0.0	0.0	0.0	0.0	0.0	0.0	0.0	0.0	0.0	0.0	0.0	0.0	0.0	0.0	0.0	0.0	0.0	0.0	0.0	0.0	0.0	0.0	0.0	0.0	0.0	0.0	0.0	0.0	0.0	0.0	0.0	0.0	0.0	0.0	0.0	0.0	0.0	0.0	0.0	0.0	
321.38	327.08	321.62	319.44	323.36	324.74	318.66	325.24	318.1	211.74	130.76	129.7	131.28	131.64	128.44	132.82	126.46	131.2	119.76	47.44	40.5	41.7	42.12	40.46	41.08	40.64	40.6	41.16	28.02	11.68	11.6	11.52	10.5	11.42	11.18	10.26	10.86	10.7	3.8	1.84	1.94	1.42	1.58	1.3	1.86	1.76	1.54	1.28	0.24	0.0	0.0	0.0	0.0	0.0	0.02	0.04	0.0	0.0	0.0	0.0	0.0	0.0	0.0	0.0	0.0	0.0	0.0	0.0	0.0	0.0	0.0	0.0	0.0	0.0	0.0	0.0	0.0	0.0	0.0	0.0	0.0	0.0	0.0	0.0	0.0	0.0	0.0	0.0	0.0	0.0	0.0	0.0	0.0	0.0	0.0	0.0	0.0	0.0	0.0	
328.96	320.82	321.44	321.2	323.16	319.42	318.9	317.28	324.04	211.86	129.74	130.88	131.26	128.14	130.0	131.08	129.16	127.7	121.6	48.06	41.2	41.74	39.08	41.24	42.08	42.58	42.6	41.8	28.68	11.28	10.8	11.12	11.76	11.66	11.02	11.42	11.42	10.28	3.9	1.78	1.74	1.72	2.06	1.34	1.42	1.56	1.84	1.08	0.06	0.0	0.02	0.0	0.04	0.02	0.0	0.04	0.0	0.0	0.0	0.0	0.0	0.0	0.0	0.0	0.0	0.0	0.0	0.0	0.0	0.0	0.0	0.0	0.0	0.0	0.0	0.0	0.0	0.0	0.0	0.0	0.0	0.0	0.0	0.0	0.0	0.0	0.0	0.0	0.0	0.0	0.0	0.0	0.0	0.0	0.0	0.0	0.0	0.0	0.0	
326.84	324.06	324.48	326.8	318.98	320.56	318.04	314.08	316.44	210.94	130.46	127.68	131.46	129.6	128.2	128.62	129.68	125.5	119.22	46.1	41.14	40.72	39.42	40.22	41.38	41.72	40.36	43.26	27.36	10.96	11.28	10.86	11.04	11.18	11.9	11.5	10.84	10.2	3.44	1.38	1.72	1.62	1.36	1.62	1.48	1.84	1.42	0.96	0.06	0.0	0.0	0.0	0.0	0.02	0.02	0.0	0.0	0.0	0.0	0.0	0.0	0.0	0.0	0.0	0.0	0.0	0.0	0.0	0.0	0.0	0.0	0.0	0.0	0.0	0.0	0.0	0.0	0.0	0.0	0.0	0.0	0.0	0.0	0.0	0.0	0.0	0.0	0.0	0.0	0.0	0.0	0.0	0.0	0.0	0.0	0.0	0.0	0.0	0.0	
330.54	320.84	318.82	317.82	319.02	319.66	322.3	321.54	323.78	209.98	129.6	130.24	130.3	130.66	127.14	131.08	128.46	129.48	118.18	47.98	42.04	40.4	41.4	42.04	41.6	41.38	40.12	39.42	27.44	11.4	10.98	10.66	11.02	10.74	11.58	11.46	10.96	10.48	3.94	1.72	1.46	1.54	1.36	1.42	1.74	1.7	1.56	1.18	0.04	0.0	0.0	0.04	0.02	0.0	0.0	0.0	0.02	0.02	0.0	0.0	0.0	0.0	0.0	0.0	0.0	0.0	0.0	0.0	0.0	0.0	0.0	0.0	0.0	0.0	0.0	0.0	0.0	0.0	0.0	0.0	0.0	0.0	0.0	0.0	0.0	0.0	0.0	0.0	0.0	0.0	0.0	0.0	0.0	0.0	0.0	0.0	0.0	0.0	0.0	
325.22	319.68	320.76	315.06	322.72	314.94	322.78	312.1	320.06	206.54	127.0	128.94	129.12	129.4	128.34	129.9	127.56	126.66	119.66	46.6	41.36	42.02	42.46	42.9	41.4	40.92	41.04	42.12	26.38	11.14	11.8	11.1	9.98	11.26	10.78	11.58	12.44	11.02	3.74	1.74	1.7	1.58	1.4	1.42	1.66	1.66	1.78	1.38	0.14	0.02	0.02	0.04	0.02	0.0	0.0	0.0	0.0	0.0	0.02	0.0	0.0	0.0	0.0	0.0	0.0	0.0	0.0	0.0	0.0	0.0	0.0	0.0	0.0	0.0	0.0	0.0	0.0	0.0	0.0	0.0	0.0	0.0	0.0	0.0	0.0	0.0	0.0	0.0	0.0	0.0	0.0	0.0	0.0	0.0	0.0	0.0	0.0	0.0	0.0	
322.38	321.4	318.02	319.88	315.2	320.98	317.98	317.1	315.5	208.6	127.7	127.46	129.42	128.98	130.7	129.0	128.96	127.94	120.48	46.08	43.16	41.78	40.94	42.24	43.16	39.62	40.18	42.7	28.72	11.44	11.8	11.02	10.82	10.66	10.76	10.86	10.7	11.12	3.5	1.7	1.6	1.94	1.82	1.76	1.44	1.52	1.4	1.16	0.06	0.0	0.0	0.0	0.02	0.0	0.02	0.0	0.0	0.02	0.0	0.0	0.0	0.0	0.0	0.0	0.0	0.0	0.0	0.0	0.0	0.0	0.0	0.0	0.0	0.0	0.0	0.0	0.0	0.0	0.0	0.0	0.0	0.0	0.0	0.0	0.0	0.0	0.0	0.0	0.0	0.0	0.0	0.0	0.0	0.0	0.0	0.0	0.0	0.0	0.0	
323.26	318.76	317.12	315.38	321.8	320.14	314.38	315.74	316.98	208.3	133.36	125.74	128.74	130.96	128.56	130.74	130.26	130.98	118.98	47.68	40.9	40.72	40.74	41.46	42.5	39.92	42.06	40.68	28.9	11.32	11.02	11.1	10.88	11.88	11.36	11.66	11.22	10.72	4.3	1.38	1.88	1.58	1.86	1.7	1.58	1.92	1.78	0.8	0.08	0.02	0.02	0.02	0.04	0.0	0.02	0.02	0.0	0.0	0.0	0.0	0.0	0.0	0.0	0.0	0.0	0.0	0.0	0.0	0.0	0.0	0.0	0.0	0.0	0.0	0.0	0.0	0.0	0.0	0.0	0.0	0.0	0.0	0.0	0.0	0.0	0.0	0.0	0.0	0.0	0.0	0.0	0.0	0.0	0.0	0.0	0.0	0.0	0.0	0.0	
323.74	317.86	321.74	319.2	319.76	320.56	315.42	316.1	315.84	206.2	127.0	128.48	129.86	129.38	127.88	129.42	130.98	132.08	119.26	47.74	41.0	41.5	40.2	40.3	41.32	42.14	40.7	42.86	27.86	11.14	10.16	11.02	11.48	11.84	12.06	10.52	11.32	10.94	3.64	1.66	1.66	1.9	1.5	1.5	1.82	1.7	1.48	1.22	0.18	0.0	0.0	0.0	0.02	0.0	0.0	0.0	0.0	0.0	0.0	0.0	0.0	0.0	0.0	0.0	0.0	0.0	0.0	0.0	0.0	0.0	0.0	0.0	0.0	0.0	0.0	0.0	0.0	0.0	0.0	0.0	0.0	0.0	0.0	0.0	0.0	0.0	0.0	0.0	0.0	0.0	0.0	0.0	0.0	0.0	0.0	0.0	0.0	0.0	0.0	
322.52	322.92	318.06	314.98	319.2	312.82	321.46	317.24	319.74	209.72	129.98	130.04	127.64	131.52	130.18	130.06	130.22	130.34	122.36	46.78	41.48	42.32	42.98	40.64	42.02	41.42	42.5	42.16	29.88	11.26	10.96	11.44	11.3	11.48	11.4	10.82	10.66	10.78	3.86	1.56	1.42	1.42	1.62	1.7	1.54	1.4	1.46	1.12	0.08	0.0	0.0	0.0	0.0	0.02	0.0	0.02	0.0	0.0	0.0	0.0	0.0	0.0	0.0	0.0	0.0	0.0	0.0	0.0	0.0	0.0	0.0	0.0	0.0	0.0	0.0	0.0	0.0	0.0	0.0	0.0	0.0	0.0	0.0	0.0	0.0	0.0	0.0	0.0	0.0	0.0	0.0	0.0	0.0	0.0	0.0	0.0	0.0	0.0	0.0	
320.28	322.06	319.82	320.22	317.54	317.98	319.62	317.86	312.58	209.14	127.6	129.64	127.6	129.98	128.82	125.2	129.82	131.54	121.22	46.94	44.4	42.88	43.04	42.24	40.56	39.9	43.04	41.18	29.72	11.06	11.22	10.74	11.4	11.5	11.26	11.72	11.86	10.5	3.82	1.5	1.54	1.58	1.54	1.86	1.52	1.46	1.56	1.0	0.0	0.06	0.0	0.0	0.02	0.04	0.0	0.0	0.0	0.02	0.0	0.0	0.0	0.0	0.0	0.0	0.0	0.0	0.0	0.0	0.0	0.0	0.0	0.0	0.0	0.0	0.0	0.0	0.0	0.0	0.0	0.0	0.0	0.0	0.0	0.0	0.0	0.0	0.0	0.0	0.0	0.0	0.0	0.0	0.0	0.0	0.0	0.0	0.0	0.0	0.0	
327.86	319.88	317.94	320.36	318.92	319.8	318.8	320.24	317.22	210.66	129.82	127.96	129.52	131.32	127.9	131.02	129.86	131.34	120.52	47.22	41.4	39.7	42.26	41.36	41.18	42.02	41.62	41.08	28.88	11.8	11.88	11.08	11.2	10.5	11.46	11.5	10.98	11.22	3.72	1.4	1.5	1.72	1.66	1.58	1.42	1.5	1.34	1.2	0.06	0.04	0.0	0.02	0.0	0.04	0.02	0.0	0.0	0.02	0.0	0.0	0.0	0.0	0.0	0.0	0.0	0.0	0.0	0.0	0.0	0.0	0.0	0.0	0.0	0.0	0.0	0.0	0.0	0.0	0.0	0.0	0.0	0.0	0.0	0.0	0.0	0.0	0.0	0.0	0.0	0.0	0.0	0.0	0.0	0.0	0.0	0.0	0.0	0.0	0.0	
326.38	318.04	321.98	323.52	318.46	320.42	318.34	317.96	317.36	207.34	133.02	132.08	128.84	129.38	132.04	127.9	130.86	127.7	121.62	46.26	40.76	43.7	41.5	40.44	42.06	43.04	42.08	40.98	28.6	11.16	11.44	11.12	11.36	11.32	11.52	11.68	11.54	10.64	3.88	2.1	1.94	1.68	1.7	1.76	1.66	1.74	1.62	1.22	0.06	0.0	0.02	0.0	0.02	0.0	0.0	0.02	0.0	0.0	0.0	0.0	0.0	0.0	0.0	0.0	0.0	0.0	0.0	0.0	0.0	0.0	0.0	0.0	0.0	0.0	0.0	0.0	0.0	0.0	0.0	0.0	0.0	0.0	0.0	0.0	0.0	0.0	0.0	0.0	0.0	0.0	0.0	0.0	0.0	0.0	0.0	0.0	0.0	0.0	0.0	
326.06	321.04	319.26	316.96	322.22	319.8	319.5	318.56	319.9	210.06	127.84	131.04	133.18	131.08	125.56	131.0	128.46	128.46	120.12	47.66	42.68	42.14	41.54	41.5	42.08	40.8	41.76	40.94	29.24	11.34	11.88	11.04	11.3	11.1	11.8	11.88	11.46	11.32	4.44	2.08	1.56	1.68	1.4	1.96	1.78	1.76	1.54	1.18	0.08	0.02	0.02	0.0	0.02	0.0	0.0	0.02	0.02	0.0	0.0	0.0	0.0	0.0	0.0	0.0	0.0	0.0	0.0	0.0	0.0	0.0	0.0	0.0	0.0	0.0	0.0	0.0	0.0	0.0	0.0	0.0	0.0	0.0	0.0	0.0	0.0	0.0	0.0	0.0	0.0	0.0	0.0	0.0	0.0	0.0	0.0	0.0	0.0	0.0	0.0	
328.34	322.16	327.54	321.54	319.2	321.1	315.44	320.62	316.76	208.38	131.12	128.56	132.02	131.64	128.54	130.5	131.42	127.86	119.3	47.36	41.9	42.26	42.16	43.2	41.42	41.42	42.2	42.2	29.0	12.16	11.32	10.82	10.98	10.94	11.38	12.6	12.44	11.06	3.98	1.62	1.72	1.62	1.9	1.78	1.72	1.8	1.76	1.34	0.08	0.0	0.0	0.0	0.0	0.0	0.0	0.0	0.0	0.0	0.0	0.0	0.0	0.0	0.0	0.0	0.0	0.0	0.0	0.0	0.0	0.0	0.0	0.0	0.0	0.0	0.0	0.0	0.0	0.0	0.0	0.0	0.0	0.0	0.0	0.0	0.0	0.0	0.0	0.0	0.0	0.0	0.0	0.0	0.0	0.0	0.0	0.0	0.0	0.0	0.0	
328.62	320.52	322.22	320.48	323.46	317.94	317.74	318.66	318.96	209.2	132.0	129.94	128.84	128.98	130.42	129.32	128.12	133.64	124.78	48.92	42.84	41.14	41.36	42.72	42.24	41.72	42.7	42.54	27.78	11.82	11.36	11.2	11.32	10.96	12.04	12.2	11.92	11.24	4.04	1.58	1.62	1.62	1.5	1.78	1.48	1.5	1.52	0.94	0.02	0.04	0.02	0.0	0.0	0.0	0.02	0.02	0.02	0.0	0.0	0.0	0.0	0.0	0.0	0.0	0.0	0.0	0.0	0.0	0.0	0.0	0.0	0.0	0.0	0.0	0.0	0.0	0.0	0.0	0.0	0.0	0.0	0.0	0.0	0.0	0.0	0.0	0.0	0.0	0.0	0.0	0.0	0.0	0.0	0.0	0.0	0.0	0.0	0.0	0.0	
324.14	320.8	324.08	319.08	320.2	318.44	320.84	322.66	322.16	214.1	130.9	132.64	129.72	130.32	131.78	127.38	130.4	132.28	123.88	48.16	41.42	42.64	41.54	41.2	41.3	43.46	41.56	42.7	26.62	12.02	10.88	11.22	10.82	11.68	12.32	10.6	11.24	9.9	3.64	1.46	1.62	1.7	1.7	1.98	1.78	1.72	1.34	1.44	0.06	0.02	0.0	0.0	0.06	0.0	0.04	0.0	0.0	0.04	0.0	0.0	0.0	0.0	0.0	0.0	0.0	0.0	0.0	0.0	0.0	0.0	0.0	0.0	0.0	0.0	0.0	0.0	0.0	0.0	0.0	0.0	0.0	0.0	0.0	0.0	0.0	0.0	0.0	0.0	0.0	0.0	0.0	0.0	0.0	0.0	0.0	0.0	0.0	0.0	0.0	
325.56	324.32	326.62	322.8	317.56	318.04	323.44	315.9	317.88	214.58	133.58	129.56	131.64	132.36	132.06	132.92	132.2	131.12	120.62	46.82	41.34	42.38	42.82	43.3	42.08	42.34	43.28	42.12	28.6	12.2	11.44	11.0	12.12	11.34	10.98	12.04	11.36	11.02	3.8	2.12	1.84	2.02	1.84	1.84	1.68	1.5	1.58	1.24	0.14	0.04	0.0	0.02	0.02	0.0	0.0	0.0	0.0	0.0	0.0	0.0	0.0	0.0	0.0	0.0	0.0	0.0	0.0	0.0	0.0	0.0	0.0	0.0	0.0	0.0	0.0	0.0	0.0	0.0	0.0	0.0	0.0	0.0	0.0	0.0	0.0	0.0	0.0	0.0	0.0	0.0	0.0	0.0	0.0	0.0	0.0	0.0	0.0	0.0	0.0	
328.94	329.7	321.06	324.24	323.44	321.58	320.92	319.54	316.42	214.3	133.56	132.42	134.3	133.12	131.0	133.84	132.12	130.4	123.74	48.92	41.88	42.42	42.54	42.6	43.9	43.3	42.78	41.3	29.14	12.14	11.44	12.78	10.1	11.74	11.06	11.8	11.54	11.0	4.12	1.6	1.8	1.78	2.1	1.84	1.88	1.66	2.0	1.32	0.14	0.0	0.0	0.02	0.0	0.0	0.0	0.02	0.0	0.0	0.0	0.0	0.0	0.0	0.0	0.0	0.0	0.0	0.0	0.0	0.0	0.0	0.0	0.0	0.0	0.0	0.0	0.0	0.0	0.0	0.0	0.0	0.0	0.0	0.0	0.0	0.0	0.0	0.0	0.0	0.0	0.0	0.0	0.0	0.0	0.0	0.0	0.0	0.0	0.0	0.0	
326.36	325.34	329.22	321.04	326.4	322.08	318.64	324.06	325.4	215.44	130.84	133.16	134.26	135.04	131.98	131.66	132.56	134.12	123.28	49.46	43.24	42.74	40.96	40.78	43.0	43.34	43.12	41.74	29.2	12.0	11.66	11.5	13.04	12.42	11.2	12.24	11.04	11.92	3.98	1.84	1.48	1.64	1.68	1.62	1.6	1.96	1.9	1.36	0.08	0.04	0.02	0.04	0.02	0.0	0.0	0.0	0.02	0.0	0.0	0.0	0.0	0.0	0.0	0.0	0.0	0.0	0.0	0.0	0.0	0.0	0.0	0.0	0.0	0.0	0.0	0.0	0.0	0.0	0.0	0.0	0.0	0.0	0.0	0.0	0.0	0.0	0.0	0.0	0.0	0.0	0.0	0.0	0.0	0.0	0.0	0.0	0.0	0.0	0.0	
335.84	333.0	327.72	329.76	324.38	323.96	323.3	323.7	328.1	215.8	136.36	129.52	133.68	133.6	133.18	133.08	132.34	133.14	123.92	48.34	42.4	42.94	43.16	43.68	43.04	43.84	41.9	45.14	29.74	11.9	12.08	12.36	11.84	11.84	11.48	12.0	11.28	10.34	3.26	1.66	1.62	1.56	1.64	1.8	1.5	1.52	1.8	1.26	0.12	0.0	0.02	0.04	0.02	0.0	0.06	0.0	0.0	0.0	0.0	0.0	0.0	0.0	0.0	0.0	0.0	0.0	0.0	0.0	0.0	0.0	0.0	0.0	0.0	0.0	0.0	0.0	0.0	0.0	0.0	0.0	0.0	0.0	0.0	0.0	0.0	0.0	0.0	0.0	0.0	0.0	0.0	0.0	0.0	0.0	0.0	0.0	0.0	0.0	0.0	
333.54	330.68	332.76	325.54	330.44	325.02	326.34	324.58	324.74	212.82	134.08	135.2	133.92	133.64	134.96	132.44	134.54	134.94	126.18	50.76	42.96	44.38	43.5	42.02	43.16	43.1	43.42	45.82	29.04	12.46	12.34	11.2	12.02	11.7	12.08	12.4	12.62	11.42	3.86	1.52	1.94	1.36	1.84	1.68	1.6	1.34	1.74	1.34	0.1	0.02	0.02	0.0	0.02	0.0	0.02	0.0	0.02	0.0	0.0	0.0	0.0	0.0	0.0	0.0	0.0	0.0	0.0	0.0	0.0	0.0	0.0	0.0	0.0	0.0	0.0	0.0	0.0	0.0	0.0	0.0	0.0	0.0	0.0	0.0	0.0	0.0	0.0	0.0	0.0	0.0	0.0	0.0	0.0	0.0	0.0	0.0	0.0	0.0	0.0	
335.02	330.58	332.24	328.04	323.78	327.8	328.96	326.08	323.76	217.58	134.54	136.68	131.66	132.9	134.08	134.94	134.54	133.84	126.5	48.22	44.4	43.7	44.26	42.58	44.7	43.0	42.9	44.2	30.1	12.4	12.08	11.64	11.9	11.94	11.82	11.96	11.24	11.84	4.16	1.56	1.82	1.32	1.6	2.08	1.6	1.42	1.76	1.4	0.12	0.0	0.02	0.0	0.0	0.0	0.0	0.02	0.02	0.0	0.0	0.0	0.0	0.0	0.0	0.0	0.0	0.0	0.0	0.0	0.0	0.0	0.0	0.0	0.0	0.0	0.0	0.0	0.0	0.0	0.0	0.0	0.0	0.0	0.0	0.0	0.0	0.0	0.0	0.0	0.0	0.0	0.0	0.0	0.0	0.0	0.0	0.0	0.0	0.0	0.0	
336.38	331.88	331.68	329.32	329.54	325.88	330.52	328.32	330.34	217.22	133.36	137.68	137.5	135.46	134.34	133.1	133.58	133.28	126.38	48.06	44.02	44.68	45.4	44.74	43.36	43.86	43.76	44.64	31.26	11.5	12.3	12.62	11.2	11.48	10.94	12.12	11.94	11.22	4.36	1.52	1.6	1.44	1.82	1.7	1.6	1.7	1.52	1.34	0.1	0.02	0.04	0.0	0.0	0.0	0.0	0.02	0.0	0.0	0.0	0.0	0.0	0.0	0.0	0.0	0.0	0.0	0.0	0.0	0.0	0.0	0.0	0.0	0.0	0.0	0.0	0.0	0.0	0.0	0.0	0.0	0.0	0.0	0.0	0.0	0.0	0.0	0.0	0.0	0.0	0.0	0.0	0.0	0.0	0.0	0.0	0.0	0.0	0.0	0.0	
338.82	331.28	327.64	333.24	328.24	327.88	331.6	333.62	332.02	218.0	135.78	135.1	135.98	137.64	134.06	136.84	134.96	138.34	127.4	51.2	43.72	46.08	42.82	47.16	43.52	43.8	42.52	42.12	30.7	11.9	11.96	12.38	11.56	11.66	11.52	11.92	11.68	11.32	3.66	1.7	2.18	1.84	1.74	1.78	2.02	1.5	1.7	1.18	0.06	0.02	0.0	0.02	0.02	0.06	0.02	0.02	0.0	0.0	0.0	0.0	0.0	0.0	0.0	0.0	0.0	0.0	0.0	0.0	0.0	0.0	0.0	0.0	0.0	0.0	0.0	0.0	0.0	0.0	0.0	0.0	0.0	0.0	0.0	0.0	0.0	0.0	0.0	0.0	0.0	0.0	0.0	0.0	0.0	0.0	0.0	0.0	0.0	0.0	0.0	
337.5	339.74	330.06	333.1	332.08	333.44	329.62	330.14	332.3	217.42	137.0	136.56	137.0	134.5	136.5	138.08	139.44	135.98	127.34	49.74	44.06	43.1	43.74	45.46	45.18	45.4	43.9	44.46	29.6	11.82	11.6	12.42	12.42	12.66	11.64	12.6	12.08	11.2	4.0	1.54	1.7	1.72	1.82	1.68	1.6	1.58	1.78	1.1	0.22	0.0	0.02	0.0	0.0	0.0	0.02	0.02	0.02	0.0	0.0	0.0	0.0	0.0	0.0	0.0	0.0	0.0	0.0	0.0	0.0	0.0	0.0	0.0	0.0	0.0	0.0	0.0	0.0	0.0	0.0	0.0	0.0	0.0	0.0	0.0	0.0	0.0	0.0	0.0	0.0	0.0	0.0	0.0	0.0	0.0	0.0	0.0	0.0	0.0	0.0	
343.34	335.3	339.28	335.46	336.46	333.28	332.28	332.94	335.2	216.34	137.56	138.3	136.26	138.88	137.58	138.24	136.38	136.64	127.86	50.44	43.74	45.88	45.7	44.54	44.94	44.48	45.02	45.04	28.98	12.38	12.48	11.32	11.56	12.44	12.5	12.46	13.22	10.74	4.38	1.74	1.68	2.06	1.72	1.62	1.96	1.84	1.92	0.98	0.14	0.02	0.0	0.0	0.0	0.0	0.0	0.08	0.02	0.0	0.0	0.0	0.0	0.0	0.0	0.0	0.0	0.0	0.0	0.0	0.0	0.0	0.0	0.0	0.0	0.0	0.0	0.0	0.0	0.0	0.0	0.0	0.0	0.0	0.0	0.0	0.0	0.0	0.0	0.0	0.0	0.0	0.0	0.0	0.0	0.0	0.0	0.0	0.0	0.0	0.0	
343.92	337.94	333.94	330.84	339.82	335.36	337.26	331.4	334.56	222.18	138.2	140.02	139.58	138.32	140.84	138.78	136.16	137.2	131.4	51.12	45.52	44.88	45.32	44.64	44.48	44.78	44.44	45.82	30.28	12.06	13.44	11.84	12.74	12.2	12.38	12.78	12.48	12.0	3.84	1.58	1.54	2.06	1.74	2.12	2.14	1.6	1.92	1.58	0.1	0.0	0.02	0.0	0.0	0.02	0.0	0.0	0.02	0.0	0.0	0.0	0.0	0.0	0.0	0.0	0.0	0.0	0.0	0.0	0.0	0.0	0.0	0.0	0.0	0.0	0.0	0.0	0.0	0.0	0.0	0.0	0.0	0.0	0.0	0.0	0.0	0.0	0.0	0.0	0.0	0.0	0.0	0.0	0.0	0.0	0.0	0.0	0.0	0.0	0.0	
346.64	339.22	342.5	339.5	336.22	337.88	334.26	333.84	333.02	225.18	137.9	137.26	134.7	139.3	137.02	136.9	138.86	136.64	128.42	50.42	46.36	44.68	46.22	43.84	46.0	45.24	45.6	45.9	29.74	12.48	12.92	12.42	12.3	12.52	11.96	12.36	12.44	11.36	4.14	2.0	1.82	2.1	1.46	1.76	1.74	1.66	1.62	1.2	0.1	0.04	0.0	0.0	0.0	0.0	0.0	0.02	0.02	0.0	0.0	0.0	0.0	0.0	0.0	0.0	0.0	0.0	0.0	0.0	0.0	0.0	0.0	0.0	0.0	0.0	0.0	0.0	0.0	0.0	0.0	0.0	0.0	0.0	0.0	0.0	0.0	0.0	0.0	0.0	0.0	0.0	0.0	0.0	0.0	0.0	0.0	0.0	0.0	0.0	0.0	
341.08	342.06	342.86	337.44	336.96	334.52	337.28	339.5	332.66	220.0	140.06	134.98	138.82	139.54	136.32	142.62	138.8	138.36	128.26	49.06	46.08	45.66	44.06	45.16	45.16	46.36	43.92	43.3	30.06	12.52	12.62	13.4	12.18	12.5	12.14	12.22	12.64	12.18	4.22	1.68	2.1	1.88	1.74	1.86	1.46	2.22	2.1	1.16	0.22	0.0	0.0	0.0	0.02	0.0	0.0	0.02	0.0	0.0	0.0	0.0	0.0	0.0	0.0	0.0	0.0	0.0	0.0	0.0	0.0	0.0	0.0	0.0	0.0	0.0	0.0	0.0	0.0	0.0	0.0	0.0	0.0	0.0	0.0	0.0	0.0	0.0	0.0	0.0	0.0	0.0	0.0	0.0	0.0	0.0	0.0	0.0	0.0	0.0	0.0	
345.46	342.3	340.98	336.28	342.46	334.0	336.6	335.0	336.76	222.78	137.76	137.8	136.2	137.02	137.4	140.2	136.96	135.12	129.02	49.46	44.22	46.52	44.8	46.04	45.7	45.44	44.98	46.84	30.1	12.12	12.48	12.64	12.3	12.24	14.08	12.12	13.84	11.58	3.64	1.8	2.1	1.46	2.0	1.86	1.78	2.14	1.6	1.66	0.1	0.02	0.02	0.0	0.04	0.02	0.04	0.02	0.0	0.0	0.0	0.0	0.0	0.0	0.0	0.0	0.0	0.0	0.0	0.0	0.0	0.0	0.0	0.0	0.0	0.0	0.0	0.0	0.0	0.0	0.0	0.0	0.0	0.0	0.0	0.0	0.0	0.0	0.0	0.0	0.0	0.0	0.0	0.0	0.0	0.0	0.0	0.0	0.0	0.0	0.0	
351.02	342.18	341.4	338.82	339.58	342.96	340.5	331.88	336.6	225.52	139.5	135.38	139.54	138.04	139.3	139.38	138.96	141.22	136.14	51.2	45.5	45.56	43.74	46.32	44.74	45.34	45.76	44.96	30.22	11.98	12.64	12.66	11.58	13.1	11.86	12.08	12.94	11.86	3.66	1.68	1.46	1.7	1.98	1.72	2.1	1.86	1.8	1.18	0.16	0.02	0.02	0.0	0.0	0.0	0.0	0.0	0.04	0.0	0.0	0.0	0.0	0.0	0.0	0.0	0.0	0.0	0.0	0.0	0.0	0.0	0.0	0.0	0.0	0.0	0.0	0.0	0.0	0.0	0.0	0.0	0.0	0.0	0.0	0.0	0.0	0.0	0.0	0.0	0.0	0.0	0.0	0.0	0.0	0.0	0.0	0.0	0.0	0.0	0.0	
347.56	341.9	343.34	335.68	339.6	340.96	337.48	341.64	340.94	221.34	138.4	139.14	138.58	140.34	141.3	140.1	137.82	140.42	131.06	52.08	45.2	45.34	47.2	46.94	45.06	45.52	45.5	45.44	29.98	12.84	12.34	11.94	12.62	12.54	12.8	11.76	11.88	12.5	4.16	1.86	2.14	1.64	1.58	1.56	1.84	1.9	1.6	1.28	0.1	0.0	0.0	0.02	0.0	0.0	0.02	0.0	0.0	0.0	0.0	0.0	0.0	0.0	0.0	0.0	0.0	0.0	0.0	0.0	0.0	0.0	0.0	0.0	0.0	0.0	0.0	0.0	0.0	0.0	0.0	0.0	0.0	0.0	0.0	0.0	0.0	0.0	0.0	0.0	0.0	0.0	0.0	0.0	0.0	0.0	0.0	0.0	0.0	0.0	0.0	
345.84	340.42	342.96	343.02	342.8	340.96	342.3	346.46	338.04	226.76	142.36	140.08	141.68	139.9	141.4	140.46	138.92	137.74	131.64	52.18	45.1	44.9	43.98	46.38	45.16	46.6	44.68	46.16	30.5	12.14	12.58	12.48	11.64	12.2	12.24	12.92	12.46	12.06	4.06	1.92	1.7	1.62	1.88	1.8	2.1	1.9	1.88	1.28	0.14	0.0	0.0	0.0	0.02	0.02	0.0	0.0	0.04	0.04	0.0	0.0	0.0	0.0	0.0	0.0	0.0	0.0	0.0	0.0	0.0	0.0	0.0	0.0	0.0	0.0	0.0	0.0	0.0	0.0	0.0	0.0	0.0	0.0	0.0	0.0	0.0	0.0	0.0	0.0	0.0	0.0	0.0	0.0	0.0	0.0	0.0	0.0	0.0	0.0	0.0	
351.38	346.16	344.26	343.68	344.58	342.52	344.5	338.18	340.98	222.22	139.56	138.96	144.92	141.26	137.48	142.54	143.78	141.38	129.82	50.24	46.92	47.08	45.54	45.72	47.5	45.76	45.2	45.8	31.6	12.9	12.72	13.1	13.1	12.36	12.28	11.52	12.26	11.66	3.76	1.84	1.9	1.82	2.06	1.68	1.96	1.98	1.62	1.44	0.16	0.0	0.02	0.0	0.0	0.0	0.0	0.04	0.02	0.0	0.0	0.0	0.0	0.0	0.0	0.0	0.0	0.0	0.0	0.0	0.0	0.0	0.0	0.0	0.0	0.0	0.0	0.0	0.0	0.0	0.0	0.0	0.0	0.0	0.0	0.0	0.0	0.0	0.0	0.0	0.0	0.0	0.0	0.0	0.0	0.0	0.0	0.0	0.0	0.0	0.0	
350.02	348.68	345.7	342.0	342.78	340.38	342.52	341.06	338.92	228.14	140.68	142.68	139.58	140.18	140.62	143.04	140.38	140.1	130.9	53.42	44.98	46.66	45.3	45.96	46.02	45.48	46.84	45.7	30.32	12.24	12.5	11.62	13.42	12.68	12.84	12.56	12.0	12.16	4.16	1.58	1.68	2.04	1.8	1.8	1.98	1.78	1.38	1.12	0.1	0.02	0.02	0.0	0.02	0.0	0.04	0.0	0.02	0.02	0.0	0.0	0.0	0.0	0.0	0.0	0.0	0.0	0.0	0.0	0.0	0.0	0.0	0.0	0.0	0.0	0.0	0.0	0.0	0.0	0.0	0.0	0.0	0.0	0.0	0.0	0.0	0.0	0.0	0.0	0.0	0.0	0.0	0.0	0.0	0.0	0.0	0.0	0.0	0.0	0.0	
348.0	348.34	345.52	345.46	344.9	345.5	345.62	348.46	345.88	226.48	140.24	138.96	139.7	143.88	138.66	137.78	139.62	141.84	133.66	51.24	45.96	45.44	46.46	44.52	44.9	45.88	45.0	45.7	29.64	13.7	12.4	12.46	12.24	13.32	12.2	12.04	12.3	12.52	3.96	1.78	1.54	1.54	1.66	1.9	1.72	1.54	1.72	1.3	0.06	0.02	0.02	0.04	0.04	0.02	0.0	0.0	0.0	0.04	0.0	0.0	0.0	0.0	0.0	0.0	0.0	0.0	0.0	0.0	0.0	0.0	0.0	0.0	0.0	0.0	0.0	0.0	0.0	0.0	0.0	0.0	0.0	0.0	0.0	0.0	0.0	0.0	0.0	0.0	0.0	0.0	0.0	0.0	0.0	0.0	0.0	0.0	0.0	0.0	0.0	
344.82	347.28	345.64	345.82	344.78	344.06	346.06	339.72	345.74	225.84	141.2	144.18	141.6	141.6	141.32	141.28	140.68	140.06	131.84	49.16	45.62	46.06	46.74	46.22	45.8	46.1	46.08	44.92	29.6	13.48	12.3	13.1	12.66	12.42	12.48	12.22	12.32	11.06	4.44	1.8	1.5	1.76	2.0	1.46	1.84	1.88	2.06	1.42	0.06	0.02	0.04	0.04	0.02	0.04	0.0	0.02	0.0	0.0	0.0	0.0	0.0	0.0	0.0	0.0	0.0	0.0	0.0	0.0	0.0	0.0	0.0	0.0	0.0	0.0	0.0	0.0	0.0	0.0	0.0	0.0	0.0	0.0	0.0	0.0	0.0	0.0	0.0	0.0	0.0	0.0	0.0	0.0	0.0	0.0	0.0	0.0	0.0	0.0	0.0	
355.86	350.94	345.56	345.9	345.48	342.12	344.4	345.92	345.34	224.5	142.06	142.5	139.38	140.36	142.22	142.46	142.12	143.02	132.76	52.26	46.0	44.9	45.82	44.14	45.2	47.46	44.1	44.32	29.8	12.26	12.34	12.04	12.42	12.78	12.56	12.62	12.22	11.72	3.84	1.92	2.14	1.52	1.66	1.86	1.8	2.24	1.98	1.32	0.04	0.04	0.02	0.02	0.02	0.04	0.02	0.02	0.0	0.0	0.0	0.0	0.0	0.0	0.0	0.0	0.0	0.0	0.0	0.0	0.0	0.0	0.0	0.0	0.0	0.0	0.0	0.0	0.0	0.0	0.0	0.0	0.0	0.0	0.0	0.0	0.0	0.0	0.0	0.0	0.0	0.0	0.0	0.0	0.0	0.0	0.0	0.0	0.0	0.0	0.0	
354.48	348.64	347.28	343.04	342.84	342.9	346.98	347.46	341.84	225.02	143.54	144.14	139.74	139.86	142.28	143.06	141.96	140.96	132.18	52.04	47.82	44.6	46.54	46.52	45.0	45.9	44.6	47.32	30.58	12.76	13.26	12.48	12.86	12.7	12.28	12.16	13.62	11.02	4.4	1.62	1.66	1.88	1.56	1.88	2.1	1.78	1.74	1.24	0.14	0.02	0.04	0.02	0.0	0.02	0.02	0.0	0.0	0.04	0.0	0.0	0.0	0.0	0.0	0.0	0.0	0.0	0.0	0.0	0.0	0.0	0.0	0.0	0.0	0.0	0.0	0.0	0.0	0.0	0.0	0.0	0.0	0.0	0.0	0.0	0.0	0.0	0.0	0.0	0.0	0.0	0.0	0.0	0.0	0.0	0.0	0.0	0.0	0.0	0.0	
353.68	351.0	344.74	342.92	345.68	346.5	340.18	344.24	347.6	226.04	143.66	141.84	143.72	139.38	142.76	141.28	144.56	144.12	136.12	52.26	44.98	45.34	44.04	45.24	45.52	44.56	45.42	46.5	30.68	12.5	12.66	13.0	13.36	12.66	12.5	12.12	12.82	12.34	4.28	1.94	1.54	2.0	1.78	1.76	1.86	2.12	1.76	1.1	0.16	0.04	0.02	0.02	0.0	0.0	0.02	0.0	0.02	0.0	0.0	0.0	0.0	0.0	0.0	0.0	0.0	0.0	0.0	0.0	0.0	0.0	0.0	0.0	0.0	0.0	0.0	0.0	0.0	0.0	0.0	0.0	0.0	0.0	0.0	0.0	0.0	0.0	0.0	0.0	0.0	0.0	0.0	0.0	0.0	0.0	0.0	0.0	0.0	0.0	0.0	
356.26	346.58	345.38	353.06	351.76	344.52	346.56	348.82	347.72	232.0	141.06	141.32	146.54	143.32	143.76	142.3	140.92	143.64	131.72	51.6	45.84	44.64	47.2	46.52	46.74	46.42	48.22	46.72	30.18	13.06	11.38	13.24	13.1	13.54	12.1	11.9	12.78	11.98	3.6	2.08	1.8	1.66	1.84	1.98	1.92	1.8	1.6	1.02	0.12	0.04	0.0	0.02	0.0	0.02	0.02	0.04	0.02	0.02	0.0	0.0	0.0	0.0	0.0	0.0	0.0	0.0	0.0	0.0	0.0	0.0	0.0	0.0	0.0	0.0	0.0	0.0	0.0	0.0	0.0	0.0	0.0	0.0	0.0	0.0	0.0	0.0	0.0	0.0	0.0	0.0	0.0	0.0	0.0	0.0	0.0	0.0	0.0	0.0	0.0	
352.02	346.52	350.56	349.66	346.86	343.44	350.5	346.24	347.28	225.64	143.62	141.8	143.26	141.68	140.76	143.64	144.14	143.56	131.94	52.62	47.08	46.48	46.34	45.28	46.64	45.02	45.36	45.84	29.74	12.9	12.3	11.98	12.26	12.52	12.86	12.46	12.58	11.84	4.02	2.1	1.8	1.68	1.84	1.78	1.48	1.78	2.0	1.24	0.12	0.0	0.04	0.0	0.04	0.0	0.0	0.0	0.02	0.0	0.0	0.0	0.0	0.0	0.0	0.0	0.0	0.0	0.0	0.0	0.0	0.0	0.0	0.0	0.0	0.0	0.0	0.0	0.0	0.0	0.0	0.0	0.0	0.0	0.0	0.0	0.0	0.0	0.0	0.0	0.0	0.0	0.0	0.0	0.0	0.0	0.0	0.0	0.0	0.0	0.0	
363.28	352.68	350.36	350.18	350.2	351.08	348.0	344.82	352.44	227.78	144.54	143.26	140.04	144.04	144.0	139.84	143.7	142.52	136.22	51.78	45.62	46.22	48.16	47.52	46.0	45.9	45.94	45.98	32.22	12.78	13.06	12.3	12.64	12.56	12.4	13.42	11.96	11.56	4.22	1.82	1.72	1.92	1.68	1.98	1.56	1.94	2.06	1.5	0.16	0.0	0.0	0.0	0.0	0.0	0.0	0.02	0.0	0.0	0.0	0.0	0.0	0.0	0.0	0.0	0.0	0.0	0.0	0.0	0.0	0.0	0.0	0.0	0.0	0.0	0.0	0.0	0.0	0.0	0.0	0.0	0.0	0.0	0.0	0.0	0.0	0.0	0.0	0.0	0.0	0.0	0.0	0.0	0.0	0.0	0.0	0.0	0.0	0.0	0.0	
362.66	355.56	349.56	351.94	351.38	348.16	348.54	351.46	348.22	232.86	145.86	145.46	144.6	143.22	143.5	142.92	141.28	146.22	133.8	54.16	48.18	45.76	46.36	46.66	46.66	45.7	48.68	46.46	31.08	12.96	13.44	12.86	12.06	13.34	12.4	13.14	13.06	11.46	4.2	1.72	1.66	1.84	1.68	2.1	1.8	1.7	1.48	1.26	0.1	0.0	0.0	0.02	0.0	0.06	0.04	0.0	0.0	0.0	0.0	0.0	0.0	0.0	0.0	0.0	0.0	0.0	0.0	0.0	0.0	0.0	0.0	0.0	0.0	0.0	0.0	0.0	0.0	0.0	0.0	0.0	0.0	0.0	0.0	0.0	0.0	0.0	0.0	0.0	0.0	0.0	0.0	0.0	0.0	0.0	0.0	0.0	0.0	0.0	0.0	
360.88	358.86	353.92	358.04	353.08	349.36	348.28	352.9	351.86	227.68	141.52	142.68	145.16	144.86	143.34	143.24	144.42	145.12	135.2	52.96	45.82	47.16	46.5	47.82	45.12	47.32	48.08	46.54	29.04	13.36	12.66	12.7	12.94	12.48	12.68	12.86	12.6	12.2	4.26	1.74	1.9	1.72	1.82	1.92	1.78	1.72	1.72	1.32	0.14	0.02	0.0	0.1	0.04	0.0	0.02	0.0	0.02	0.0	0.0	0.0	0.0	0.0	0.0	0.0	0.0	0.0	0.0	0.0	0.0	0.0	0.0	0.0	0.0	0.0	0.0	0.0	0.0	0.0	0.0	0.0	0.0	0.0	0.0	0.0	0.0	0.0	0.0	0.0	0.0	0.0	0.0	0.0	0.0	0.0	0.0	0.0	0.0	0.0	0.0	
360.02	360.28	356.82	350.94	354.42	349.4	353.66	349.76	355.12	231.46	144.4	148.28	144.82	142.14	143.0	145.38	144.54	145.66	135.1	52.7	46.98	46.18	45.02	45.44	47.34	48.58	47.62	45.86	30.06	12.22	12.2	12.62	13.18	11.86	12.66	12.68	11.94	12.18	4.84	2.02	1.96	1.76	1.42	1.98	1.44	1.62	1.92	1.08	0.14	0.04	0.04	0.02	0.0	0.04	0.0	0.02	0.0	0.0	0.0	0.0	0.0	0.0	0.0	0.0	0.0	0.0	0.0	0.0	0.0	0.0	0.0	0.0	0.0	0.0	0.0	0.0	0.0	0.0	0.0	0.0	0.0	0.0	0.0	0.0	0.0	0.0	0.0	0.0	0.0	0.0	0.0	0.0	0.0	0.0	0.0	0.0	0.0	0.0	0.0	
363.36	356.4	350.36	356.72	353.14	347.7	352.8	354.62	354.3	235.58	145.62	147.98	144.78	144.84	145.24	141.6	145.34	145.58	134.68	52.52	46.46	45.7	46.28	46.06	47.38	47.66	46.68	47.0	31.88	13.08	12.18	12.52	12.96	13.2	12.06	11.9	12.76	12.74	4.28	1.88	1.88	1.8	1.72	1.7	2.04	1.76	1.62	1.2	0.08	0.0	0.0	0.0	0.02	0.0	0.02	0.0	0.02	0.02	0.0	0.0	0.0	0.0	0.0	0.0	0.0	0.0	0.0	0.0	0.0	0.0	0.0	0.0	0.0	0.0	0.0	0.0	0.0	0.0	0.0	0.0	0.0	0.0	0.0	0.0	0.0	0.0	0.0	0.0	0.0	0.0	0.0	0.0	0.0	0.0	0.0	0.0	0.0	0.0	0.0	
364.72	356.9	351.98	354.8	354.34	349.46	355.78	358.96	351.74	235.02	145.38	149.36	144.86	144.22	145.64	144.96	144.54	147.76	137.58	53.04	46.76	46.28	47.7	46.82	46.7	48.58	47.34	47.1	32.02	12.38	12.64	13.24	12.32	12.64	12.72	12.86	13.1	12.32	4.44	1.78	1.78	1.78	1.76	2.06	2.08	1.84	1.66	1.32	0.12	0.02	0.02	0.0	0.02	0.0	0.02	0.0	0.04	0.0	0.0	0.0	0.0	0.0	0.0	0.0	0.0	0.0	0.0	0.0	0.0	0.0	0.0	0.0	0.0	0.0	0.0	0.0	0.0	0.0	0.0	0.0	0.0	0.0	0.0	0.0	0.0	0.0	0.0	0.0	0.0	0.0	0.0	0.0	0.0	0.0	0.0	0.0	0.0	0.0	0.0	
363.9	356.94	353.96	353.44	353.62	352.38	352.2	353.6	352.66	234.44	146.42	146.6	146.08	145.08	145.64	145.46	145.86	147.82	133.54	56.16	47.44	47.24	46.24	47.52	47.76	47.6	48.98	46.22	32.44	13.96	12.12	13.98	13.26	12.42	14.0	12.52	12.88	12.46	4.24	2.14	1.86	1.86	2.08	1.92	1.68	1.74	1.66	1.3	0.08	0.02	0.0	0.02	0.0	0.02	0.04	0.0	0.04	0.02	0.0	0.0	0.0	0.0	0.0	0.0	0.0	0.0	0.0	0.0	0.0	0.0	0.0	0.0	0.0	0.0	0.0	0.0	0.0	0.0	0.0	0.0	0.0	0.0	0.0	0.0	0.0	0.0	0.0	0.0	0.0	0.0	0.0	0.0	0.0	0.0	0.0	0.0	0.0	0.0	0.0	
365.58	360.98	359.62	355.86	364.2	358.32	361.24	357.0	356.08	237.12	144.9	146.62	146.78	145.56	145.0	144.04	144.6	148.02	133.44	53.66	47.78	47.04	47.42	47.72	46.64	47.04	46.94	47.08	31.1	13.24	12.52	13.64	12.74	11.94	13.18	12.94	12.16	11.36	4.24	2.16	1.72	1.78	1.94	2.08	2.38	1.94	1.94	1.58	0.14	0.0	0.0	0.0	0.0	0.0	0.02	0.02	0.0	0.0	0.0	0.0	0.0	0.0	0.0	0.0	0.0	0.0	0.0	0.0	0.0	0.0	0.0	0.0	0.0	0.0	0.0	0.0	0.0	0.0	0.0	0.0	0.0	0.0	0.0	0.0	0.0	0.0	0.0	0.0	0.0	0.0	0.0	0.0	0.0	0.0	0.0	0.0	0.0	0.0	0.0	
364.78	368.18	360.14	360.56	365.82	355.06	353.18	357.86	359.44	234.58	147.04	146.16	145.02	144.2	146.18	144.02	145.68	145.02	138.82	52.66	46.96	49.48	46.16	47.9	48.56	46.98	45.8	48.28	32.4	13.12	13.12	14.02	13.16	13.28	13.16	14.04	13.28	12.44	4.42	1.84	1.9	2.06	2.06	2.06	2.0	1.84	2.16	1.16	0.18	0.02	0.04	0.04	0.0	0.02	0.0	0.02	0.0	0.0	0.0	0.0	0.0	0.0	0.0	0.0	0.0	0.0	0.0	0.0	0.0	0.0	0.0	0.0	0.0	0.0	0.0	0.0	0.0	0.0	0.0	0.0	0.0	0.0	0.0	0.0	0.0	0.0	0.0	0.0	0.0	0.0	0.0	0.0	0.0	0.0	0.0	0.0	0.0	0.0	0.0	
369.12	364.0	362.16	357.62	361.6	352.82	363.2	354.26	358.38	238.08	147.16	150.12	147.76	149.46	149.92	149.3	147.18	147.74	141.26	53.64	47.78	47.06	48.04	48.1	45.66	47.88	46.6	48.52	32.22	13.12	11.76	12.48	12.44	12.66	13.92	13.14	13.82	12.04	4.1	1.82	1.86	1.7	1.76	2.08	1.94	1.7	1.74	1.14	0.08	0.0	0.02	0.0	0.0	0.02	0.0	0.02	0.0	0.0	0.0	0.0	0.0	0.0	0.0	0.0	0.0	0.0	0.0	0.0	0.0	0.0	0.0	0.0	0.0	0.0	0.0	0.0	0.0	0.0	0.0	0.0	0.0	0.0	0.0	0.0	0.0	0.0	0.0	0.0	0.0	0.0	0.0	0.0	0.0	0.0	0.0	0.0	0.0	0.0	0.0	
371.14	366.56	364.96	364.56	367.14	364.66	361.16	361.6	357.36	242.14	148.92	147.1	146.72	147.58	147.72	150.14	148.7	149.4	139.86	54.68	49.08	48.5	45.72	48.88	47.88	47.36	47.58	47.34	31.88	13.44	12.76	12.62	13.16	12.88	13.18	12.14	12.72	12.02	4.12	2.04	2.14	1.64	1.58	1.86	1.72	1.78	2.12	1.14	0.16	0.02	0.02	0.0	0.0	0.02	0.0	0.0	0.02	0.0	0.0	0.0	0.0	0.0	0.0	0.0	0.0	0.0	0.0	0.0	0.0	0.0	0.0	0.0	0.0	0.0	0.0	0.0	0.0	0.0	0.0	0.0	0.0	0.0	0.0	0.0	0.0	0.0	0.0	0.0	0.0	0.0	0.0	0.0	0.0	0.0	0.0	0.0	0.0	0.0	0.0	
370.46	371.42	363.18	363.1	368.9	365.6	362.62	362.9	364.16	240.96	150.88	150.86	148.22	151.04	144.72	148.62	149.74	149.74	139.04	53.82	48.6	48.02	48.24	48.2	46.74	48.22	47.58	48.3	32.18	12.72	13.1	12.28	13.2	13.06	13.42	12.28	12.66	12.1	4.1	1.88	1.94	1.52	1.84	1.74	1.86	1.86	1.72	1.36	0.12	0.0	0.02	0.0	0.1	0.04	0.02	0.02	0.0	0.0	0.0	0.0	0.0	0.0	0.0	0.0	0.0	0.0	0.0	0.0	0.0	0.0	0.0	0.0	0.0	0.0	0.0	0.0	0.0	0.0	0.0	0.0	0.0	0.0	0.0	0.0	0.0	0.0	0.0	0.0	0.0	0.0	0.0	0.0	0.0	0.0	0.0	0.0	0.0	0.0	0.0	
376.62	369.68	366.98	370.2	364.34	368.2	364.74	362.84	366.66	237.0	150.6	148.66	150.42	150.9	148.72	147.98	148.38	148.76	139.74	53.04	49.18	47.54	48.1	46.74	47.18	47.88	46.34	49.76	33.24	13.6	13.78	13.16	13.44	12.56	13.08	12.38	12.92	12.56	4.34	1.76	1.76	2.04	2.08	1.94	1.62	1.82	1.8	1.48	0.18	0.0	0.02	0.02	0.0	0.02	0.0	0.04	0.02	0.0	0.0	0.0	0.0	0.0	0.0	0.0	0.0	0.0	0.0	0.0	0.0	0.0	0.0	0.0	0.0	0.0	0.0	0.0	0.0	0.0	0.0	0.0	0.0	0.0	0.0	0.0	0.0	0.0	0.0	0.0	0.0	0.0	0.0	0.0	0.0	0.0	0.0	0.0	0.0	0.0	0.0	
368.9	372.48	368.68	366.68	361.68	370.06	363.42	363.44	362.6	244.64	151.42	150.38	148.26	151.76	153.78	150.38	150.2	150.74	138.76	55.58	49.9	49.86	49.7	48.46	48.86	47.72	48.84	48.9	32.68	13.92	13.06	12.02	13.04	13.2	12.62	13.14	13.84	13.0	4.56	2.02	1.98	2.24	2.0	1.78	2.16	2.1	1.8	1.38	0.16	0.0	0.02	0.0	0.02	0.0	0.04	0.02	0.0	0.0	0.0	0.0	0.0	0.0	0.0	0.0	0.0	0.0	0.0	0.0	0.0	0.0	0.0	0.0	0.0	0.0	0.0	0.0	0.0	0.0	0.0	0.0	0.0	0.0	0.0	0.0	0.0	0.0	0.0	0.0	0.0	0.0	0.0	0.0	0.0	0.0	0.0	0.0	0.0	0.0	0.0	
383.32	377.84	374.68	376.82	378.94	376.52	373.84	370.26	368.88	248.18	152.0	154.86	152.96	155.08	153.26	153.94	152.2	151.78	143.84	55.04	49.46	49.12	49.94	48.72	49.04	51.36	49.16	48.1	34.82	13.44	13.24	12.98	14.12	13.68	13.56	13.0	12.94	12.22	4.68	1.9	2.26	1.72	1.84	1.74	2.06	2.14	2.02	1.62	0.04	0.0	0.0	0.0	0.0	0.0	0.0	0.0	0.0	0.04	0.0	0.0	0.0	0.0	0.0	0.0	0.0	0.0	0.0	0.0	0.0	0.0	0.0	0.0	0.0	0.0	0.0	0.0	0.0	0.0	0.0	0.0	0.0	0.0	0.0	0.0	0.0	0.0	0.0	0.0	0.0	0.0	0.0	0.0	0.0	0.0	0.0	0.0	0.0	0.0	0.0	
387.56	378.78	389.76	384.36	379.36	383.56	380.32	380.18	381.98	252.48	157.64	158.62	156.14	157.48	156.34	155.64	155.64	157.44	148.92	57.88	52.5	49.76	48.6	51.1	50.14	51.58	50.54	51.9	32.48	13.06	14.42	14.22	13.92	13.96	13.9	13.88	12.84	12.7	4.8	2.08	2.1	1.88	2.22	2.22	2.1	1.76	2.32	1.7	0.04	0.0	0.02	0.0	0.04	0.0	0.02	0.0	0.0	0.0	0.0	0.0	0.0	0.0	0.0	0.0	0.0	0.0	0.0	0.0	0.0	0.0	0.0	0.0	0.0	0.0	0.0	0.0	0.0	0.0	0.0	0.0	0.0	0.0	0.0	0.0	0.0	0.0	0.0	0.0	0.0	0.0	0.0	0.0	0.0	0.0	0.0	0.0	0.0	0.0	0.0	
401.0	399.92	392.8	390.5	390.7	393.84	386.92	389.98	394.7	258.08	160.96	161.02	161.28	160.76	161.6	162.66	161.34	160.66	152.28	58.5	51.82	51.58	53.02	53.62	51.92	51.34	51.92	52.02	35.6	15.5	14.12	14.22	13.98	14.38	13.68	13.76	12.88	13.24	5.06	2.04	1.86	2.16	1.78	2.14	2.1	2.1	1.84	1.44	0.36	0.02	0.02	0.0	0.0	0.0	0.0	0.0	0.0	0.0	0.0	0.0	0.0	0.0	0.0	0.0	0.0	0.0	0.0	0.0	0.0	0.0	0.0	0.0	0.0	0.0	0.0	0.0	0.0	0.0	0.0	0.0	0.0	0.0	0.0	0.0	0.0	0.0	0.0	0.0	0.0	0.0	0.0	0.0	0.0	0.0	0.0	0.0	0.0	0.0	0.0	
407.88	407.72	403.74	401.08	402.84	400.08	397.48	399.48	405.56	263.92	164.3	164.9	163.56	167.7	163.84	167.9	160.56	166.18	149.9	61.72	53.52	53.42	53.02	54.3	52.8	53.66	52.06	55.12	37.32	14.96	13.32	14.68	15.1	14.1	13.74	14.56	14.0	13.42	4.94	2.14	2.32	1.94	1.94	2.0	2.36	2.42	2.54	1.76	0.16	0.02	0.0	0.02	0.0	0.0	0.02	0.02	0.02	0.04	0.0	0.0	0.0	0.0	0.0	0.0	0.0	0.0	0.0	0.0	0.0	0.0	0.0	0.0	0.0	0.0	0.0	0.0	0.0	0.0	0.0	0.0	0.0	0.0	0.0	0.0	0.0	0.0	0.0	0.0	0.0	0.0	0.0	0.0	0.0	0.0	0.0	0.0	0.0	0.0	0.0	
421.58	411.1	413.78	409.68	410.32	405.28	410.74	405.38	412.26	271.18	169.0	170.28	168.14	168.4	169.96	167.08	169.96	165.9	157.42	61.96	54.92	54.18	57.88	53.88	55.34	55.08	51.96	54.88	34.38	14.08	14.12	14.52	15.0	15.5	15.64	13.9	15.14	14.38	5.18	2.12	2.16	2.24	2.32	2.46	2.2	2.18	2.18	1.64	0.16	0.02	0.02	0.02	0.02	0.0	0.08	0.04	0.04	0.0	0.0	0.0	0.0	0.0	0.0	0.0	0.0	0.0	0.0	0.0	0.0	0.0	0.0	0.0	0.0	0.0	0.0	0.0	0.0	0.0	0.0	0.0	0.0	0.0	0.0	0.0	0.0	0.0	0.0	0.0	0.0	0.0	0.0	0.0	0.0	0.0	0.0	0.0	0.0	0.0	0.0	
426.82	420.82	415.54	416.12	413.76	415.12	418.82	413.56	418.52	273.86	172.8	173.08	173.32	169.46	171.22	172.8	171.98	171.38	159.56	62.8	57.18	57.28	54.68	57.18	57.98	56.92	56.0	55.4	36.74	14.66	14.9	14.84	15.24	15.18	15.42	14.6	15.6	14.72	5.14	2.56	2.08	2.22	2.18	2.34	2.12	2.1	2.34	2.02	0.1	0.0	0.0	0.06	0.06	0.02	0.0	0.02	0.0	0.0	0.0	0.0	0.0	0.0	0.0	0.0	0.0	0.0	0.0	0.0	0.0	0.0	0.0	0.0	0.0	0.0	0.0	0.0	0.0	0.0	0.0	0.0	0.0	0.0	0.0	0.0	0.0	0.0	0.0	0.0	0.0	0.0	0.0	0.0	0.0	0.0	0.0	0.0	0.0	0.0	0.0	
436.04	426.7	430.22	428.4	431.5	428.82	428.38	423.38	426.92	279.36	171.24	174.94	173.88	174.46	175.18	172.6	175.58	172.7	165.72	65.34	56.88	57.42	57.68	55.58	56.12	56.66	57.04	56.9	38.78	15.82	15.48	14.68	15.86	15.78	15.72	15.3	14.64	15.36	5.12	2.24	2.0	2.2	2.18	2.02	2.16	2.02	2.24	1.72	0.08	0.0	0.04	0.02	0.0	0.0	0.02	0.0	0.02	0.02	0.0	0.0	0.0	0.0	0.0	0.0	0.0	0.0	0.0	0.0	0.0	0.0	0.0	0.0	0.0	0.0	0.0	0.0	0.0	0.0	0.0	0.0	0.0	0.0	0.0	0.0	0.0	0.0	0.0	0.0	0.0	0.0	0.0	0.0	0.0	0.0	0.0	0.0	0.0	0.0	0.0	
442.22	425.72	430.44	432.02	432.78	425.08	431.96	430.72	424.26	282.02	177.34	177.62	177.72	179.9	177.94	174.22	176.06	179.08	165.46	65.5	57.08	57.26	59.26	58.28	57.9	57.0	57.36	59.28	38.52	15.5	15.14	16.62	14.8	15.34	15.74	15.78	17.14	15.42	5.44	2.6	2.36	2.28	1.84	2.38	2.28	2.4	2.26	1.66	0.16	0.02	0.0	0.02	0.02	0.0	0.02	0.0	0.02	0.02	0.0	0.0	0.0	0.0	0.0	0.0	0.0	0.0	0.0	0.0	0.0	0.0	0.0	0.0	0.0	0.0	0.0	0.0	0.0	0.0	0.0	0.0	0.0	0.0	0.0	0.0	0.0	0.0	0.0	0.0	0.0	0.0	0.0	0.0	0.0	0.0	0.0	0.0	0.0	0.0	0.0	
434.4	429.92	428.22	428.72	425.44	420.32	423.52	422.4	422.66	279.46	175.44	177.04	173.58	177.16	176.52	175.8	170.44	172.22	163.22	63.56	59.08	57.94	58.62	54.38	57.74	56.6	58.16	57.98	37.88	15.88	14.18	16.1	16.18	16.22	15.8	15.88	15.76	14.92	4.88	2.34	2.26	2.62	2.34	2.46	1.92	2.5	2.44	1.96	0.2	0.0	0.0	0.04	0.0	0.02	0.0	0.0	0.02	0.04	0.0	0.0	0.0	0.0	0.0	0.0	0.0	0.0	0.0	0.0	0.0	0.0	0.0	0.0	0.0	0.0	0.0	0.0	0.0	0.0	0.0	0.0	0.0	0.0	0.0	0.0	0.0	0.0	0.0	0.0	0.0	0.0	0.0	0.0	0.0	0.0	0.0	0.0	0.0	0.0	0.0	
