0.01	0.514949494949	1.0198989899	1.52484848485	2.0297979798	2.53474747475	3.0396969697	3.54464646465	4.0495959596	4.55454545455	5.05949494949	5.56444444444	6.06939393939	6.57434343434	7.07929292929	7.58424242424	8.08919191919	8.59414141414	9.09909090909	9.60404040404	10.108989899	10.6139393939	11.1188888889	11.6238383838	12.1287878788	12.6337373737	13.1386868687	13.6436363636	14.1485858586	14.6535353535	15.1584848485	15.6634343434	16.1683838384	16.6733333333	17.1782828283	17.6832323232	18.1881818182	18.6931313131	19.1980808081	19.703030303	20.207979798	20.7129292929	21.2178787879	21.7228282828	22.2277777778	22.7327272727	23.2376767677	23.7426262626	24.2475757576	24.7525252525	25.2574747475	25.7624242424	26.2673737374	26.7723232323	27.2772727273	27.7822222222	28.2871717172	28.7921212121	29.2970707071	29.802020202	30.306969697	30.8119191919	31.3168686869	31.8218181818	32.3267676768	32.8317171717	33.3366666667	33.8416161616	34.3465656566	34.8515151515	35.3564646465	35.8614141414	36.3663636364	36.8713131313	37.3762626263	37.8812121212	38.3861616162	38.8911111111	39.3960606061	39.901010101	40.405959596	40.9109090909	41.4158585859	41.9208080808	42.4257575758	42.9307070707	43.4356565657	43.9406060606	44.4455555556	44.9505050505	45.4554545455	45.9604040404	46.4653535354	46.9703030303	47.4752525253	47.9802020202	48.4851515152	48.9901010101	49.4950505051	50.0	
437.8	434.42	438.0	437.56	435.66	431.9	434.0	432.9	432.46	288.96	178.16	180.06	182.64	180.34	179.44	185.64	179.92	181.88	167.3	67.64	60.58	59.56	60.5	60.88	60.36	58.58	57.5	57.76	38.32	17.1	15.66	15.34	16.76	15.5	16.5	16.56	16.6	15.26	4.44	1.96	2.24	2.34	2.14	2.58	2.48	2.66	2.4	1.74	0.18	0.0	0.04	0.02	0.0	0.02	0.06	0.0	0.0	0.0	0.0	0.0	0.0	0.0	0.0	0.0	0.0	0.0	0.0	0.0	0.0	0.0	0.0	0.0	0.0	0.0	0.0	0.0	0.0	0.0	0.0	0.0	0.0	0.0	0.0	0.0	0.0	0.0	0.0	0.0	0.0	0.0	0.0	0.0	0.0	0.0	0.0	0.0	0.0	0.0	0.0	
458.36	452.7	448.42	446.16	449.4	444.68	451.2	445.82	444.8	300.2	186.8	189.7	184.56	192.22	185.02	186.24	185.7	184.92	177.02	70.62	62.4	61.82	59.18	61.2	60.12	60.12	59.94	60.7	40.26	16.1	16.58	16.3	16.66	16.6	16.4	17.2	15.9	16.22	6.0	2.0	2.54	2.56	2.64	2.46	2.78	2.7	2.68	1.94	0.06	0.02	0.04	0.06	0.0	0.0	0.02	0.0	0.0	0.0	0.0	0.0	0.0	0.0	0.0	0.0	0.0	0.0	0.0	0.0	0.0	0.0	0.0	0.0	0.0	0.0	0.0	0.0	0.0	0.0	0.0	0.0	0.0	0.0	0.0	0.0	0.0	0.0	0.0	0.0	0.0	0.0	0.0	0.0	0.0	0.0	0.0	0.0	0.0	0.0	0.0	
465.08	461.38	460.9	459.4	456.74	456.62	455.46	456.84	454.36	308.0	190.9	186.02	188.62	191.9	190.98	193.46	185.98	187.96	183.16	70.16	62.92	61.96	62.46	63.62	63.58	60.66	64.56	62.64	42.88	17.1	18.2	17.98	17.2	17.44	17.12	17.22	18.0	15.42	5.68	2.3	2.56	2.64	2.54	2.88	2.82	2.32	2.56	1.58	0.16	0.02	0.0	0.0	0.0	0.02	0.04	0.02	0.02	0.0	0.0	0.0	0.0	0.0	0.0	0.0	0.0	0.0	0.0	0.0	0.0	0.0	0.0	0.0	0.0	0.0	0.0	0.0	0.0	0.0	0.0	0.0	0.0	0.0	0.0	0.0	0.0	0.0	0.0	0.0	0.0	0.0	0.0	0.0	0.0	0.0	0.0	0.0	0.0	0.0	0.0	
474.28	472.26	464.06	461.6	459.46	467.94	459.66	463.34	459.06	307.54	195.22	190.72	195.96	196.28	194.92	192.18	194.7	191.6	180.82	72.94	63.02	63.96	63.54	62.8	65.8	62.64	63.34	63.04	43.58	17.76	17.76	17.58	17.46	17.16	17.74	15.78	16.96	16.92	5.86	2.82	2.48	2.78	2.42	2.44	2.7	2.48	2.52	1.64	0.14	0.04	0.02	0.02	0.02	0.0	0.04	0.02	0.0	0.0	0.0	0.0	0.0	0.0	0.0	0.0	0.0	0.0	0.0	0.0	0.0	0.0	0.0	0.0	0.0	0.0	0.0	0.0	0.0	0.0	0.0	0.0	0.0	0.0	0.0	0.0	0.0	0.0	0.0	0.0	0.0	0.0	0.0	0.0	0.0	0.0	0.0	0.0	0.0	0.0	0.0	
484.8	471.88	472.3	471.3	468.94	471.2	470.18	475.54	469.94	312.44	196.5	202.46	197.96	195.62	196.7	194.26	195.14	201.14	184.36	73.4	64.14	65.46	67.24	66.38	64.42	65.8	64.6	63.92	42.5	17.6	17.8	17.94	18.8	19.18	17.6	17.62	19.04	17.52	5.98	2.34	2.9	2.48	2.4	2.26	2.54	2.02	2.26	1.64	0.16	0.02	0.02	0.0	0.02	0.0	0.04	0.02	0.04	0.0	0.0	0.0	0.0	0.0	0.0	0.0	0.0	0.0	0.0	0.0	0.0	0.0	0.0	0.0	0.0	0.0	0.0	0.0	0.0	0.0	0.0	0.0	0.0	0.0	0.0	0.0	0.0	0.0	0.0	0.0	0.0	0.0	0.0	0.0	0.0	0.0	0.0	0.0	0.0	0.0	0.0	
479.74	484.04	480.18	474.06	473.46	479.44	480.2	476.16	470.2	312.12	200.14	198.12	201.4	198.84	200.64	196.8	195.82	196.42	186.68	71.94	66.82	65.58	67.66	64.96	67.18	63.86	68.26	62.9	45.38	17.86	19.18	19.28	19.1	18.04	18.4	18.0	17.84	17.48	6.18	2.4	2.76	3.06	2.94	2.48	2.92	2.8	2.48	1.7	0.22	0.0	0.02	0.0	0.04	0.0	0.02	0.02	0.0	0.0	0.0	0.0	0.0	0.0	0.0	0.0	0.0	0.0	0.0	0.0	0.0	0.0	0.0	0.0	0.0	0.0	0.0	0.0	0.0	0.0	0.0	0.0	0.0	0.0	0.0	0.0	0.0	0.0	0.0	0.0	0.0	0.0	0.0	0.0	0.0	0.0	0.0	0.0	0.0	0.0	0.0	
487.18	487.34	479.8	480.56	483.76	480.9	477.52	477.64	474.72	318.14	202.24	199.7	200.38	205.24	199.74	198.04	196.98	196.94	189.2	76.26	67.6	68.66	67.74	68.12	64.12	67.14	68.36	67.28	45.46	18.14	17.92	18.36	19.42	18.66	18.5	18.88	18.72	17.5	6.16	2.82	2.5	2.9	2.86	2.82	2.62	2.5	2.46	1.9	0.2	0.06	0.06	0.0	0.0	0.02	0.0	0.02	0.0	0.02	0.0	0.0	0.0	0.0	0.0	0.0	0.0	0.0	0.0	0.0	0.0	0.0	0.0	0.0	0.0	0.0	0.0	0.0	0.0	0.0	0.0	0.0	0.0	0.0	0.0	0.0	0.0	0.0	0.0	0.0	0.0	0.0	0.0	0.0	0.0	0.0	0.0	0.0	0.0	0.0	0.0	
493.16	483.64	483.12	469.78	470.5	482.44	480.8	476.08	479.44	320.22	201.02	200.82	195.98	198.76	200.4	197.0	200.08	204.54	187.88	78.24	65.8	69.18	66.32	69.06	69.28	67.32	66.16	70.18	45.28	18.18	18.22	18.46	18.98	19.3	18.98	17.98	19.06	17.26	6.36	2.2	3.0	2.6	2.66	2.52	2.44	2.68	2.5	1.96	0.18	0.0	0.04	0.02	0.06	0.04	0.0	0.0	0.02	0.0	0.0	0.0	0.0	0.0	0.0	0.0	0.0	0.0	0.0	0.0	0.0	0.0	0.0	0.0	0.0	0.0	0.0	0.0	0.0	0.0	0.0	0.0	0.0	0.0	0.0	0.0	0.0	0.0	0.0	0.0	0.0	0.0	0.0	0.0	0.0	0.0	0.0	0.0	0.0	0.0	0.0	
496.38	483.58	484.94	486.22	488.36	482.4	482.88	479.98	479.72	323.16	203.1	204.16	203.36	203.5	201.1	204.68	205.14	202.12	188.38	76.82	67.04	69.4	69.22	69.02	70.24	68.98	65.36	67.72	47.5	19.46	18.0	19.36	17.52	19.64	18.12	17.34	17.74	17.94	6.38	2.76	3.16	2.86	2.88	2.68	2.76	2.7	2.42	2.0	0.28	0.0	0.02	0.02	0.0	0.04	0.06	0.04	0.0	0.04	0.0	0.0	0.0	0.0	0.0	0.0	0.0	0.0	0.0	0.0	0.0	0.0	0.0	0.0	0.0	0.0	0.0	0.0	0.0	0.0	0.0	0.0	0.0	0.0	0.0	0.0	0.0	0.0	0.0	0.0	0.0	0.0	0.0	0.0	0.0	0.0	0.0	0.0	0.0	0.0	0.0	
504.66	495.48	489.5	492.52	489.94	492.42	489.22	486.48	486.36	329.06	208.9	207.8	205.08	206.3	206.08	207.94	204.54	205.06	195.0	78.8	69.0	70.02	72.36	70.42	71.24	72.28	72.28	68.7	48.62	18.48	19.62	19.32	19.66	20.02	17.64	18.62	18.52	17.92	6.58	2.76	2.82	2.92	2.94	2.9	3.36	3.02	2.98	2.14	0.22	0.04	0.0	0.0	0.0	0.02	0.0	0.02	0.02	0.0	0.0	0.0	0.0	0.0	0.0	0.0	0.0	0.0	0.0	0.0	0.0	0.0	0.0	0.0	0.0	0.0	0.0	0.0	0.0	0.0	0.0	0.0	0.0	0.0	0.0	0.0	0.0	0.0	0.0	0.0	0.0	0.0	0.0	0.0	0.0	0.0	0.0	0.0	0.0	0.0	0.0	
508.28	498.64	500.8	497.28	494.94	497.2	494.3	498.16	494.44	332.82	207.28	211.02	212.92	209.9	209.74	208.78	209.66	209.4	195.16	79.84	71.94	70.06	70.94	72.14	69.2	70.9	71.06	72.56	47.8	20.2	19.12	19.96	19.06	19.5	19.26	19.02	18.52	19.52	7.0	2.94	2.66	3.36	3.28	3.2	3.2	2.62	3.18	2.16	0.14	0.04	0.02	0.0	0.02	0.02	0.0	0.0	0.02	0.02	0.0	0.0	0.0	0.0	0.0	0.0	0.0	0.0	0.0	0.0	0.0	0.0	0.0	0.0	0.0	0.0	0.0	0.0	0.0	0.0	0.0	0.0	0.0	0.0	0.0	0.0	0.0	0.0	0.0	0.0	0.0	0.0	0.0	0.0	0.0	0.0	0.0	0.0	0.0	0.0	0.0	
506.6	499.02	492.3	500.36	494.98	498.82	496.68	493.9	496.64	330.36	211.1	211.34	211.18	212.18	207.66	212.54	209.58	211.1	195.5	81.58	73.7	74.7	69.38	69.66	71.02	73.8	72.08	72.1	47.46	20.62	20.86	20.22	19.7	20.28	20.36	19.88	20.1	18.54	6.56	3.12	2.94	2.54	3.02	3.26	3.18	2.82	3.08	2.32	0.24	0.0	0.0	0.0	0.0	0.0	0.04	0.02	0.02	0.0	0.0	0.0	0.0	0.0	0.0	0.0	0.0	0.0	0.0	0.0	0.0	0.0	0.0	0.0	0.0	0.0	0.0	0.0	0.0	0.0	0.0	0.0	0.0	0.0	0.0	0.0	0.0	0.0	0.0	0.0	0.0	0.0	0.0	0.0	0.0	0.0	0.0	0.0	0.0	0.0	0.0	
508.94	501.76	506.2	498.9	501.52	493.4	499.84	500.48	500.98	334.2	212.5	215.7	208.6	210.52	210.0	210.2	210.92	213.18	198.4	81.88	71.88	72.4	72.08	74.6	73.72	72.04	72.5	72.86	46.78	20.44	20.18	21.9	19.62	19.3	19.84	19.82	19.5	19.0	6.22	2.84	3.08	3.06	2.82	3.24	2.72	2.42	3.1	2.32	0.08	0.02	0.04	0.04	0.02	0.02	0.0	0.02	0.04	0.02	0.0	0.0	0.0	0.0	0.0	0.0	0.0	0.0	0.0	0.0	0.0	0.0	0.0	0.0	0.0	0.0	0.0	0.0	0.0	0.0	0.0	0.0	0.0	0.0	0.0	0.0	0.0	0.0	0.0	0.0	0.0	0.0	0.0	0.0	0.0	0.0	0.0	0.0	0.0	0.0	0.0	
507.64	504.9	503.38	502.6	497.16	493.34	497.52	500.46	498.66	335.8	215.08	210.76	209.96	215.52	210.98	210.12	212.26	211.48	200.82	80.74	70.74	74.48	73.86	74.24	73.24	74.66	74.32	69.56	50.46	20.3	20.04	21.38	20.36	20.44	21.02	20.3	19.34	19.24	6.82	2.86	3.16	3.44	3.52	3.04	3.06	2.62	3.28	2.14	0.24	0.02	0.08	0.0	0.0	0.02	0.04	0.02	0.0	0.0	0.0	0.0	0.0	0.0	0.0	0.0	0.0	0.0	0.0	0.0	0.0	0.0	0.0	0.0	0.0	0.0	0.0	0.0	0.0	0.0	0.0	0.0	0.0	0.0	0.0	0.0	0.0	0.0	0.0	0.0	0.0	0.0	0.0	0.0	0.0	0.0	0.0	0.0	0.0	0.0	0.0	
506.52	506.62	500.46	504.3	502.52	501.36	494.64	499.34	493.52	331.0	210.56	209.8	212.78	211.36	211.84	209.66	214.98	209.14	199.72	81.6	72.84	75.34	74.1	72.4	70.64	75.1	71.24	73.3	49.68	21.72	20.0	21.22	20.86	20.56	20.34	19.98	20.96	18.26	6.62	3.0	3.08	2.74	2.82	2.66	2.68	2.62	2.96	1.88	0.36	0.0	0.02	0.02	0.02	0.02	0.0	0.02	0.02	0.02	0.0	0.0	0.0	0.0	0.0	0.0	0.0	0.0	0.0	0.0	0.0	0.0	0.0	0.0	0.0	0.0	0.0	0.0	0.0	0.0	0.0	0.0	0.0	0.0	0.0	0.0	0.0	0.0	0.0	0.0	0.0	0.0	0.0	0.0	0.0	0.0	0.0	0.0	0.0	0.0	0.0	
511.38	504.72	500.38	502.68	502.34	500.58	499.44	499.38	495.34	333.08	216.02	214.64	212.1	211.48	210.7	212.14	212.22	211.3	201.3	82.1	70.76	74.84	73.2	76.12	71.84	73.08	74.42	73.04	49.9	19.62	19.96	21.12	20.2	21.36	20.0	20.7	21.34	19.54	6.9	3.04	3.0	3.4	3.2	2.66	2.86	2.92	3.08	2.1	0.22	0.0	0.06	0.0	0.02	0.06	0.04	0.1	0.0	0.0	0.0	0.0	0.0	0.0	0.0	0.0	0.0	0.0	0.0	0.0	0.0	0.0	0.0	0.0	0.0	0.0	0.0	0.0	0.0	0.0	0.0	0.0	0.0	0.0	0.0	0.0	0.0	0.0	0.0	0.0	0.0	0.0	0.0	0.0	0.0	0.0	0.0	0.0	0.0	0.0	0.0	
508.72	507.62	505.88	500.92	505.04	505.08	500.38	496.76	501.3	334.16	215.22	213.48	211.96	213.58	213.22	212.54	214.16	212.12	203.38	83.64	72.36	73.52	71.64	74.3	75.88	75.14	72.86	71.4	51.1	20.78	20.04	20.92	20.08	21.22	20.56	21.0	21.64	18.36	7.0	2.88	3.24	3.08	3.4	3.48	3.02	3.26	3.06	2.22	0.24	0.02	0.0	0.02	0.02	0.0	0.0	0.02	0.0	0.02	0.0	0.0	0.0	0.0	0.0	0.0	0.0	0.0	0.0	0.0	0.0	0.0	0.0	0.0	0.0	0.0	0.0	0.0	0.0	0.0	0.0	0.0	0.0	0.0	0.0	0.0	0.0	0.0	0.0	0.0	0.0	0.0	0.0	0.0	0.0	0.0	0.0	0.0	0.0	0.0	0.0	
509.92	502.4	509.52	503.26	500.48	500.52	496.62	498.2	494.18	340.0	216.18	216.42	215.36	214.68	213.54	216.7	214.68	215.22	201.56	85.6	76.72	73.4	74.66	74.48	74.76	75.26	75.14	73.62	51.3	21.66	20.86	21.06	21.22	21.36	21.56	21.22	20.78	19.36	6.56	3.02	3.06	3.04	3.26	3.2	2.7	2.98	2.94	2.42	0.12	0.04	0.0	0.02	0.02	0.04	0.0	0.02	0.0	0.0	0.0	0.0	0.0	0.0	0.0	0.0	0.0	0.0	0.0	0.0	0.0	0.0	0.0	0.0	0.0	0.0	0.0	0.0	0.0	0.0	0.0	0.0	0.0	0.0	0.0	0.0	0.0	0.0	0.0	0.0	0.0	0.0	0.0	0.0	0.0	0.0	0.0	0.0	0.0	0.0	0.0	
504.08	503.48	503.18	498.74	494.22	501.44	503.02	499.68	498.36	338.66	210.62	214.86	217.64	216.32	212.56	218.32	217.44	215.08	205.24	85.54	76.32	75.68	74.18	75.72	75.82	76.46	73.32	72.48	50.96	20.58	20.92	21.8	20.86	20.4	22.3	20.96	21.8	19.5	7.62	3.3	2.88	2.94	3.5	3.24	3.48	2.88	3.06	2.18	0.2	0.02	0.02	0.06	0.02	0.02	0.02	0.0	0.02	0.0	0.0	0.0	0.0	0.0	0.0	0.0	0.0	0.0	0.0	0.0	0.0	0.0	0.0	0.0	0.0	0.0	0.0	0.0	0.0	0.0	0.0	0.0	0.0	0.0	0.0	0.0	0.0	0.0	0.0	0.0	0.0	0.0	0.0	0.0	0.0	0.0	0.0	0.0	0.0	0.0	0.0	
501.9	493.1	492.2	486.36	486.9	487.82	483.7	484.74	492.06	329.74	217.58	214.52	214.22	211.26	217.32	208.66	214.24	218.7	200.34	83.06	72.9	74.34	74.32	74.78	75.56	74.1	72.42	75.1	50.72	19.94	21.1	20.34	21.96	20.58	20.68	21.04	21.44	19.96	7.06	2.84	3.02	3.4	3.12	3.2	2.82	2.96	3.28	1.98	0.24	0.02	0.02	0.02	0.0	0.02	0.02	0.0	0.02	0.02	0.0	0.0	0.0	0.0	0.0	0.0	0.0	0.0	0.0	0.0	0.0	0.0	0.0	0.0	0.0	0.0	0.0	0.0	0.0	0.0	0.0	0.0	0.0	0.0	0.0	0.0	0.0	0.0	0.0	0.0	0.0	0.0	0.0	0.0	0.0	0.0	0.0	0.0	0.0	0.0	0.0	
500.32	495.08	497.6	492.5	488.7	496.64	493.16	495.24	487.16	334.02	209.18	213.26	211.58	215.82	207.76	210.26	213.14	215.34	198.3	84.12	73.42	70.16	74.36	75.0	73.04	75.84	72.74	72.18	49.84	19.98	21.5	19.78	20.96	20.14	20.88	21.42	21.76	20.02	7.42	3.12	3.46	2.96	2.96	3.02	2.9	3.44	2.9	2.26	0.2	0.04	0.04	0.04	0.04	0.08	0.0	0.0	0.0	0.0	0.0	0.0	0.0	0.0	0.0	0.0	0.0	0.0	0.0	0.0	0.0	0.0	0.0	0.0	0.0	0.0	0.0	0.0	0.0	0.0	0.0	0.0	0.0	0.0	0.0	0.0	0.0	0.0	0.0	0.0	0.0	0.0	0.0	0.0	0.0	0.0	0.0	0.0	0.0	0.0	0.0	
505.44	493.12	490.2	489.84	488.32	489.2	485.4	479.38	487.2	330.4	208.9	210.1	211.46	213.3	212.42	210.54	212.88	208.74	198.86	81.72	73.52	75.48	75.4	74.4	72.5	74.42	74.04	72.48	50.5	20.8	21.88	21.4	21.58	21.94	21.3	19.04	21.36	20.32	6.96	2.88	3.46	2.78	2.68	2.88	3.4	3.16	2.98	2.24	0.24	0.02	0.02	0.02	0.06	0.02	0.06	0.0	0.0	0.02	0.0	0.0	0.0	0.0	0.0	0.0	0.0	0.0	0.0	0.0	0.0	0.0	0.0	0.0	0.0	0.0	0.0	0.0	0.0	0.0	0.0	0.0	0.0	0.0	0.0	0.0	0.0	0.0	0.0	0.0	0.0	0.0	0.0	0.0	0.0	0.0	0.0	0.0	0.0	0.0	0.0	
503.78	497.24	494.48	498.48	488.94	493.32	488.42	491.5	488.74	329.64	211.42	213.22	208.18	210.9	213.48	213.22	211.38	211.42	198.4	81.72	74.38	74.26	72.96	75.56	75.56	75.22	75.46	73.44	50.4	21.78	21.1	22.38	20.4	21.34	21.22	21.78	20.76	19.36	7.26	2.94	2.5	3.26	3.16	3.2	2.88	2.76	3.06	2.48	0.2	0.0	0.04	0.02	0.04	0.08	0.02	0.04	0.06	0.0	0.0	0.0	0.0	0.0	0.0	0.0	0.0	0.0	0.0	0.0	0.0	0.0	0.0	0.0	0.0	0.0	0.0	0.0	0.0	0.0	0.0	0.0	0.0	0.0	0.0	0.0	0.0	0.0	0.0	0.0	0.0	0.0	0.0	0.0	0.0	0.0	0.0	0.0	0.0	0.0	0.0	
508.72	505.84	500.62	503.06	499.36	503.84	501.86	494.46	498.52	333.16	211.52	211.7	212.58	213.16	213.24	213.12	214.42	210.84	199.66	84.22	75.42	74.28	74.28	73.08	77.2	74.04	74.94	73.22	52.04	21.9	21.68	23.9	20.02	21.38	21.62	21.34	22.16	19.46	7.28	3.44	3.16	3.38	3.22	3.04	3.12	3.3	3.34	2.3	0.28	0.02	0.02	0.0	0.0	0.02	0.02	0.02	0.02	0.0	0.0	0.0	0.0	0.0	0.0	0.0	0.0	0.0	0.0	0.0	0.0	0.0	0.0	0.0	0.0	0.0	0.0	0.0	0.0	0.0	0.0	0.0	0.0	0.0	0.0	0.0	0.0	0.0	0.0	0.0	0.0	0.0	0.0	0.0	0.0	0.0	0.0	0.0	0.0	0.0	0.0	
510.58	508.36	498.9	495.12	495.08	496.66	497.42	494.26	498.0	331.96	212.34	209.74	212.76	212.7	214.6	212.88	211.06	210.56	198.16	84.86	73.8	76.46	74.5	73.18	77.1	76.2	74.28	76.5	51.16	21.92	22.56	21.8	20.36	20.24	21.6	21.98	21.78	20.68	7.32	3.44	2.94	2.92	3.02	3.32	3.06	3.46	3.06	2.38	0.14	0.04	0.02	0.0	0.02	0.04	0.04	0.04	0.0	0.0	0.0	0.0	0.0	0.0	0.0	0.0	0.0	0.0	0.0	0.0	0.0	0.0	0.0	0.0	0.0	0.0	0.0	0.0	0.0	0.0	0.0	0.0	0.0	0.0	0.0	0.0	0.0	0.0	0.0	0.0	0.0	0.0	0.0	0.0	0.0	0.0	0.0	0.0	0.0	0.0	0.0	
504.84	494.36	498.54	492.38	491.58	493.22	492.34	494.24	499.74	330.34	209.08	208.92	207.26	207.96	211.88	211.5	208.22	207.14	197.32	82.4	74.64	74.26	74.92	73.86	74.68	74.48	73.42	75.1	49.74	22.26	20.5	20.84	21.46	21.6	21.3	22.7	22.1	18.64	6.42	3.32	3.0	3.66	2.66	3.4	3.12	2.86	2.64	1.88	0.18	0.02	0.02	0.04	0.02	0.0	0.02	0.04	0.0	0.0	0.0	0.0	0.0	0.0	0.0	0.0	0.0	0.0	0.0	0.0	0.0	0.0	0.0	0.0	0.0	0.0	0.0	0.0	0.0	0.0	0.0	0.0	0.0	0.0	0.0	0.0	0.0	0.0	0.0	0.0	0.0	0.0	0.0	0.0	0.0	0.0	0.0	0.0	0.0	0.0	0.0	
501.3	496.78	489.04	497.98	488.46	493.5	492.2	490.06	496.12	330.1	207.02	206.94	210.98	204.1	211.0	210.72	208.88	210.02	199.84	84.76	74.88	76.5	74.98	76.3	74.94	73.26	76.44	75.4	49.74	21.66	21.68	21.0	22.38	21.48	21.76	21.14	21.24	19.6	6.74	3.08	3.06	2.96	3.44	3.32	2.84	3.02	2.92	2.62	0.2	0.02	0.02	0.04	0.0	0.04	0.0	0.06	0.0	0.0	0.0	0.0	0.0	0.0	0.0	0.0	0.0	0.0	0.0	0.0	0.0	0.0	0.0	0.0	0.0	0.0	0.0	0.0	0.0	0.0	0.0	0.0	0.0	0.0	0.0	0.0	0.0	0.0	0.0	0.0	0.0	0.0	0.0	0.0	0.0	0.0	0.0	0.0	0.0	0.0	0.0	
497.16	491.24	491.14	483.84	489.94	483.9	489.58	494.58	483.92	324.16	209.42	205.46	206.76	209.32	208.24	206.56	206.48	209.84	193.4	83.14	74.22	74.18	74.8	74.56	73.72	73.4	73.04	75.66	48.84	21.1	21.68	22.14	21.16	21.38	20.24	20.22	20.58	19.86	6.76	3.54	3.02	2.96	3.2	3.06	3.42	3.28	2.74	2.4	0.14	0.0	0.0	0.0	0.06	0.04	0.02	0.06	0.0	0.0	0.0	0.0	0.0	0.0	0.0	0.0	0.0	0.0	0.0	0.0	0.0	0.0	0.0	0.0	0.0	0.0	0.0	0.0	0.0	0.0	0.0	0.0	0.0	0.0	0.0	0.0	0.0	0.0	0.0	0.0	0.0	0.0	0.0	0.0	0.0	0.0	0.0	0.0	0.0	0.0	0.0	
485.68	488.98	487.08	481.88	486.6	485.98	487.76	481.16	479.52	320.34	208.4	207.58	209.54	211.5	207.54	206.12	204.3	206.62	191.84	81.0	75.76	70.48	73.74	73.7	73.26	74.06	74.08	71.3	50.7	21.28	22.2	21.0	22.2	20.78	20.74	22.08	20.02	19.76	7.14	3.14	3.5	3.22	2.76	2.86	2.78	3.02	3.02	2.02	0.22	0.02	0.06	0.0	0.08	0.04	0.02	0.02	0.0	0.0	0.0	0.0	0.0	0.0	0.0	0.0	0.0	0.0	0.0	0.0	0.0	0.0	0.0	0.0	0.0	0.0	0.0	0.0	0.0	0.0	0.0	0.0	0.0	0.0	0.0	0.0	0.0	0.0	0.0	0.0	0.0	0.0	0.0	0.0	0.0	0.0	0.0	0.0	0.0	0.0	0.0	
488.18	485.38	477.6	479.76	480.36	472.64	478.8	475.34	481.1	326.14	205.5	205.66	204.6	200.8	207.54	202.76	204.88	202.24	193.62	83.46	72.74	72.74	73.54	73.12	72.88	72.32	72.12	72.5	49.04	20.2	21.76	20.98	20.66	20.58	20.94	20.78	21.6	20.04	6.72	3.44	3.12	3.44	3.4	2.9	3.1	3.44	2.92	2.64	0.14	0.0	0.02	0.06	0.0	0.02	0.02	0.0	0.0	0.0	0.0	0.0	0.0	0.0	0.0	0.0	0.0	0.0	0.0	0.0	0.0	0.0	0.0	0.0	0.0	0.0	0.0	0.0	0.0	0.0	0.0	0.0	0.0	0.0	0.0	0.0	0.0	0.0	0.0	0.0	0.0	0.0	0.0	0.0	0.0	0.0	0.0	0.0	0.0	0.0	0.0	
483.1	470.8	471.8	467.58	465.28	472.1	464.12	465.62	471.08	315.12	203.7	207.82	207.32	202.34	203.62	205.18	202.54	204.44	191.56	80.54	74.04	75.42	73.48	73.56	73.02	73.46	72.72	73.5	48.28	21.1	20.84	22.08	21.62	20.88	21.58	20.38	21.54	19.66	7.04	2.96	3.18	2.94	3.32	3.0	3.28	3.04	3.34	2.22	0.14	0.02	0.02	0.0	0.0	0.02	0.02	0.0	0.02	0.02	0.0	0.0	0.0	0.0	0.0	0.0	0.0	0.0	0.0	0.0	0.0	0.0	0.0	0.0	0.0	0.0	0.0	0.0	0.0	0.0	0.0	0.0	0.0	0.0	0.0	0.0	0.0	0.0	0.0	0.0	0.0	0.0	0.0	0.0	0.0	0.0	0.0	0.0	0.0	0.0	0.0	
475.16	471.38	463.66	463.84	460.72	461.96	461.98	466.02	457.92	308.72	201.42	201.32	201.64	201.48	201.66	203.16	202.66	202.46	189.24	82.7	69.9	71.88	72.92	73.82	72.96	74.34	71.28	71.3	49.3	20.94	20.02	19.74	20.38	21.16	22.18	20.4	21.38	19.14	6.82	2.7	3.44	2.94	3.22	2.96	2.82	3.02	2.96	2.28	0.12	0.02	0.0	0.0	0.04	0.02	0.04	0.0	0.0	0.02	0.0	0.0	0.0	0.0	0.0	0.0	0.0	0.0	0.0	0.0	0.0	0.0	0.0	0.0	0.0	0.0	0.0	0.0	0.0	0.0	0.0	0.0	0.0	0.0	0.0	0.0	0.0	0.0	0.0	0.0	0.0	0.0	0.0	0.0	0.0	0.0	0.0	0.0	0.0	0.0	0.0	
460.3	459.78	457.24	458.56	458.38	451.88	452.84	459.56	449.7	308.62	201.78	196.3	204.1	196.38	199.42	201.56	197.96	201.28	187.86	81.1	72.58	74.0	72.2	71.2	71.52	71.68	69.22	69.88	48.2	22.02	20.7	20.7	20.24	19.52	20.66	21.22	21.48	19.36	7.16	3.16	2.88	3.08	2.9	3.08	2.94	3.3	2.86	1.98	0.26	0.0	0.0	0.0	0.02	0.0	0.04	0.06	0.04	0.0	0.0	0.0	0.0	0.0	0.0	0.0	0.0	0.0	0.0	0.0	0.0	0.0	0.0	0.0	0.0	0.0	0.0	0.0	0.0	0.0	0.0	0.0	0.0	0.0	0.0	0.0	0.0	0.0	0.0	0.0	0.0	0.0	0.0	0.0	0.0	0.0	0.0	0.0	0.0	0.0	0.0	
460.58	450.98	458.72	449.08	449.16	449.36	454.82	448.86	450.58	305.72	195.78	197.82	197.26	198.54	200.48	198.18	199.06	199.82	189.04	78.84	71.86	70.58	69.36	71.06	72.26	70.0	72.02	73.8	47.42	20.4	19.88	21.42	21.26	20.0	20.54	21.66	20.16	19.32	6.92	3.3	3.36	3.36	2.94	2.94	3.0	2.84	2.86	2.16	0.34	0.04	0.02	0.0	0.0	0.02	0.0	0.02	0.04	0.0	0.0	0.0	0.0	0.0	0.0	0.0	0.0	0.0	0.0	0.0	0.0	0.0	0.0	0.0	0.0	0.0	0.0	0.0	0.0	0.0	0.0	0.0	0.0	0.0	0.0	0.0	0.0	0.0	0.0	0.0	0.0	0.0	0.0	0.0	0.0	0.0	0.0	0.0	0.0	0.0	0.0	
461.86	454.58	454.22	450.96	446.02	457.08	448.74	452.04	444.18	309.1	200.8	199.6	198.64	194.62	197.24	196.38	195.96	198.02	184.96	78.1	72.16	72.58	70.28	71.0	71.52	70.1	69.6	71.06	49.36	19.5	20.84	20.76	20.72	20.68	20.86	20.66	19.82	19.22	6.82	2.94	2.76	3.02	2.84	3.02	3.36	2.82	3.32	2.22	0.28	0.06	0.08	0.04	0.04	0.0	0.0	0.04	0.04	0.0	0.0	0.0	0.0	0.0	0.0	0.0	0.0	0.0	0.0	0.0	0.0	0.0	0.0	0.0	0.0	0.0	0.0	0.0	0.0	0.0	0.0	0.0	0.0	0.0	0.0	0.0	0.0	0.0	0.0	0.0	0.0	0.0	0.0	0.0	0.0	0.0	0.0	0.0	0.0	0.0	0.0	
454.54	450.78	447.68	443.86	453.02	445.5	450.98	443.26	444.58	304.42	195.26	196.18	197.0	195.14	198.14	197.12	199.0	193.66	182.24	75.54	71.38	67.98	72.88	70.64	71.62	70.78	69.36	70.86	50.52	20.62	20.18	19.98	19.8	19.86	20.94	20.34	20.68	19.74	6.68	3.18	2.84	3.14	2.94	3.22	2.8	3.12	3.08	2.22	0.12	0.04	0.04	0.02	0.0	0.02	0.0	0.0	0.02	0.0	0.0	0.0	0.0	0.0	0.0	0.0	0.0	0.0	0.0	0.0	0.0	0.0	0.0	0.0	0.0	0.0	0.0	0.0	0.0	0.0	0.0	0.0	0.0	0.0	0.0	0.0	0.0	0.0	0.0	0.0	0.0	0.0	0.0	0.0	0.0	0.0	0.0	0.0	0.0	0.0	0.0	
441.4	439.24	438.76	440.38	433.22	434.34	432.56	437.58	432.04	294.96	191.18	192.82	193.7	190.58	192.64	191.96	189.3	189.82	176.16	76.78	70.06	70.6	69.64	69.28	67.14	69.58	69.7	69.58	45.86	20.76	20.92	20.08	19.58	19.36	20.08	20.88	20.3	19.38	6.36	3.06	3.04	3.46	3.04	2.96	3.04	3.26	2.86	2.16	0.22	0.0	0.02	0.06	0.04	0.02	0.0	0.04	0.04	0.0	0.0	0.0	0.0	0.0	0.0	0.0	0.0	0.0	0.0	0.0	0.0	0.0	0.0	0.0	0.0	0.0	0.0	0.0	0.0	0.0	0.0	0.0	0.0	0.0	0.0	0.0	0.0	0.0	0.0	0.0	0.0	0.0	0.0	0.0	0.0	0.0	0.0	0.0	0.0	0.0	0.0	
445.68	436.76	432.56	435.54	435.52	431.9	435.94	431.94	432.9	290.6	189.56	190.76	190.04	190.86	190.84	190.28	190.04	189.52	178.64	76.9	70.52	68.94	69.72	70.5	70.08	68.08	68.98	66.96	47.16	20.82	19.3	20.6	19.74	19.6	19.98	21.3	20.48	18.42	6.6	2.94	3.16	3.36	2.74	3.36	2.98	3.4	2.48	2.1	0.12	0.0	0.02	0.02	0.04	0.0	0.0	0.0	0.0	0.0	0.0	0.0	0.0	0.0	0.0	0.0	0.0	0.0	0.0	0.0	0.0	0.0	0.0	0.0	0.0	0.0	0.0	0.0	0.0	0.0	0.0	0.0	0.0	0.0	0.0	0.0	0.0	0.0	0.0	0.0	0.0	0.0	0.0	0.0	0.0	0.0	0.0	0.0	0.0	0.0	0.0	
441.84	433.46	436.14	435.84	434.44	434.36	434.78	431.2	433.28	292.72	195.92	189.86	194.06	192.38	190.86	189.92	189.28	192.76	180.28	78.0	72.74	70.14	67.26	70.12	69.42	69.74	69.52	67.94	47.24	20.26	20.88	19.72	19.24	19.74	19.94	20.44	21.84	19.08	6.44	3.36	3.1	3.24	3.38	2.86	2.86	2.98	3.06	2.42	0.22	0.0	0.04	0.02	0.0	0.02	0.02	0.02	0.04	0.06	0.0	0.0	0.0	0.0	0.0	0.0	0.0	0.0	0.0	0.0	0.0	0.0	0.0	0.0	0.0	0.0	0.0	0.0	0.0	0.0	0.0	0.0	0.0	0.0	0.0	0.0	0.0	0.0	0.0	0.0	0.0	0.0	0.0	0.0	0.0	0.0	0.0	0.0	0.0	0.0	0.0	
441.66	438.08	435.62	435.64	437.0	432.66	430.76	433.36	431.2	292.28	193.12	190.94	190.68	190.2	190.72	192.6	189.2	189.28	181.38	77.26	71.6	68.84	70.94	70.32	71.18	72.4	68.5	69.96	47.78	20.78	19.82	20.42	19.16	19.44	19.86	19.78	21.62	19.12	6.42	3.18	3.06	3.28	2.78	2.9	2.92	3.24	3.32	1.96	0.18	0.0	0.0	0.02	0.02	0.0	0.04	0.06	0.02	0.02	0.0	0.0	0.0	0.0	0.0	0.0	0.0	0.0	0.0	0.0	0.0	0.0	0.0	0.0	0.0	0.0	0.0	0.0	0.0	0.0	0.0	0.0	0.0	0.0	0.0	0.0	0.0	0.0	0.0	0.0	0.0	0.0	0.0	0.0	0.0	0.0	0.0	0.0	0.0	0.0	0.0	
438.18	431.46	430.74	430.38	429.56	430.48	426.5	430.78	426.56	289.82	187.68	189.1	190.02	190.22	190.58	188.24	188.94	190.78	174.3	75.9	70.12	67.24	69.86	69.24	70.3	68.34	67.36	69.04	47.96	21.34	20.22	19.3	19.98	19.58	19.3	19.18	19.76	19.6	7.12	3.46	3.32	3.1	3.4	2.7	2.86	2.76	3.14	2.08	0.2	0.02	0.02	0.02	0.02	0.04	0.02	0.0	0.04	0.0	0.0	0.0	0.0	0.0	0.0	0.0	0.0	0.0	0.0	0.0	0.0	0.0	0.0	0.0	0.0	0.0	0.0	0.0	0.0	0.0	0.0	0.0	0.0	0.0	0.0	0.0	0.0	0.0	0.0	0.0	0.0	0.0	0.0	0.0	0.0	0.0	0.0	0.0	0.0	0.0	0.0	
379.7	377.64	376.5	372.52	368.7	370.46	368.98	366.8	369.36	246.28	165.34	161.24	165.86	163.12	161.86	164.12	161.78	161.8	154.32	66.82	58.74	59.04	60.72	59.58	59.24	59.74	60.16	57.1	41.24	17.24	17.8	17.0	17.98	17.26	17.52	17.44	17.14	15.32	6.3	2.26	2.46	2.5	2.04	2.32	2.68	2.42	2.42	1.92	0.12	0.0	0.02	0.0	0.0	0.0	0.02	0.04	0.04	0.02	0.0	0.0	0.0	0.0	0.0	0.0	0.0	0.0	0.0	0.0	0.0	0.0	0.0	0.0	0.0	0.0	0.0	0.0	0.0	0.0	0.0	0.0	0.0	0.0	0.0	0.0	0.0	0.0	0.0	0.0	0.0	0.0	0.0	0.0	0.0	0.0	0.0	0.0	0.0	0.0	0.0	
332.92	318.06	318.7	319.8	317.34	316.92	319.1	316.4	316.22	215.48	141.44	139.56	140.2	142.64	139.22	142.2	137.86	137.78	131.52	57.94	48.92	50.42	51.5	50.22	50.86	50.46	50.22	50.96	34.7	14.76	15.1	15.34	13.56	14.94	14.88	14.74	14.46	14.1	4.88	1.9	1.88	1.94	2.2	2.26	2.22	2.1	2.04	1.54	0.12	0.04	0.02	0.0	0.0	0.0	0.04	0.04	0.02	0.0	0.0	0.0	0.0	0.0	0.0	0.0	0.0	0.0	0.0	0.0	0.0	0.0	0.0	0.0	0.0	0.0	0.0	0.0	0.0	0.0	0.0	0.0	0.0	0.0	0.0	0.0	0.0	0.0	0.0	0.0	0.0	0.0	0.0	0.0	0.0	0.0	0.0	0.0	0.0	0.0	0.0	
283.78	279.72	282.4	280.66	282.12	281.82	281.78	275.34	275.68	187.58	124.52	122.68	124.72	122.18	126.7	125.74	124.22	123.72	116.0	49.08	44.42	45.96	47.02	44.68	45.6	43.0	41.92	46.02	32.1	14.16	12.9	13.34	13.22	12.94	13.38	13.52	13.44	13.02	4.0	1.44	2.22	1.96	1.8	1.84	1.98	1.98	1.88	1.58	0.06	0.0	0.0	0.02	0.0	0.02	0.02	0.02	0.02	0.0	0.0	0.0	0.0	0.0	0.0	0.0	0.0	0.0	0.0	0.0	0.0	0.0	0.0	0.0	0.0	0.0	0.0	0.0	0.0	0.0	0.0	0.0	0.0	0.0	0.0	0.0	0.0	0.0	0.0	0.0	0.0	0.0	0.0	0.0	0.0	0.0	0.0	0.0	0.0	0.0	0.0	
255.34	252.36	252.0	255.42	249.2	252.54	252.76	248.04	250.24	168.08	108.22	107.82	111.76	109.62	108.38	108.24	108.66	109.3	104.86	43.36	39.8	39.4	37.96	38.14	38.6	39.36	39.3	39.88	27.3	11.84	11.18	11.58	11.76	11.34	11.58	11.3	11.32	11.24	3.8	1.86	1.6	1.72	1.48	1.64	1.68	1.72	1.6	1.24	0.12	0.0	0.0	0.0	0.02	0.04	0.0	0.0	0.0	0.02	0.0	0.0	0.0	0.0	0.0	0.0	0.0	0.0	0.0	0.0	0.0	0.0	0.0	0.0	0.0	0.0	0.0	0.0	0.0	0.0	0.0	0.0	0.0	0.0	0.0	0.0	0.0	0.0	0.0	0.0	0.0	0.0	0.0	0.0	0.0	0.0	0.0	0.0	0.0	0.0	0.0	
226.04	226.08	229.4	223.74	229.54	225.24	223.52	224.74	227.58	151.0	96.84	95.8	96.86	97.48	95.48	96.7	99.46	97.52	90.38	37.46	35.36	34.92	34.44	34.46	34.9	33.44	33.94	34.46	22.76	10.54	9.3	9.7	9.78	9.26	9.32	9.22	9.96	9.32	3.32	1.6	1.72	1.32	1.54	1.5	1.38	1.42	1.34	1.1	0.08	0.0	0.0	0.02	0.0	0.0	0.04	0.0	0.0	0.0	0.0	0.0	0.0	0.0	0.0	0.0	0.0	0.0	0.0	0.0	0.0	0.0	0.0	0.0	0.0	0.0	0.0	0.0	0.0	0.0	0.0	0.0	0.0	0.0	0.0	0.0	0.0	0.0	0.0	0.0	0.0	0.0	0.0	0.0	0.0	0.0	0.0	0.0	0.0	0.0	0.0	
201.9	201.86	203.06	202.86	202.48	200.26	199.68	199.04	198.68	135.4	85.58	86.18	86.42	85.9	85.1	85.14	85.26	86.72	82.06	34.24	31.28	30.14	30.32	29.76	31.48	30.32	31.48	30.66	20.46	8.94	9.1	8.84	9.0	8.1	8.42	8.48	8.16	8.74	2.9	1.56	1.18	1.36	1.5	1.18	1.34	1.3	1.34	0.82	0.04	0.0	0.0	0.0	0.02	0.0	0.0	0.02	0.0	0.0	0.0	0.0	0.0	0.0	0.0	0.0	0.0	0.0	0.0	0.0	0.0	0.0	0.0	0.0	0.0	0.0	0.0	0.0	0.0	0.0	0.0	0.0	0.0	0.0	0.0	0.0	0.0	0.0	0.0	0.0	0.0	0.0	0.0	0.0	0.0	0.0	0.0	0.0	0.0	0.0	0.0	
183.62	181.72	180.46	178.34	180.22	180.72	178.84	179.96	179.2	118.7	78.78	74.72	76.16	76.96	76.62	77.3	78.58	76.24	71.9	31.3	27.72	26.86	28.26	27.9	28.38	26.22	28.3	26.44	18.22	7.6	8.36	7.94	7.38	6.88	7.48	7.04	8.16	6.98	2.92	1.02	1.02	1.04	1.18	1.36	1.28	1.46	1.22	0.98	0.08	0.02	0.0	0.02	0.0	0.02	0.0	0.0	0.02	0.0	0.0	0.0	0.0	0.0	0.0	0.0	0.0	0.0	0.0	0.0	0.0	0.0	0.0	0.0	0.0	0.0	0.0	0.0	0.0	0.0	0.0	0.0	0.0	0.0	0.0	0.0	0.0	0.0	0.0	0.0	0.0	0.0	0.0	0.0	0.0	0.0	0.0	0.0	0.0	0.0	0.0	
166.16	166.88	166.0	163.4	160.9	162.14	165.06	165.28	165.5	108.6	71.46	69.92	66.3	71.06	68.22	68.18	70.6	71.16	65.16	26.9	23.78	25.32	25.76	23.86	25.18	24.1	24.56	25.14	16.06	7.44	6.34	6.76	7.46	7.16	7.16	7.28	7.06	6.9	2.08	0.92	1.18	1.12	1.22	0.98	1.08	1.02	1.04	0.98	0.02	0.0	0.0	0.0	0.0	0.0	0.02	0.02	0.0	0.02	0.0	0.0	0.0	0.0	0.0	0.0	0.0	0.0	0.0	0.0	0.0	0.0	0.0	0.0	0.0	0.0	0.0	0.0	0.0	0.0	0.0	0.0	0.0	0.0	0.0	0.0	0.0	0.0	0.0	0.0	0.0	0.0	0.0	0.0	0.0	0.0	0.0	0.0	0.0	0.0	0.0	
153.16	154.66	150.06	150.32	151.06	148.84	149.42	150.54	151.04	100.8	63.56	63.84	63.1	62.9	64.04	63.3	63.62	63.34	61.92	25.22	23.52	23.48	22.12	23.54	21.8	23.7	22.48	23.06	16.28	6.36	6.92	6.74	6.36	6.42	6.02	6.42	6.58	6.6	2.06	0.88	0.76	0.74	0.98	1.12	0.86	1.12	0.82	0.82	0.08	0.0	0.02	0.0	0.0	0.0	0.0	0.0	0.02	0.0	0.0	0.0	0.0	0.0	0.0	0.0	0.0	0.0	0.0	0.0	0.0	0.0	0.0	0.0	0.0	0.0	0.0	0.0	0.0	0.0	0.0	0.0	0.0	0.0	0.0	0.0	0.0	0.0	0.0	0.0	0.0	0.0	0.0	0.0	0.0	0.0	0.0	0.0	0.0	0.0	0.0	
140.12	141.64	137.62	137.76	139.12	136.64	136.72	139.64	137.28	93.88	59.26	57.04	58.62	59.26	58.28	59.28	58.34	57.4	55.88	22.5	20.0	21.42	20.62	19.38	19.84	19.84	20.52	19.62	13.92	5.92	5.52	5.68	5.82	5.6	5.14	6.08	6.24	5.3	1.94	0.74	1.02	1.06	0.78	0.96	0.82	0.9	0.62	0.46	0.04	0.02	0.0	0.02	0.0	0.0	0.0	0.04	0.0	0.0	0.0	0.0	0.0	0.0	0.0	0.0	0.0	0.0	0.0	0.0	0.0	0.0	0.0	0.0	0.0	0.0	0.0	0.0	0.0	0.0	0.0	0.0	0.0	0.0	0.0	0.0	0.0	0.0	0.0	0.0	0.0	0.0	0.0	0.0	0.0	0.0	0.0	0.0	0.0	0.0	0.0	
130.64	128.54	125.66	127.66	126.38	127.34	129.34	126.6	127.36	89.06	53.28	53.6	53.94	54.58	55.94	53.66	53.04	54.4	50.66	20.94	18.68	19.54	17.76	18.24	19.0	18.58	18.24	17.76	12.5	5.54	4.92	5.28	5.4	5.28	5.28	4.88	5.6	5.28	1.62	0.64	0.84	0.68	0.98	0.86	0.74	0.68	0.82	0.44	0.08	0.0	0.0	0.0	0.0	0.0	0.0	0.0	0.0	0.0	0.0	0.0	0.0	0.0	0.0	0.0	0.0	0.0	0.0	0.0	0.0	0.0	0.0	0.0	0.0	0.0	0.0	0.0	0.0	0.0	0.0	0.0	0.0	0.0	0.0	0.0	0.0	0.0	0.0	0.0	0.0	0.0	0.0	0.0	0.0	0.0	0.0	0.0	0.0	0.0	0.0	
121.7	118.12	120.0	117.62	118.5	118.92	121.16	120.74	120.16	79.54	48.8	51.32	48.8	50.32	50.56	49.22	51.02	48.48	45.9	18.42	16.82	16.12	16.34	17.28	17.96	17.48	16.52	17.94	11.76	5.2	5.2	4.84	4.44	5.22	4.94	4.36	4.62	5.18	1.6	0.54	0.76	0.74	0.76	0.64	0.6	0.58	0.46	0.46	0.06	0.0	0.0	0.0	0.06	0.0	0.0	0.0	0.0	0.02	0.0	0.0	0.0	0.0	0.0	0.0	0.0	0.0	0.0	0.0	0.0	0.0	0.0	0.0	0.0	0.0	0.0	0.0	0.0	0.0	0.0	0.0	0.0	0.0	0.0	0.0	0.0	0.0	0.0	0.0	0.0	0.0	0.0	0.0	0.0	0.0	0.0	0.0	0.0	0.0	0.0	
114.62	111.68	112.0	113.56	113.94	112.66	110.82	112.46	113.0	73.68	46.02	46.96	47.08	47.58	46.96	46.54	46.1	45.84	44.86	16.88	16.66	16.4	15.86	16.08	15.28	15.5	16.34	15.32	10.78	4.1	3.88	4.26	4.56	4.08	4.18	4.26	4.7	4.2	1.28	0.58	0.58	0.78	0.46	0.78	0.66	0.48	0.7	0.4	0.1	0.02	0.0	0.0	0.0	0.0	0.0	0.0	0.02	0.02	0.0	0.0	0.0	0.0	0.0	0.0	0.0	0.0	0.0	0.0	0.0	0.0	0.0	0.0	0.0	0.0	0.0	0.0	0.0	0.0	0.0	0.0	0.0	0.0	0.0	0.0	0.0	0.0	0.0	0.0	0.0	0.0	0.0	0.0	0.0	0.0	0.0	0.0	0.0	0.0	0.0	
108.42	106.36	106.54	103.98	105.6	105.18	104.54	102.64	104.92	68.46	44.96	44.4	43.42	42.54	47.66	43.8	44.36	44.44	42.62	15.92	14.82	15.04	15.64	14.0	14.46	14.46	14.88	14.9	10.24	3.7	3.64	4.18	4.18	4.36	3.94	3.56	3.86	4.16	1.14	0.44	0.48	0.64	0.6	0.68	0.56	0.66	0.68	0.3	0.02	0.0	0.0	0.0	0.0	0.0	0.0	0.0	0.0	0.0	0.0	0.0	0.0	0.0	0.0	0.0	0.0	0.0	0.0	0.0	0.0	0.0	0.0	0.0	0.0	0.0	0.0	0.0	0.0	0.0	0.0	0.0	0.0	0.0	0.0	0.0	0.0	0.0	0.0	0.0	0.0	0.0	0.0	0.0	0.0	0.0	0.0	0.0	0.0	0.0	0.0	
101.24	102.26	99.06	99.9	99.76	98.54	101.2	96.68	100.88	64.52	41.68	41.04	41.22	41.2	41.46	41.38	40.28	40.76	39.5	15.54	13.78	13.14	13.66	13.06	13.78	14.08	14.16	13.52	8.9	3.66	3.36	3.58	3.46	3.7	4.0	3.72	3.94	3.6	1.52	0.62	0.32	0.56	0.48	0.64	0.36	0.52	0.44	0.34	0.04	0.0	0.0	0.0	0.0	0.0	0.0	0.0	0.0	0.0	0.0	0.0	0.0	0.0	0.0	0.0	0.0	0.0	0.0	0.0	0.0	0.0	0.0	0.0	0.0	0.0	0.0	0.0	0.0	0.0	0.0	0.0	0.0	0.0	0.0	0.0	0.0	0.0	0.0	0.0	0.0	0.0	0.0	0.0	0.0	0.0	0.0	0.0	0.0	0.0	0.0	
97.26	98.24	95.14	92.28	92.48	94.92	96.6	94.52	93.82	60.66	37.9	38.96	39.38	38.64	40.2	37.96	37.54	39.3	37.92	14.26	13.68	13.36	14.02	12.02	12.68	13.1	12.72	12.52	8.86	3.42	3.32	3.52	3.56	3.34	2.84	3.32	3.42	3.14	1.12	0.32	0.56	0.46	0.48	0.44	0.32	0.46	0.56	0.38	0.02	0.0	0.0	0.02	0.0	0.0	0.0	0.0	0.0	0.0	0.0	0.0	0.0	0.0	0.0	0.0	0.0	0.0	0.0	0.0	0.0	0.0	0.0	0.0	0.0	0.0	0.0	0.0	0.0	0.0	0.0	0.0	0.0	0.0	0.0	0.0	0.0	0.0	0.0	0.0	0.0	0.0	0.0	0.0	0.0	0.0	0.0	0.0	0.0	0.0	0.0	
95.26	88.64	91.52	91.6	91.32	88.96	88.3	91.56	88.38	57.78	37.3	36.5	36.7	36.58	36.7	36.92	35.68	36.94	34.22	13.52	11.92	12.32	12.54	12.02	12.62	11.92	11.28	11.96	7.88	3.8	3.4	2.74	3.22	3.34	2.88	3.28	3.42	3.02	0.98	0.32	0.62	0.36	0.54	0.4	0.38	0.58	0.42	0.26	0.06	0.0	0.0	0.0	0.0	0.02	0.0	0.0	0.0	0.0	0.0	0.0	0.0	0.0	0.0	0.0	0.0	0.0	0.0	0.0	0.0	0.0	0.0	0.0	0.0	0.0	0.0	0.0	0.0	0.0	0.0	0.0	0.0	0.0	0.0	0.0	0.0	0.0	0.0	0.0	0.0	0.0	0.0	0.0	0.0	0.0	0.0	0.0	0.0	0.0	0.0	
88.74	88.46	86.96	84.84	87.72	87.4	88.06	85.88	82.8	57.68	35.86	36.26	35.54	34.02	35.9	36.16	36.12	35.06	32.82	12.44	11.38	10.76	11.14	11.3	11.26	12.24	10.76	11.0	7.4	2.98	3.02	2.72	2.68	3.32	3.28	2.86	3.0	3.12	0.94	0.6	0.38	0.32	0.46	0.56	0.54	0.42	0.42	0.22	0.02	0.0	0.02	0.0	0.0	0.0	0.0	0.02	0.02	0.0	0.0	0.0	0.0	0.0	0.0	0.0	0.0	0.0	0.0	0.0	0.0	0.0	0.0	0.0	0.0	0.0	0.0	0.0	0.0	0.0	0.0	0.0	0.0	0.0	0.0	0.0	0.0	0.0	0.0	0.0	0.0	0.0	0.0	0.0	0.0	0.0	0.0	0.0	0.0	0.0	0.0	
85.42	84.8	84.12	85.66	83.58	81.38	83.86	83.98	83.02	54.7	33.8	34.5	32.86	33.86	34.26	34.5	34.8	34.98	31.78	11.88	10.92	11.14	11.1	11.0	11.28	11.22	10.88	11.4	7.44	3.0	2.8	3.04	3.44	2.76	2.8	2.82	2.92	2.36	0.92	0.34	0.54	0.54	0.36	0.44	0.34	0.34	0.44	0.3	0.0	0.0	0.02	0.02	0.0	0.02	0.0	0.0	0.0	0.0	0.0	0.0	0.0	0.0	0.0	0.0	0.0	0.0	0.0	0.0	0.0	0.0	0.0	0.0	0.0	0.0	0.0	0.0	0.0	0.0	0.0	0.0	0.0	0.0	0.0	0.0	0.0	0.0	0.0	0.0	0.0	0.0	0.0	0.0	0.0	0.0	0.0	0.0	0.0	0.0	0.0	
83.54	81.48	80.78	80.92	80.84	80.78	82.4	80.16	83.14	53.58	33.02	34.28	33.24	33.44	32.26	34.4	32.2	33.88	31.02	10.46	10.42	10.46	10.94	10.68	10.46	10.7	10.56	10.86	6.24	3.48	2.74	2.3	2.94	3.0	3.14	2.8	2.32	2.72	1.22	0.46	0.4	0.54	0.34	0.32	0.32	0.38	0.3	0.18	0.02	0.0	0.02	0.0	0.0	0.02	0.0	0.0	0.0	0.0	0.0	0.0	0.0	0.0	0.0	0.0	0.0	0.0	0.0	0.0	0.0	0.0	0.0	0.0	0.0	0.0	0.0	0.0	0.0	0.0	0.0	0.0	0.0	0.0	0.0	0.0	0.0	0.0	0.0	0.0	0.0	0.0	0.0	0.0	0.0	0.0	0.0	0.0	0.0	0.0	0.0	
78.26	81.36	79.5	78.44	80.92	79.8	79.22	80.36	79.7	53.68	31.4	31.12	31.68	32.18	31.72	32.72	31.56	30.86	30.02	11.34	10.42	9.98	9.66	10.4	9.88	9.52	10.56	9.84	7.02	2.5	2.52	3.04	2.38	2.74	2.6	2.66	2.5	2.56	0.7	0.44	0.32	0.38	0.24	0.28	0.32	0.46	0.36	0.2	0.0	0.0	0.0	0.02	0.0	0.0	0.0	0.0	0.0	0.0	0.0	0.0	0.0	0.0	0.0	0.0	0.0	0.0	0.0	0.0	0.0	0.0	0.0	0.0	0.0	0.0	0.0	0.0	0.0	0.0	0.0	0.0	0.0	0.0	0.0	0.0	0.0	0.0	0.0	0.0	0.0	0.0	0.0	0.0	0.0	0.0	0.0	0.0	0.0	0.0	0.0	
77.96	77.98	77.88	77.06	78.16	76.04	78.04	74.9	78.22	49.52	31.72	29.84	30.92	30.6	31.38	29.9	30.26	31.14	29.06	11.0	9.72	10.02	9.36	10.16	10.12	10.18	9.38	9.34	6.3	2.46	2.64	2.38	2.26	2.62	2.5	2.1	2.34	2.48	0.96	0.36	0.32	0.46	0.16	0.38	0.44	0.28	0.54	0.28	0.04	0.02	0.0	0.0	0.0	0.0	0.0	0.0	0.0	0.0	0.0	0.0	0.0	0.0	0.0	0.0	0.0	0.0	0.0	0.0	0.0	0.0	0.0	0.0	0.0	0.0	0.0	0.0	0.0	0.0	0.0	0.0	0.0	0.0	0.0	0.0	0.0	0.0	0.0	0.0	0.0	0.0	0.0	0.0	0.0	0.0	0.0	0.0	0.0	0.0	0.0	
79.02	77.6	76.96	77.22	75.94	73.94	75.88	75.46	75.62	49.18	32.26	30.14	31.22	30.84	31.6	31.36	28.46	30.72	28.46	10.22	10.08	9.26	10.54	9.86	9.32	10.3	9.34	9.66	5.68	2.62	2.72	2.48	2.16	2.22	2.32	2.52	2.7	2.4	0.78	0.32	0.44	0.3	0.3	0.36	0.4	0.32	0.38	0.26	0.02	0.0	0.02	0.0	0.0	0.0	0.0	0.0	0.0	0.0	0.0	0.0	0.0	0.0	0.0	0.0	0.0	0.0	0.0	0.0	0.0	0.0	0.0	0.0	0.0	0.0	0.0	0.0	0.0	0.0	0.0	0.0	0.0	0.0	0.0	0.0	0.0	0.0	0.0	0.0	0.0	0.0	0.0	0.0	0.0	0.0	0.0	0.0	0.0	0.0	0.0	
75.46	74.1	74.34	74.74	74.86	73.1	72.58	73.88	73.12	48.4	31.32	28.88	30.44	31.5	29.42	29.4	29.64	30.54	27.88	10.6	9.04	10.38	9.56	9.44	9.5	9.1	8.66	9.32	5.56	2.66	2.76	2.38	2.3	2.46	2.64	2.54	2.5	2.38	0.72	0.4	0.3	0.4	0.36	0.22	0.48	0.32	0.3	0.12	0.04	0.0	0.0	0.0	0.02	0.0	0.0	0.0	0.0	0.0	0.0	0.0	0.0	0.0	0.0	0.0	0.0	0.0	0.0	0.0	0.0	0.0	0.0	0.0	0.0	0.0	0.0	0.0	0.0	0.0	0.0	0.0	0.0	0.0	0.0	0.0	0.0	0.0	0.0	0.0	0.0	0.0	0.0	0.0	0.0	0.0	0.0	0.0	0.0	0.0	0.0	
75.3	73.62	72.78	71.4	71.84	69.12	74.38	75.92	72.34	47.34	29.1	29.48	29.0	28.26	28.42	29.62	30.0	30.42	27.8	11.38	8.22	9.0	8.92	9.54	8.88	9.04	9.42	9.64	5.66	2.22	2.64	2.24	2.32	2.42	2.02	2.5	2.3	2.52	0.72	0.24	0.44	0.36	0.36	0.28	0.34	0.22	0.4	0.26	0.02	0.0	0.0	0.0	0.0	0.0	0.0	0.0	0.02	0.0	0.0	0.0	0.0	0.0	0.0	0.0	0.0	0.0	0.0	0.0	0.0	0.0	0.0	0.0	0.0	0.0	0.0	0.0	0.0	0.0	0.0	0.0	0.0	0.0	0.0	0.0	0.0	0.0	0.0	0.0	0.0	0.0	0.0	0.0	0.0	0.0	0.0	0.0	0.0	0.0	0.0	
73.28	72.14	72.2	71.32	68.3	71.22	71.56	72.14	70.46	46.9	29.66	28.26	28.84	29.66	30.66	28.06	29.02	30.2	27.22	10.56	9.14	9.02	8.46	9.04	9.12	8.78	9.08	9.4	5.78	2.08	1.96	2.56	2.22	2.68	2.3	1.76	2.44	2.28	0.48	0.32	0.36	0.28	0.3	0.36	0.34	0.32	0.28	0.28	0.02	0.0	0.02	0.02	0.0	0.0	0.0	0.0	0.02	0.0	0.0	0.0	0.0	0.0	0.0	0.0	0.0	0.0	0.0	0.0	0.0	0.0	0.0	0.0	0.0	0.0	0.0	0.0	0.0	0.0	0.0	0.0	0.0	0.0	0.0	0.0	0.0	0.0	0.0	0.0	0.0	0.0	0.0	0.0	0.0	0.0	0.0	0.0	0.0	0.0	0.0	
71.52	72.16	71.8	69.32	68.24	70.64	69.92	70.28	68.94	45.42	28.38	29.02	27.48	27.98	27.46	28.46	28.92	28.5	25.76	9.88	9.06	8.3	8.58	8.74	8.38	8.64	9.04	8.46	5.78	2.36	2.22	1.98	1.94	1.98	2.28	2.14	2.02	1.7	0.76	0.5	0.26	0.36	0.32	0.24	0.22	0.3	0.26	0.18	0.0	0.0	0.0	0.0	0.02	0.0	0.0	0.0	0.0	0.0	0.0	0.0	0.0	0.0	0.0	0.0	0.0	0.0	0.0	0.0	0.0	0.0	0.0	0.0	0.0	0.0	0.0	0.0	0.0	0.0	0.0	0.0	0.0	0.0	0.0	0.0	0.0	0.0	0.0	0.0	0.0	0.0	0.0	0.0	0.0	0.0	0.0	0.0	0.0	0.0	0.0	
69.94	69.44	70.34	71.24	68.06	68.7	69.78	70.34	68.16	45.16	27.82	27.8	27.12	28.76	28.72	28.1	29.34	27.36	26.24	10.28	8.52	8.98	9.0	7.84	8.78	8.18	7.3	8.82	5.84	1.98	2.04	2.44	2.16	1.74	1.98	2.48	2.26	1.96	0.68	0.18	0.26	0.26	0.24	0.32	0.32	0.3	0.3	0.34	0.06	0.0	0.0	0.0	0.0	0.0	0.0	0.02	0.0	0.0	0.0	0.0	0.0	0.0	0.0	0.0	0.0	0.0	0.0	0.0	0.0	0.0	0.0	0.0	0.0	0.0	0.0	0.0	0.0	0.0	0.0	0.0	0.0	0.0	0.0	0.0	0.0	0.0	0.0	0.0	0.0	0.0	0.0	0.0	0.0	0.0	0.0	0.0	0.0	0.0	0.0	
69.98	69.3	66.66	70.2	71.02	68.08	69.9	68.64	68.9	45.52	27.46	26.3	27.48	27.04	27.28	27.82	26.86	27.6	25.78	9.34	8.56	8.18	8.16	8.24	8.08	8.66	7.88	8.54	5.32	2.08	2.44	2.08	1.96	1.84	2.12	2.32	2.1	2.22	0.68	0.32	0.18	0.44	0.4	0.32	0.3	0.4	0.26	0.18	0.02	0.0	0.0	0.0	0.0	0.0	0.0	0.0	0.0	0.0	0.0	0.0	0.0	0.0	0.0	0.0	0.0	0.0	0.0	0.0	0.0	0.0	0.0	0.0	0.0	0.0	0.0	0.0	0.0	0.0	0.0	0.0	0.0	0.0	0.0	0.0	0.0	0.0	0.0	0.0	0.0	0.0	0.0	0.0	0.0	0.0	0.0	0.0	0.0	0.0	0.0	
70.72	68.56	66.82	67.14	70.82	69.04	67.12	70.08	67.5	41.82	27.46	25.74	27.54	27.28	26.3	27.72	26.92	26.08	24.42	9.2	8.54	8.8	8.48	7.98	8.62	8.36	8.54	8.44	5.66	2.26	1.92	2.08	2.06	1.88	2.32	1.92	1.96	1.86	0.98	0.26	0.3	0.3	0.18	0.32	0.34	0.28	0.28	0.24	0.02	0.02	0.0	0.0	0.0	0.0	0.0	0.0	0.0	0.0	0.0	0.0	0.0	0.0	0.0	0.0	0.0	0.0	0.0	0.0	0.0	0.0	0.0	0.0	0.0	0.0	0.0	0.0	0.0	0.0	0.0	0.0	0.0	0.0	0.0	0.0	0.0	0.0	0.0	0.0	0.0	0.0	0.0	0.0	0.0	0.0	0.0	0.0	0.0	0.0	0.0	
68.06	65.66	66.98	67.28	66.26	66.46	64.4	65.64	66.9	41.7	27.86	27.08	27.12	26.08	26.28	26.1	25.56	27.78	24.7	8.54	8.4	7.92	7.74	7.98	7.66	7.22	7.98	8.06	5.6	1.88	2.36	2.24	1.74	1.92	2.06	2.1	2.02	1.98	0.46	0.26	0.2	0.22	0.3	0.36	0.32	0.28	0.3	0.1	0.02	0.02	0.0	0.0	0.0	0.02	0.02	0.0	0.02	0.0	0.0	0.0	0.0	0.0	0.0	0.0	0.0	0.0	0.0	0.0	0.0	0.0	0.0	0.0	0.0	0.0	0.0	0.0	0.0	0.0	0.0	0.0	0.0	0.0	0.0	0.0	0.0	0.0	0.0	0.0	0.0	0.0	0.0	0.0	0.0	0.0	0.0	0.0	0.0	0.0	0.0	
65.76	66.98	65.78	66.1	62.98	65.58	64.64	63.26	65.8	43.56	25.74	25.42	25.5	26.36	24.54	25.5	25.88	26.34	24.4	9.12	7.68	7.72	7.64	8.66	7.98	7.64	8.22	8.02	5.12	2.12	2.26	1.62	2.1	1.88	2.02	2.0	2.26	1.76	0.56	0.36	0.22	0.32	0.38	0.44	0.26	0.22	0.14	0.14	0.0	0.0	0.0	0.0	0.0	0.0	0.0	0.0	0.02	0.0	0.0	0.0	0.0	0.0	0.0	0.0	0.0	0.0	0.0	0.0	0.0	0.0	0.0	0.0	0.0	0.0	0.0	0.0	0.0	0.0	0.0	0.0	0.0	0.0	0.0	0.0	0.0	0.0	0.0	0.0	0.0	0.0	0.0	0.0	0.0	0.0	0.0	0.0	0.0	0.0	0.0	
64.08	64.84	61.1	62.4	65.42	65.6	61.68	60.52	62.98	41.8	26.44	25.06	25.72	25.8	25.52	25.8	23.08	25.62	23.92	8.74	7.94	7.78	7.64	7.52	6.98	7.66	7.62	7.62	4.8	1.96	1.9	2.14	1.96	2.24	2.16	2.52	1.92	2.1	0.48	0.3	0.4	0.24	0.3	0.26	0.24	0.16	0.28	0.3	0.0	0.0	0.0	0.0	0.0	0.0	0.0	0.0	0.0	0.0	0.0	0.0	0.0	0.0	0.0	0.0	0.0	0.0	0.0	0.0	0.0	0.0	0.0	0.0	0.0	0.0	0.0	0.0	0.0	0.0	0.0	0.0	0.0	0.0	0.0	0.0	0.0	0.0	0.0	0.0	0.0	0.0	0.0	0.0	0.0	0.0	0.0	0.0	0.0	0.0	0.0	
65.26	62.88	61.16	62.46	60.96	61.32	62.46	62.24	62.48	41.24	24.56	24.78	25.58	24.5	25.54	24.26	24.62	25.82	21.9	8.68	7.5	7.96	8.14	6.92	7.24	7.94	7.46	7.08	4.8	1.96	1.92	1.72	2.04	1.62	2.32	1.82	2.0	1.46	0.5	0.22	0.24	0.22	0.24	0.32	0.38	0.3	0.36	0.26	0.0	0.0	0.0	0.0	0.0	0.0	0.0	0.0	0.0	0.0	0.0	0.0	0.0	0.0	0.0	0.0	0.0	0.0	0.0	0.0	0.0	0.0	0.0	0.0	0.0	0.0	0.0	0.0	0.0	0.0	0.0	0.0	0.0	0.0	0.0	0.0	0.0	0.0	0.0	0.0	0.0	0.0	0.0	0.0	0.0	0.0	0.0	0.0	0.0	0.0	0.0	
63.44	60.58	61.64	60.02	62.74	61.72	61.12	58.82	61.34	39.46	23.56	23.4	24.5	24.96	23.92	24.06	24.6	22.72	23.18	8.26	7.18	7.24	7.3	7.46	7.14	6.72	7.18	6.82	4.82	1.82	1.86	2.24	2.38	1.94	2.06	1.8	2.08	1.58	0.6	0.24	0.26	0.32	0.3	0.3	0.24	0.28	0.38	0.22	0.04	0.0	0.0	0.0	0.0	0.0	0.0	0.0	0.0	0.0	0.0	0.0	0.0	0.0	0.0	0.0	0.0	0.0	0.0	0.0	0.0	0.0	0.0	0.0	0.0	0.0	0.0	0.0	0.0	0.0	0.0	0.0	0.0	0.0	0.0	0.0	0.0	0.0	0.0	0.0	0.0	0.0	0.0	0.0	0.0	0.0	0.0	0.0	0.0	0.0	0.0	
60.08	59.54	59.46	61.6	60.46	60.04	61.24	59.74	60.04	40.08	24.04	23.82	23.12	24.96	23.56	23.78	23.7	23.42	21.92	7.64	7.08	7.58	7.3	7.66	7.06	7.1	7.66	6.78	5.08	1.7	2.02	1.78	1.82	1.84	1.92	1.78	1.74	1.82	0.52	0.2	0.28	0.18	0.32	0.28	0.34	0.26	0.24	0.08	0.0	0.0	0.0	0.0	0.0	0.0	0.0	0.0	0.0	0.0	0.0	0.0	0.0	0.0	0.0	0.0	0.0	0.0	0.0	0.0	0.0	0.0	0.0	0.0	0.0	0.0	0.0	0.0	0.0	0.0	0.0	0.0	0.0	0.0	0.0	0.0	0.0	0.0	0.0	0.0	0.0	0.0	0.0	0.0	0.0	0.0	0.0	0.0	0.0	0.0	0.0	
61.26	60.22	60.52	60.58	60.0	57.98	60.04	58.9	58.66	38.78	24.6	23.72	24.8	24.22	23.44	23.68	22.64	22.78	21.18	8.3	7.48	8.22	6.86	6.7	7.74	6.42	7.56	7.32	4.42	2.16	1.8	1.46	1.84	1.84	1.72	2.04	1.94	1.52	0.46	0.32	0.08	0.14	0.2	0.26	0.34	0.18	0.18	0.22	0.02	0.02	0.0	0.0	0.0	0.0	0.0	0.0	0.0	0.0	0.0	0.0	0.0	0.0	0.0	0.0	0.0	0.0	0.0	0.0	0.0	0.0	0.0	0.0	0.0	0.0	0.0	0.0	0.0	0.0	0.0	0.0	0.0	0.0	0.0	0.0	0.0	0.0	0.0	0.0	0.0	0.0	0.0	0.0	0.0	0.0	0.0	0.0	0.0	0.0	0.0	
58.92	59.34	58.32	57.38	59.46	55.88	58.66	57.96	59.06	38.4	23.56	23.02	23.14	22.48	23.54	22.72	22.44	22.52	20.62	8.4	7.3	7.18	7.22	7.38	7.06	7.32	6.88	7.2	4.64	1.94	1.74	1.88	2.02	2.18	1.64	2.12	1.28	1.42	0.44	0.26	0.22	0.32	0.18	0.32	0.24	0.16	0.26	0.28	0.0	0.0	0.0	0.0	0.0	0.0	0.0	0.0	0.0	0.0	0.0	0.0	0.0	0.0	0.0	0.0	0.0	0.0	0.0	0.0	0.0	0.0	0.0	0.0	0.0	0.0	0.0	0.0	0.0	0.0	0.0	0.0	0.0	0.0	0.0	0.0	0.0	0.0	0.0	0.0	0.0	0.0	0.0	0.0	0.0	0.0	0.0	0.0	0.0	0.0	0.0	
59.34	57.26	57.32	57.86	59.04	57.1	58.02	57.94	58.34	37.06	21.98	22.28	23.5	23.28	23.96	22.54	23.32	23.42	21.68	7.98	7.1	6.58	6.76	6.48	6.92	6.78	6.7	6.94	4.6	1.9	1.64	1.44	1.5	1.82	1.74	1.76	1.76	1.62	0.56	0.22	0.36	0.24	0.22	0.24	0.3	0.2	0.28	0.14	0.04	0.0	0.0	0.0	0.02	0.0	0.0	0.0	0.0	0.0	0.0	0.0	0.0	0.0	0.0	0.0	0.0	0.0	0.0	0.0	0.0	0.0	0.0	0.0	0.0	0.0	0.0	0.0	0.0	0.0	0.0	0.0	0.0	0.0	0.0	0.0	0.0	0.0	0.0	0.0	0.0	0.0	0.0	0.0	0.0	0.0	0.0	0.0	0.0	0.0	0.0	
59.6	57.34	56.52	55.36	57.0	56.48	57.8	56.46	56.48	37.62	22.64	23.36	22.68	22.5	22.48	22.54	21.18	23.22	20.84	8.24	6.86	7.18	6.78	6.56	7.02	7.18	7.28	6.66	4.56	1.38	1.66	1.6	1.4	1.68	1.72	1.76	1.66	1.86	0.56	0.28	0.16	0.22	0.22	0.22	0.22	0.22	0.26	0.12	0.0	0.0	0.0	0.02	0.0	0.0	0.0	0.0	0.0	0.0	0.0	0.0	0.0	0.0	0.0	0.0	0.0	0.0	0.0	0.0	0.0	0.0	0.0	0.0	0.0	0.0	0.0	0.0	0.0	0.0	0.0	0.0	0.0	0.0	0.0	0.0	0.0	0.0	0.0	0.0	0.0	0.0	0.0	0.0	0.0	0.0	0.0	0.0	0.0	0.0	0.0	
55.64	56.28	56.48	57.36	54.06	56.44	56.56	58.14	56.68	37.7	22.3	21.76	22.98	22.34	21.68	20.8	21.88	21.74	20.92	8.1	6.56	6.6	6.52	7.24	6.64	6.9	7.18	6.88	4.42	1.84	1.98	1.84	1.96	2.24	1.44	1.9	1.94	1.64	0.54	0.26	0.24	0.2	0.32	0.28	0.2	0.24	0.16	0.16	0.06	0.0	0.0	0.0	0.0	0.0	0.0	0.0	0.0	0.0	0.0	0.0	0.0	0.0	0.0	0.0	0.0	0.0	0.0	0.0	0.0	0.0	0.0	0.0	0.0	0.0	0.0	0.0	0.0	0.0	0.0	0.0	0.0	0.0	0.0	0.0	0.0	0.0	0.0	0.0	0.0	0.0	0.0	0.0	0.0	0.0	0.0	0.0	0.0	0.0	0.0	
55.18	53.46	56.74	54.44	57.9	56.12	57.44	55.66	55.4	35.54	21.34	22.9	22.98	22.62	21.16	20.76	22.92	21.88	19.44	7.78	7.18	7.08	6.4	6.52	6.86	6.3	5.9	6.72	4.5	1.78	1.8	1.86	1.5	1.52	1.6	2.16	1.58	1.3	0.46	0.16	0.32	0.16	0.22	0.26	0.28	0.28	0.22	0.16	0.02	0.0	0.0	0.0	0.0	0.0	0.0	0.0	0.0	0.0	0.0	0.0	0.0	0.0	0.0	0.0	0.0	0.0	0.0	0.0	0.0	0.0	0.0	0.0	0.0	0.0	0.0	0.0	0.0	0.0	0.0	0.0	0.0	0.0	0.0	0.0	0.0	0.0	0.0	0.0	0.0	0.0	0.0	0.0	0.0	0.0	0.0	0.0	0.0	0.0	0.0	
58.06	55.78	53.54	54.98	54.46	55.34	54.24	56.24	55.16	35.6	21.84	21.1	20.7	23.3	21.56	22.06	22.86	22.22	21.16	7.96	6.38	6.6	6.58	6.64	7.44	6.4	6.28	6.5	4.5	1.68	1.44	1.7	1.38	1.7	1.52	1.52	1.88	1.52	0.52	0.32	0.2	0.28	0.28	0.32	0.12	0.26	0.26	0.18	0.06	0.0	0.0	0.0	0.0	0.0	0.0	0.04	0.0	0.0	0.0	0.0	0.0	0.0	0.0	0.0	0.0	0.0	0.0	0.0	0.0	0.0	0.0	0.0	0.0	0.0	0.0	0.0	0.0	0.0	0.0	0.0	0.0	0.0	0.0	0.0	0.0	0.0	0.0	0.0	0.0	0.0	0.0	0.0	0.0	0.0	0.0	0.0	0.0	0.0	0.0	
56.94	56.58	54.4	54.38	54.08	53.78	53.92	52.68	53.16	35.02	21.0	21.32	22.06	22.38	21.7	21.96	21.32	21.52	20.3	7.72	7.06	6.5	6.56	5.8	6.54	6.58	6.82	6.72	4.42	1.4	1.8	1.9	1.56	1.48	1.88	1.4	1.48	1.38	0.6	0.12	0.16	0.34	0.36	0.18	0.3	0.24	0.2	0.08	0.0	0.0	0.0	0.0	0.0	0.0	0.0	0.0	0.02	0.0	0.0	0.0	0.0	0.0	0.0	0.0	0.0	0.0	0.0	0.0	0.0	0.0	0.0	0.0	0.0	0.0	0.0	0.0	0.0	0.0	0.0	0.0	0.0	0.0	0.0	0.0	0.0	0.0	0.0	0.0	0.0	0.0	0.0	0.0	0.0	0.0	0.0	0.0	0.0	0.0	0.0	
54.54	55.18	55.28	53.72	52.72	51.92	53.78	53.84	51.68	34.46	21.1	21.64	21.04	20.38	21.18	22.54	22.14	21.06	20.42	7.14	5.54	6.48	6.54	6.18	6.28	5.98	6.22	6.38	4.16	1.68	1.68	1.56	1.68	2.04	1.86	1.32	1.3	1.36	0.46	0.28	0.1	0.22	0.32	0.24	0.16	0.24	0.26	0.16	0.0	0.0	0.0	0.0	0.0	0.0	0.0	0.0	0.0	0.0	0.0	0.0	0.0	0.0	0.0	0.0	0.0	0.0	0.0	0.0	0.0	0.0	0.0	0.0	0.0	0.0	0.0	0.0	0.0	0.0	0.0	0.0	0.0	0.0	0.0	0.0	0.0	0.0	0.0	0.0	0.0	0.0	0.0	0.0	0.0	0.0	0.0	0.0	0.0	0.0	0.0	
53.1	52.66	53.7	51.52	51.92	52.08	53.84	52.3	53.7	35.58	20.72	20.82	21.46	21.12	20.96	20.98	21.06	20.64	21.0	7.2	6.04	6.7	6.3	6.16	6.98	6.44	6.58	6.24	4.12	1.32	1.46	1.68	1.62	1.68	1.78	1.36	1.26	1.26	0.52	0.2	0.22	0.18	0.36	0.28	0.18	0.26	0.22	0.14	0.02	0.0	0.0	0.0	0.0	0.0	0.0	0.0	0.0	0.0	0.0	0.0	0.0	0.0	0.0	0.0	0.0	0.0	0.0	0.0	0.0	0.0	0.0	0.0	0.0	0.0	0.0	0.0	0.0	0.0	0.0	0.0	0.0	0.0	0.0	0.0	0.0	0.0	0.0	0.0	0.0	0.0	0.0	0.0	0.0	0.0	0.0	0.0	0.0	0.0	0.0	
54.64	53.7	52.0	51.66	51.92	51.06	53.82	53.78	52.52	35.0	21.54	21.0	20.26	20.56	22.12	20.28	19.82	19.52	18.44	7.28	5.7	6.38	6.24	6.48	6.54	6.48	6.16	6.08	4.04	1.36	1.92	1.38	1.74	1.36	1.7	1.54	1.5	1.58	0.4	0.18	0.22	0.24	0.24	0.04	0.2	0.22	0.2	0.22	0.0	0.0	0.02	0.0	0.0	0.0	0.02	0.0	0.0	0.0	0.0	0.0	0.0	0.0	0.0	0.0	0.0	0.0	0.0	0.0	0.0	0.0	0.0	0.0	0.0	0.0	0.0	0.0	0.0	0.0	0.0	0.0	0.0	0.0	0.0	0.0	0.0	0.0	0.0	0.0	0.0	0.0	0.0	0.0	0.0	0.0	0.0	0.0	0.0	0.0	0.0	
50.62	54.0	52.82	51.6	51.1	53.24	52.68	49.92	50.58	33.34	21.12	21.54	20.16	20.06	21.2	20.24	20.28	21.1	19.8	5.96	5.8	5.48	5.9	5.38	6.88	5.82	5.38	6.02	4.32	1.72	1.7	1.84	1.28	1.66	1.8	1.32	1.56	1.44	0.5	0.16	0.22	0.32	0.26	0.3	0.22	0.24	0.06	0.16	0.0	0.0	0.0	0.02	0.0	0.0	0.02	0.0	0.0	0.0	0.0	0.0	0.0	0.0	0.0	0.0	0.0	0.0	0.0	0.0	0.0	0.0	0.0	0.0	0.0	0.0	0.0	0.0	0.0	0.0	0.0	0.0	0.0	0.0	0.0	0.0	0.0	0.0	0.0	0.0	0.0	0.0	0.0	0.0	0.0	0.0	0.0	0.0	0.0	0.0	0.0	
53.14	51.04	50.28	52.04	52.6	51.66	51.32	51.16	48.52	33.88	20.8	20.0	21.12	20.44	21.1	20.68	20.68	20.14	18.44	6.4	5.66	6.34	6.72	6.82	5.98	6.68	7.0	6.34	4.06	1.58	1.64	1.42	1.42	1.44	1.44	1.4	1.52	1.28	0.66	0.22	0.22	0.12	0.26	0.2	0.18	0.12	0.32	0.22	0.0	0.0	0.0	0.0	0.02	0.0	0.0	0.0	0.0	0.0	0.0	0.0	0.0	0.0	0.0	0.0	0.0	0.0	0.0	0.0	0.0	0.0	0.0	0.0	0.0	0.0	0.0	0.0	0.0	0.0	0.0	0.0	0.0	0.0	0.0	0.0	0.0	0.0	0.0	0.0	0.0	0.0	0.0	0.0	0.0	0.0	0.0	0.0	0.0	0.0	0.0	
51.7	50.2	51.0	52.16	51.54	52.08	50.36	49.02	49.68	33.5	19.28	21.24	20.56	20.04	19.78	20.74	20.44	20.96	19.38	6.62	5.94	5.76	5.9	6.94	6.0	6.24	5.62	6.32	4.46	1.58	1.86	1.72	1.96	1.44	1.52	1.4	1.1	1.4	0.52	0.16	0.12	0.2	0.2	0.2	0.26	0.24	0.16	0.22	0.0	0.0	0.02	0.0	0.0	0.0	0.0	0.0	0.0	0.0	0.0	0.0	0.0	0.0	0.0	0.0	0.0	0.0	0.0	0.0	0.0	0.0	0.0	0.0	0.0	0.0	0.0	0.0	0.0	0.0	0.0	0.0	0.0	0.0	0.0	0.0	0.0	0.0	0.0	0.0	0.0	0.0	0.0	0.0	0.0	0.0	0.0	0.0	0.0	0.0	0.0	
50.7	50.14	50.74	49.1	49.08	49.3	49.14	50.68	49.92	33.0	20.22	19.36	19.32	20.28	18.64	20.02	19.8	18.98	18.66	7.16	5.94	6.22	5.4	5.4	5.7	6.08	5.04	5.22	3.86	1.54	1.52	1.68	1.36	1.42	1.22	1.52	1.52	1.34	0.42	0.18	0.2	0.24	0.24	0.22	0.24	0.3	0.12	0.24	0.02	0.0	0.0	0.0	0.0	0.0	0.0	0.0	0.0	0.0	0.0	0.0	0.0	0.0	0.0	0.0	0.0	0.0	0.0	0.0	0.0	0.0	0.0	0.0	0.0	0.0	0.0	0.0	0.0	0.0	0.0	0.0	0.0	0.0	0.0	0.0	0.0	0.0	0.0	0.0	0.0	0.0	0.0	0.0	0.0	0.0	0.0	0.0	0.0	0.0	0.0	
51.38	50.84	48.46	50.58	49.06	49.5	50.78	49.02	51.0	30.88	19.86	19.28	19.9	19.82	19.88	19.74	18.8	18.66	17.2	6.74	6.24	6.28	5.62	6.2	6.1	5.98	5.74	5.14	3.76	1.24	1.82	1.26	1.44	1.64	1.18	1.46	1.28	1.5	0.52	0.2	0.32	0.2	0.3	0.22	0.2	0.18	0.14	0.14	0.02	0.0	0.0	0.0	0.0	0.0	0.0	0.0	0.0	0.0	0.0	0.0	0.0	0.0	0.0	0.0	0.0	0.0	0.0	0.0	0.0	0.0	0.0	0.0	0.0	0.0	0.0	0.0	0.0	0.0	0.0	0.0	0.0	0.0	0.0	0.0	0.0	0.0	0.0	0.0	0.0	0.0	0.0	0.0	0.0	0.0	0.0	0.0	0.0	0.0	0.0	
49.66	50.1	50.0	48.46	51.06	49.42	47.64	45.8	49.14	32.26	20.22	19.68	19.24	19.76	19.7	19.26	18.6	19.1	17.88	6.32	5.92	5.7	5.58	5.64	5.68	5.52	5.84	5.98	3.44	1.12	1.44	1.52	1.38	1.26	1.36	1.42	1.76	1.4	0.5	0.26	0.34	0.16	0.28	0.14	0.22	0.22	0.1	0.16	0.0	0.0	0.0	0.0	0.0	0.0	0.0	0.0	0.0	0.0	0.0	0.0	0.0	0.0	0.0	0.0	0.0	0.0	0.0	0.0	0.0	0.0	0.0	0.0	0.0	0.0	0.0	0.0	0.0	0.0	0.0	0.0	0.0	0.0	0.0	0.0	0.0	0.0	0.0	0.0	0.0	0.0	0.0	0.0	0.0	0.0	0.0	0.0	0.0	0.0	0.0	
47.6	48.06	50.0	48.18	47.92	49.24	48.52	48.76	48.28	32.52	18.9	19.58	18.52	20.26	19.6	18.42	20.66	19.4	17.42	6.42	5.8	6.28	5.76	5.26	5.78	5.88	5.34	5.38	3.46	1.44	1.56	1.3	1.64	1.56	1.36	1.3	1.48	1.56	0.56	0.12	0.18	0.14	0.18	0.24	0.14	0.2	0.12	0.12	0.02	0.0	0.0	0.0	0.0	0.0	0.0	0.0	0.0	0.0	0.0	0.0	0.0	0.0	0.0	0.0	0.0	0.0	0.0	0.0	0.0	0.0	0.0	0.0	0.0	0.0	0.0	0.0	0.0	0.0	0.0	0.0	0.0	0.0	0.0	0.0	0.0	0.0	0.0	0.0	0.0	0.0	0.0	0.0	0.0	0.0	0.0	0.0	0.0	0.0	0.0	
49.6	47.7	47.22	46.92	48.24	49.88	48.54	46.62	48.46	31.16	19.12	18.36	19.6	19.72	19.06	18.58	19.66	19.08	18.04	6.74	6.2	5.96	6.08	5.26	5.64	5.42	5.46	5.94	3.76	1.68	1.6	1.2	1.1	1.68	1.28	1.46	1.48	1.36	0.46	0.2	0.32	0.22	0.24	0.2	0.22	0.08	0.14	0.04	0.02	0.0	0.02	0.0	0.02	0.0	0.0	0.0	0.0	0.0	0.0	0.0	0.0	0.0	0.0	0.0	0.0	0.0	0.0	0.0	0.0	0.0	0.0	0.0	0.0	0.0	0.0	0.0	0.0	0.0	0.0	0.0	0.0	0.0	0.0	0.0	0.0	0.0	0.0	0.0	0.0	0.0	0.0	0.0	0.0	0.0	0.0	0.0	0.0	0.0	0.0	
48.96	48.2	48.0	47.74	47.12	48.26	45.36	47.24	47.96	32.0	18.72	18.8	18.16	19.18	20.46	18.52	19.56	17.88	18.34	6.34	5.36	6.32	5.8	4.98	5.74	5.78	5.04	5.42	4.06	1.32	1.2	1.28	1.08	1.64	1.58	1.36	1.48	1.68	0.4	0.18	0.12	0.14	0.18	0.1	0.18	0.22	0.12	0.18	0.0	0.0	0.0	0.0	0.0	0.0	0.02	0.0	0.0	0.0	0.0	0.0	0.0	0.0	0.0	0.0	0.0	0.0	0.0	0.0	0.0	0.0	0.0	0.0	0.0	0.0	0.0	0.0	0.0	0.0	0.0	0.0	0.0	0.0	0.0	0.0	0.0	0.0	0.0	0.0	0.0	0.0	0.0	0.0	0.0	0.0	0.0	0.0	0.0	0.0	0.0	
48.96	47.76	46.9	46.8	47.3	46.94	48.46	45.76	46.08	32.44	17.58	20.14	18.74	19.0	19.4	19.52	17.62	18.38	17.14	6.52	5.48	5.2	5.22	5.82	5.66	5.54	5.34	5.04	3.58	1.48	1.36	1.4	1.48	1.42	1.2	1.42	1.5	1.0	0.32	0.16	0.26	0.28	0.16	0.16	0.18	0.18	0.24	0.08	0.02	0.0	0.0	0.0	0.0	0.0	0.0	0.0	0.0	0.0	0.0	0.0	0.0	0.0	0.0	0.0	0.0	0.0	0.0	0.0	0.0	0.0	0.0	0.0	0.0	0.0	0.0	0.0	0.0	0.0	0.0	0.0	0.0	0.0	0.0	0.0	0.0	0.0	0.0	0.0	0.0	0.0	0.0	0.0	0.0	0.0	0.0	0.0	0.0	0.0	0.0	
47.68	48.62	48.54	47.9	45.9	45.38	45.84	47.5	46.52	30.5	19.48	19.16	17.58	18.28	18.56	18.7	18.7	19.16	17.84	6.8	5.4	5.52	6.44	4.9	5.56	5.6	5.66	5.28	4.08	1.34	1.32	1.34	1.4	1.36	1.28	1.6	1.28	1.14	0.42	0.28	0.18	0.16	0.26	0.18	0.2	0.18	0.1	0.16	0.0	0.0	0.0	0.0	0.0	0.0	0.0	0.0	0.0	0.0	0.0	0.0	0.0	0.0	0.0	0.0	0.0	0.0	0.0	0.0	0.0	0.0	0.0	0.0	0.0	0.0	0.0	0.0	0.0	0.0	0.0	0.0	0.0	0.0	0.0	0.0	0.0	0.0	0.0	0.0	0.0	0.0	0.0	0.0	0.0	0.0	0.0	0.0	0.0	0.0	0.0	
47.6	48.0	46.64	47.48	44.6	46.58	47.18	46.08	45.88	30.18	18.6	18.66	19.08	18.26	17.08	17.66	17.98	19.1	16.6	6.36	4.96	5.32	5.28	5.82	5.58	5.5	5.58	5.64	3.8	1.12	1.26	1.22	1.36	1.16	1.46	1.1	1.16	1.14	0.38	0.1	0.24	0.14	0.2	0.28	0.3	0.2	0.16	0.22	0.02	0.0	0.0	0.0	0.0	0.0	0.0	0.0	0.0	0.0	0.0	0.0	0.0	0.0	0.0	0.0	0.0	0.0	0.0	0.0	0.0	0.0	0.0	0.0	0.0	0.0	0.0	0.0	0.0	0.0	0.0	0.0	0.0	0.0	0.0	0.0	0.0	0.0	0.0	0.0	0.0	0.0	0.0	0.0	0.0	0.0	0.0	0.0	0.0	0.0	0.0	
45.76	46.66	46.58	45.12	46.12	45.1	47.28	45.04	46.14	31.5	19.38	18.26	18.12	17.74	19.56	17.78	16.7	18.36	17.06	6.26	5.68	5.16	5.22	4.9	6.18	6.28	5.2	4.62	3.66	1.26	1.58	1.22	1.44	1.36	1.4	1.28	1.26	1.16	0.44	0.14	0.14	0.12	0.18	0.2	0.1	0.26	0.16	0.14	0.0	0.0	0.0	0.0	0.0	0.0	0.0	0.0	0.0	0.0	0.0	0.0	0.0	0.0	0.0	0.0	0.0	0.0	0.0	0.0	0.0	0.0	0.0	0.0	0.0	0.0	0.0	0.0	0.0	0.0	0.0	0.0	0.0	0.0	0.0	0.0	0.0	0.0	0.0	0.0	0.0	0.0	0.0	0.0	0.0	0.0	0.0	0.0	0.0	0.0	0.0	
47.74	48.68	45.94	45.28	45.66	44.7	46.42	47.72	44.94	29.62	17.64	17.3	17.9	17.48	17.62	18.0	19.26	17.48	17.02	6.28	5.44	5.46	5.24	5.68	5.64	5.48	5.3	5.12	3.48	1.38	1.6	1.26	1.28	1.02	1.34	1.44	1.38	1.24	0.56	0.2	0.1	0.2	0.24	0.22	0.36	0.2	0.16	0.1	0.0	0.0	0.0	0.0	0.0	0.0	0.0	0.0	0.0	0.0	0.0	0.0	0.0	0.0	0.0	0.0	0.0	0.0	0.0	0.0	0.0	0.0	0.0	0.0	0.0	0.0	0.0	0.0	0.0	0.0	0.0	0.0	0.0	0.0	0.0	0.0	0.0	0.0	0.0	0.0	0.0	0.0	0.0	0.0	0.0	0.0	0.0	0.0	0.0	0.0	0.0	
44.96	44.32	44.72	46.24	45.94	46.4	45.26	44.06	45.46	29.04	19.26	17.46	17.16	18.48	18.0	18.08	17.6	17.54	16.74	5.76	5.26	5.12	4.58	5.38	5.44	5.42	4.82	5.2	3.56	1.24	1.06	1.56	1.26	1.18	1.48	1.4	1.48	1.16	0.42	0.1	0.18	0.1	0.1	0.26	0.16	0.26	0.12	0.24	0.02	0.0	0.0	0.0	0.0	0.0	0.0	0.0	0.0	0.0	0.0	0.0	0.0	0.0	0.0	0.0	0.0	0.0	0.0	0.0	0.0	0.0	0.0	0.0	0.0	0.0	0.0	0.0	0.0	0.0	0.0	0.0	0.0	0.0	0.0	0.0	0.0	0.0	0.0	0.0	0.0	0.0	0.0	0.0	0.0	0.0	0.0	0.0	0.0	0.0	0.0	
44.7	45.66	46.12	44.86	45.42	44.04	45.26	45.22	43.2	30.02	18.06	17.64	17.94	18.04	16.84	17.56	17.92	17.26	15.92	5.7	4.74	5.36	5.62	5.86	5.84	5.1	5.24	5.22	3.22	1.06	1.16	1.32	1.2	1.5	1.44	1.28	1.42	1.24	0.22	0.26	0.16	0.22	0.22	0.14	0.16	0.16	0.16	0.16	0.04	0.0	0.02	0.0	0.02	0.0	0.0	0.0	0.0	0.0	0.0	0.0	0.0	0.0	0.0	0.0	0.0	0.0	0.0	0.0	0.0	0.0	0.0	0.0	0.0	0.0	0.0	0.0	0.0	0.0	0.0	0.0	0.0	0.0	0.0	0.0	0.0	0.0	0.0	0.0	0.0	0.0	0.0	0.0	0.0	0.0	0.0	0.0	0.0	0.0	0.0	
44.52	45.7	43.02	43.46	44.12	45.52	46.1	44.2	45.46	28.92	16.92	17.58	18.68	17.92	17.92	17.56	17.9	16.62	16.56	5.64	5.32	5.36	4.9	5.16	5.38	5.42	5.64	5.3	3.14	1.24	1.32	1.46	0.96	1.42	1.2	1.46	0.88	0.78	0.44	0.22	0.3	0.16	0.08	0.16	0.18	0.16	0.2	0.1	0.06	0.02	0.0	0.0	0.0	0.0	0.0	0.0	0.0	0.0	0.0	0.0	0.0	0.0	0.0	0.0	0.0	0.0	0.0	0.0	0.0	0.0	0.0	0.0	0.0	0.0	0.0	0.0	0.0	0.0	0.0	0.0	0.0	0.0	0.0	0.0	0.0	0.0	0.0	0.0	0.0	0.0	0.0	0.0	0.0	0.0	0.0	0.0	0.0	0.0	0.0	
45.46	44.5	43.88	43.98	44.98	43.76	45.88	44.46	44.28	28.38	17.54	17.86	18.24	17.72	17.62	17.64	17.56	17.26	15.98	6.26	5.02	5.48	5.36	4.94	5.34	5.06	5.12	5.62	3.52	1.22	1.28	1.3	1.24	1.16	1.4	1.28	1.24	1.42	0.34	0.32	0.12	0.14	0.1	0.26	0.26	0.24	0.24	0.2	0.0	0.0	0.0	0.0	0.0	0.0	0.0	0.0	0.0	0.0	0.0	0.0	0.0	0.0	0.0	0.0	0.0	0.0	0.0	0.0	0.0	0.0	0.0	0.0	0.0	0.0	0.0	0.0	0.0	0.0	0.0	0.0	0.0	0.0	0.0	0.0	0.0	0.0	0.0	0.0	0.0	0.0	0.0	0.0	0.0	0.0	0.0	0.0	0.0	0.0	0.0	
44.68	45.8	43.94	43.8	43.94	44.14	44.44	43.24	44.28	29.7	17.18	18.56	16.66	17.16	15.94	16.8	17.98	18.08	16.14	6.16	5.22	5.64	4.54	4.92	5.12	4.94	5.7	4.56	3.3	0.92	1.54	1.38	1.18	0.96	1.0	1.14	1.48	1.24	0.46	0.18	0.14	0.28	0.14	0.18	0.18	0.32	0.2	0.2	0.0	0.0	0.0	0.0	0.02	0.0	0.02	0.0	0.0	0.0	0.0	0.0	0.0	0.0	0.0	0.0	0.0	0.0	0.0	0.0	0.0	0.0	0.0	0.0	0.0	0.0	0.0	0.0	0.0	0.0	0.0	0.0	0.0	0.0	0.0	0.0	0.0	0.0	0.0	0.0	0.0	0.0	0.0	0.0	0.0	0.0	0.0	0.0	0.0	0.0	0.0	
43.26	43.22	44.3	42.12	43.3	42.92	42.4	44.84	41.86	28.58	17.5	17.18	17.58	16.36	17.32	17.28	17.74	16.98	15.28	5.34	5.2	5.18	4.66	4.5	5.24	5.3	4.62	4.82	3.54	0.86	1.28	0.94	1.38	1.26	1.44	1.18	1.04	1.18	0.22	0.2	0.2	0.12	0.14	0.18	0.2	0.14	0.2	0.1	0.0	0.0	0.0	0.0	0.0	0.0	0.0	0.0	0.0	0.0	0.0	0.0	0.0	0.0	0.0	0.0	0.0	0.0	0.0	0.0	0.0	0.0	0.0	0.0	0.0	0.0	0.0	0.0	0.0	0.0	0.0	0.0	0.0	0.0	0.0	0.0	0.0	0.0	0.0	0.0	0.0	0.0	0.0	0.0	0.0	0.0	0.0	0.0	0.0	0.0	0.0	
43.5	42.0	43.72	44.54	43.4	42.56	43.92	41.18	41.9	27.36	17.28	16.82	16.84	15.78	16.78	16.16	17.32	17.44	14.68	5.2	5.42	4.94	5.22	4.8	5.14	5.88	5.2	4.96	2.82	1.1	1.24	1.22	1.04	1.26	1.22	1.62	1.28	1.18	0.5	0.08	0.18	0.2	0.26	0.18	0.2	0.18	0.22	0.14	0.02	0.0	0.0	0.0	0.0	0.0	0.0	0.02	0.0	0.0	0.0	0.0	0.0	0.0	0.0	0.0	0.0	0.0	0.0	0.0	0.0	0.0	0.0	0.0	0.0	0.0	0.0	0.0	0.0	0.0	0.0	0.0	0.0	0.0	0.0	0.0	0.0	0.0	0.0	0.0	0.0	0.0	0.0	0.0	0.0	0.0	0.0	0.0	0.0	0.0	0.0	
43.76	43.88	44.36	41.22	42.26	42.56	42.08	41.62	44.18	28.72	18.18	17.22	16.98	16.82	16.68	16.18	18.08	16.02	15.5	6.02	4.72	4.82	5.2	4.92	4.94	5.02	5.34	5.3	2.94	1.38	1.12	1.16	1.08	1.46	1.46	1.02	1.3	1.3	0.3	0.16	0.2	0.16	0.1	0.12	0.12	0.18	0.12	0.22	0.0	0.0	0.0	0.0	0.0	0.0	0.0	0.0	0.0	0.0	0.0	0.0	0.0	0.0	0.0	0.0	0.0	0.0	0.0	0.0	0.0	0.0	0.0	0.0	0.0	0.0	0.0	0.0	0.0	0.0	0.0	0.0	0.0	0.0	0.0	0.0	0.0	0.0	0.0	0.0	0.0	0.0	0.0	0.0	0.0	0.0	0.0	0.0	0.0	0.0	0.0	
41.88	43.28	40.7	42.86	44.0	42.08	43.06	41.14	43.24	27.64	16.92	16.74	16.52	16.88	17.22	16.94	15.62	17.24	14.7	5.56	5.0	5.22	4.76	5.32	4.66	4.96	4.38	5.08	3.54	1.12	1.2	1.22	1.32	1.36	1.14	1.3	1.2	1.16	0.42	0.18	0.14	0.18	0.18	0.14	0.32	0.16	0.16	0.16	0.0	0.0	0.0	0.0	0.0	0.0	0.0	0.0	0.0	0.0	0.0	0.0	0.0	0.0	0.0	0.0	0.0	0.0	0.0	0.0	0.0	0.0	0.0	0.0	0.0	0.0	0.0	0.0	0.0	0.0	0.0	0.0	0.0	0.0	0.0	0.0	0.0	0.0	0.0	0.0	0.0	0.0	0.0	0.0	0.0	0.0	0.0	0.0	0.0	0.0	0.0	
41.78	43.32	43.78	40.92	41.62	41.62	43.4	41.34	41.64	27.16	16.8	17.02	16.84	16.44	16.6	16.72	15.92	16.54	15.36	5.8	4.52	4.8	5.44	5.08	4.9	4.66	4.82	4.84	3.14	1.34	1.16	0.96	1.14	1.12	1.08	1.32	1.34	0.92	0.34	0.22	0.1	0.14	0.18	0.22	0.32	0.18	0.3	0.1	0.04	0.0	0.0	0.0	0.0	0.0	0.0	0.0	0.0	0.0	0.0	0.0	0.0	0.0	0.0	0.0	0.0	0.0	0.0	0.0	0.0	0.0	0.0	0.0	0.0	0.0	0.0	0.0	0.0	0.0	0.0	0.0	0.0	0.0	0.0	0.0	0.0	0.0	0.0	0.0	0.0	0.0	0.0	0.0	0.0	0.0	0.0	0.0	0.0	0.0	0.0	
42.68	41.8	40.14	42.82	40.4	42.22	40.06	40.38	41.48	27.92	16.42	17.14	16.3	17.44	15.38	16.46	15.56	17.16	15.52	5.5	4.94	4.88	5.46	5.06	4.58	4.92	4.84	4.6	3.28	1.18	1.16	1.4	1.38	1.18	1.42	1.1	1.48	1.22	0.56	0.2	0.12	0.08	0.06	0.1	0.24	0.18	0.18	0.18	0.0	0.0	0.0	0.0	0.0	0.0	0.0	0.02	0.0	0.0	0.0	0.0	0.0	0.0	0.0	0.0	0.0	0.0	0.0	0.0	0.0	0.0	0.0	0.0	0.0	0.0	0.0	0.0	0.0	0.0	0.0	0.0	0.0	0.0	0.0	0.0	0.0	0.0	0.0	0.0	0.0	0.0	0.0	0.0	0.0	0.0	0.0	0.0	0.0	0.0	0.0	
42.78	42.86	39.5	39.76	42.7	43.86	40.2	42.82	40.48	25.92	16.66	15.8	16.34	16.2	16.42	16.5	16.98	16.46	16.06	6.42	5.1	4.52	4.72	5.24	4.6	5.04	4.78	4.78	3.4	1.04	1.28	1.04	1.06	1.04	1.22	1.44	0.98	1.08	0.34	0.22	0.22	0.12	0.2	0.18	0.12	0.2	0.16	0.1	0.04	0.0	0.0	0.0	0.0	0.0	0.0	0.0	0.0	0.0	0.0	0.0	0.0	0.0	0.0	0.0	0.0	0.0	0.0	0.0	0.0	0.0	0.0	0.0	0.0	0.0	0.0	0.0	0.0	0.0	0.0	0.0	0.0	0.0	0.0	0.0	0.0	0.0	0.0	0.0	0.0	0.0	0.0	0.0	0.0	0.0	0.0	0.0	0.0	0.0	0.0	
42.2	42.22	41.2	42.3	42.42	39.54	41.72	40.14	40.4	25.62	16.4	18.04	16.2	16.52	16.22	16.34	15.58	15.58	15.46	5.2	4.7	4.7	4.62	4.88	5.0	4.6	4.66	4.8	3.2	1.22	1.08	0.84	1.08	1.14	1.2	1.04	1.14	1.1	0.38	0.18	0.3	0.2	0.1	0.16	0.12	0.18	0.04	0.12	0.0	0.0	0.0	0.0	0.0	0.0	0.0	0.0	0.0	0.0	0.0	0.0	0.0	0.0	0.0	0.0	0.0	0.0	0.0	0.0	0.0	0.0	0.0	0.0	0.0	0.0	0.0	0.0	0.0	0.0	0.0	0.0	0.0	0.0	0.0	0.0	0.0	0.0	0.0	0.0	0.0	0.0	0.0	0.0	0.0	0.0	0.0	0.0	0.0	0.0	0.0	
41.42	41.14	41.06	41.76	40.88	40.22	41.62	39.6	40.44	25.32	16.8	16.12	15.16	16.36	17.02	15.94	16.22	14.9	15.12	5.48	4.16	4.84	4.86	4.46	4.98	5.16	4.88	5.3	2.74	1.12	1.32	1.18	1.16	1.34	1.4	1.18	1.24	1.18	0.66	0.24	0.28	0.1	0.2	0.22	0.2	0.1	0.16	0.2	0.04	0.0	0.0	0.0	0.0	0.0	0.0	0.0	0.0	0.0	0.0	0.0	0.0	0.0	0.0	0.0	0.0	0.0	0.0	0.0	0.0	0.0	0.0	0.0	0.0	0.0	0.0	0.0	0.0	0.0	0.0	0.0	0.0	0.0	0.0	0.0	0.0	0.0	0.0	0.0	0.0	0.0	0.0	0.0	0.0	0.0	0.0	0.0	0.0	0.0	0.0	
41.24	42.72	41.4	40.48	42.36	38.78	39.98	40.8	40.6	26.14	16.56	15.02	16.4	15.68	15.72	15.9	16.0	16.44	15.36	5.5	4.76	4.74	4.76	4.56	5.06	5.32	4.58	4.78	3.38	1.12	1.12	1.4	1.14	1.18	1.28	1.3	0.88	1.24	0.38	0.18	0.16	0.16	0.16	0.14	0.06	0.14	0.12	0.04	0.0	0.0	0.0	0.0	0.0	0.0	0.0	0.0	0.0	0.0	0.0	0.0	0.0	0.0	0.0	0.0	0.0	0.0	0.0	0.0	0.0	0.0	0.0	0.0	0.0	0.0	0.0	0.0	0.0	0.0	0.0	0.0	0.0	0.0	0.0	0.0	0.0	0.0	0.0	0.0	0.0	0.0	0.0	0.0	0.0	0.0	0.0	0.0	0.0	0.0	0.0	
40.28	41.58	40.86	40.24	40.8	39.44	40.58	38.84	40.04	26.28	16.44	15.58	15.36	15.66	15.44	15.2	16.46	16.24	15.26	5.4	4.5	5.02	4.74	4.68	4.94	4.54	4.72	4.64	3.02	1.26	1.16	0.96	1.02	1.1	1.04	1.12	1.04	1.0	0.28	0.2	0.18	0.22	0.12	0.18	0.18	0.12	0.14	0.2	0.02	0.02	0.0	0.0	0.0	0.0	0.0	0.0	0.02	0.0	0.0	0.0	0.0	0.0	0.0	0.0	0.0	0.0	0.0	0.0	0.0	0.0	0.0	0.0	0.0	0.0	0.0	0.0	0.0	0.0	0.0	0.0	0.0	0.0	0.0	0.0	0.0	0.0	0.0	0.0	0.0	0.0	0.0	0.0	0.0	0.0	0.0	0.0	0.0	0.0	0.0	
40.66	41.4	39.12	39.82	40.38	42.18	39.8	37.92	39.02	24.64	15.26	17.0	16.04	15.76	15.04	15.32	15.7	15.96	14.84	4.96	4.66	4.56	4.34	4.62	3.92	4.52	4.64	4.18	2.54	1.06	1.14	0.76	0.94	1.14	0.8	1.18	1.1	1.1	0.3	0.1	0.18	0.2	0.14	0.18	0.06	0.18	0.16	0.06	0.0	0.0	0.0	0.0	0.0	0.0	0.0	0.0	0.0	0.0	0.0	0.0	0.0	0.0	0.0	0.0	0.0	0.0	0.0	0.0	0.0	0.0	0.0	0.0	0.0	0.0	0.0	0.0	0.0	0.0	0.0	0.0	0.0	0.0	0.0	0.0	0.0	0.0	0.0	0.0	0.0	0.0	0.0	0.0	0.0	0.0	0.0	0.0	0.0	0.0	0.0	
40.7	41.08	40.58	37.58	39.34	39.12	40.82	39.7	39.58	24.62	15.5	15.42	15.42	15.82	16.44	15.22	15.54	15.48	15.24	5.0	4.58	4.58	4.9	4.42	4.68	4.66	5.02	5.02	3.12	1.18	1.16	1.12	1.3	1.0	1.1	0.98	1.26	1.06	0.46	0.18	0.2	0.04	0.16	0.08	0.2	0.14	0.22	0.16	0.0	0.0	0.0	0.0	0.0	0.0	0.0	0.0	0.0	0.0	0.0	0.0	0.0	0.0	0.0	0.0	0.0	0.0	0.0	0.0	0.0	0.0	0.0	0.0	0.0	0.0	0.0	0.0	0.0	0.0	0.0	0.0	0.0	0.0	0.0	0.0	0.0	0.0	0.0	0.0	0.0	0.0	0.0	0.0	0.0	0.0	0.0	0.0	0.0	0.0	0.0	
40.56	41.48	38.94	38.86	39.86	39.66	39.7	39.5	40.82	25.42	15.78	14.64	15.12	15.08	15.6	16.26	14.72	16.18	14.84	5.78	4.4	4.62	4.92	4.38	4.58	4.56	4.8	4.56	2.72	1.28	1.0	1.06	1.12	1.12	1.14	1.36	1.2	0.86	0.32	0.26	0.14	0.2	0.06	0.14	0.16	0.14	0.1	0.14	0.04	0.0	0.0	0.0	0.0	0.0	0.0	0.0	0.0	0.0	0.0	0.0	0.0	0.0	0.0	0.0	0.0	0.0	0.0	0.0	0.0	0.0	0.0	0.0	0.0	0.0	0.0	0.0	0.0	0.0	0.0	0.0	0.0	0.0	0.0	0.0	0.0	0.0	0.0	0.0	0.0	0.0	0.0	0.0	0.0	0.0	0.0	0.0	0.0	0.0	0.0	
39.42	37.98	38.94	37.72	37.78	37.76	38.36	37.9	39.0	23.4	14.58	14.48	15.22	14.76	15.34	14.82	15.06	14.72	14.12	4.92	4.2	4.5	4.88	4.64	4.74	4.96	4.46	4.52	3.06	1.12	1.22	1.04	0.88	0.98	1.04	1.28	1.06	0.94	0.34	0.28	0.1	0.16	0.08	0.12	0.28	0.12	0.18	0.2	0.0	0.0	0.0	0.0	0.02	0.0	0.0	0.0	0.0	0.0	0.0	0.0	0.0	0.0	0.0	0.0	0.0	0.0	0.0	0.0	0.0	0.0	0.0	0.0	0.0	0.0	0.0	0.0	0.0	0.0	0.0	0.0	0.0	0.0	0.0	0.0	0.0	0.0	0.0	0.0	0.0	0.0	0.0	0.0	0.0	0.0	0.0	0.0	0.0	0.0	0.0	
38.78	36.7	37.86	36.02	37.22	36.08	35.64	36.56	35.26	23.48	14.24	14.58	13.66	13.88	14.62	14.34	13.84	14.72	14.02	4.52	4.3	4.0	4.46	4.36	4.06	4.54	4.06	3.62	2.48	1.0	1.2	1.14	1.1	1.26	1.0	1.04	0.74	0.94	0.28	0.22	0.14	0.26	0.1	0.14	0.08	0.16	0.2	0.16	0.0	0.0	0.0	0.0	0.0	0.0	0.0	0.0	0.0	0.0	0.0	0.0	0.0	0.0	0.0	0.0	0.0	0.0	0.0	0.0	0.0	0.0	0.0	0.0	0.0	0.0	0.0	0.0	0.0	0.0	0.0	0.0	0.0	0.0	0.0	0.0	0.0	0.0	0.0	0.0	0.0	0.0	0.0	0.0	0.0	0.0	0.0	0.0	0.0	0.0	0.0	
36.96	36.06	35.38	34.56	35.44	34.78	36.44	35.04	34.24	22.62	14.42	13.88	14.6	14.74	14.1	14.06	13.58	14.86	13.18	4.88	3.64	3.94	4.24	4.44	4.0	3.58	4.28	4.08	2.52	1.12	1.24	0.94	1.28	1.04	0.94	0.96	0.64	0.9	0.2	0.14	0.08	0.08	0.08	0.14	0.14	0.06	0.08	0.04	0.0	0.0	0.0	0.0	0.0	0.0	0.0	0.0	0.0	0.0	0.0	0.0	0.0	0.0	0.0	0.0	0.0	0.0	0.0	0.0	0.0	0.0	0.0	0.0	0.0	0.0	0.0	0.0	0.0	0.0	0.0	0.0	0.0	0.0	0.0	0.0	0.0	0.0	0.0	0.0	0.0	0.0	0.0	0.0	0.0	0.0	0.0	0.0	0.0	0.0	0.0	
36.58	36.5	34.32	36.2	35.28	33.4	34.84	32.92	33.84	22.92	13.78	14.5	13.5	13.62	12.96	12.78	13.62	13.26	12.94	4.34	3.94	4.12	4.18	3.86	3.98	3.64	3.84	4.18	2.72	1.14	1.08	0.72	1.14	0.92	1.04	0.8	1.08	1.16	0.36	0.1	0.1	0.22	0.22	0.1	0.1	0.1	0.16	0.1	0.02	0.0	0.0	0.0	0.0	0.0	0.0	0.0	0.0	0.0	0.0	0.0	0.0	0.0	0.0	0.0	0.0	0.0	0.0	0.0	0.0	0.0	0.0	0.0	0.0	0.0	0.0	0.0	0.0	0.0	0.0	0.0	0.0	0.0	0.0	0.0	0.0	0.0	0.0	0.0	0.0	0.0	0.0	0.0	0.0	0.0	0.0	0.0	0.0	0.0	0.0	
33.86	35.32	34.46	34.0	33.82	34.0	34.14	35.2	34.12	21.5	12.34	14.42	13.54	12.9	13.46	12.8	13.5	13.66	12.6	4.92	3.88	3.46	3.32	3.64	3.92	3.86	3.9	3.9	2.5	1.18	1.0	0.74	0.84	0.82	0.7	0.98	0.84	0.86	0.5	0.16	0.2	0.1	0.04	0.18	0.06	0.16	0.14	0.06	0.0	0.0	0.02	0.0	0.0	0.0	0.0	0.0	0.0	0.0	0.0	0.0	0.0	0.0	0.0	0.0	0.0	0.0	0.0	0.0	0.0	0.0	0.0	0.0	0.0	0.0	0.0	0.0	0.0	0.0	0.0	0.0	0.0	0.0	0.0	0.0	0.0	0.0	0.0	0.0	0.0	0.0	0.0	0.0	0.0	0.0	0.0	0.0	0.0	0.0	0.0	
32.7	33.18	33.02	32.44	32.34	32.66	32.9	32.78	33.2	20.56	12.6	13.5	12.46	11.8	13.54	12.94	12.6	12.68	11.98	4.08	4.0	3.88	3.72	3.64	3.46	3.8	3.82	4.4	2.56	0.8	1.3	1.02	0.94	1.1	1.06	1.24	1.08	0.76	0.28	0.16	0.1	0.16	0.12	0.12	0.12	0.04	0.12	0.16	0.04	0.0	0.0	0.0	0.0	0.0	0.0	0.0	0.0	0.0	0.0	0.0	0.0	0.0	0.0	0.0	0.0	0.0	0.0	0.0	0.0	0.0	0.0	0.0	0.0	0.0	0.0	0.0	0.0	0.0	0.0	0.0	0.0	0.0	0.0	0.0	0.0	0.0	0.0	0.0	0.0	0.0	0.0	0.0	0.0	0.0	0.0	0.0	0.0	0.0	0.0	
33.52	31.94	32.8	31.68	32.14	31.96	30.36	31.88	32.5	20.28	12.02	12.96	11.9	12.64	12.7	13.3	12.24	11.56	12.42	4.42	4.12	3.7	3.62	3.64	3.8	3.36	3.82	3.56	2.52	1.0	1.06	1.16	0.78	0.72	0.8	0.98	0.92	0.96	0.48	0.16	0.08	0.16	0.22	0.08	0.2	0.14	0.04	0.1	0.0	0.0	0.0	0.0	0.0	0.0	0.02	0.0	0.0	0.0	0.0	0.0	0.0	0.0	0.0	0.0	0.0	0.0	0.0	0.0	0.0	0.0	0.0	0.0	0.0	0.0	0.0	0.0	0.0	0.0	0.0	0.0	0.0	0.0	0.0	0.0	0.0	0.0	0.0	0.0	0.0	0.0	0.0	0.0	0.0	0.0	0.0	0.0	0.0	0.0	0.0	
31.88	32.76	30.54	29.18	29.92	31.68	31.62	30.76	31.26	20.02	12.5	12.82	11.16	12.18	11.6	11.7	11.68	11.4	11.44	4.44	3.26	3.26	3.56	3.68	3.08	3.8	3.78	4.02	2.32	0.84	0.82	0.86	0.8	0.9	0.92	1.0	0.86	0.74	0.24	0.1	0.02	0.14	0.1	0.12	0.12	0.1	0.22	0.1	0.0	0.0	0.0	0.0	0.0	0.0	0.0	0.0	0.0	0.0	0.0	0.0	0.0	0.0	0.0	0.0	0.0	0.0	0.0	0.0	0.0	0.0	0.0	0.0	0.0	0.0	0.0	0.0	0.0	0.0	0.0	0.0	0.0	0.0	0.0	0.0	0.0	0.0	0.0	0.0	0.0	0.0	0.0	0.0	0.0	0.0	0.0	0.0	0.0	0.0	0.0	
31.32	31.66	31.36	29.7	30.08	29.48	30.78	29.92	30.18	19.1	11.56	12.44	12.14	11.38	12.36	11.88	11.58	12.36	10.48	4.24	3.42	3.28	3.52	3.34	3.36	3.32	3.32	3.56	2.42	0.96	0.7	0.92	0.9	0.9	0.68	0.92	0.82	0.72	0.16	0.12	0.16	0.16	0.26	0.06	0.12	0.08	0.14	0.1	0.02	0.0	0.0	0.0	0.0	0.0	0.0	0.0	0.0	0.0	0.0	0.0	0.0	0.0	0.0	0.0	0.0	0.0	0.0	0.0	0.0	0.0	0.0	0.0	0.0	0.0	0.0	0.0	0.0	0.0	0.0	0.0	0.0	0.0	0.0	0.0	0.0	0.0	0.0	0.0	0.0	0.0	0.0	0.0	0.0	0.0	0.0	0.0	0.0	0.0	0.0	
