time 	 delTime 		 mean eVee 	 	 stdev eVee 	 	 mean eVth 	 	 stdev eVth 
 	  	 10 	 100 	 170 	 10 	 100 	 170 	 10 	 100 	 170 	 10 	 100 	 170 
5.5 	 0.09999999999999964 	 103.28 	 98.9 	 95.7 	 10.117390968031234 	 9.69587541174081 	 9.871676655968834 	 103.16 	 99.38 	 96.5 	 10.226162525600694 	 9.76501920121 	 9.76985158536198
5.6 	 0.10000000000000009 	 102.8 	 98.18 	 94.64 	 9.314504817756015 	 9.521953581067281 	 9.348283264856708 	 102.68 	 98.74 	 95.48 	 9.368970060791101 	 9.680516515145253 	 9.602582985842924
5.7 	 0.10000000000000009 	 99.6 	 94.9 	 91.72 	 9.134549797335389 	 9.282779756085997 	 9.117104803609532 	 99.6 	 95.36 	 92.08 	 9.182592226599196 	 9.197303952789643 	 9.12324503671802
5.8 	 0.10000000000000009 	 95.44 	 90.94 	 87.8 	 9.909914227681286 	 10.084463297568195 	 10.009995004993758 	 95.46 	 91.38 	 88.72 	 9.837093066551724 	 9.967727925660894 	 10.008076738314909
5.9 	 0.10000000000000009 	 97.06 	 92.32 	 89.2 	 11.066001988071392 	 10.90401760820295 	 10.605658866850282 	 97.0 	 92.82 	 89.78 	 11.099549540409287 	 10.97941710656809 	 10.371672960520883
6.0 	 0.09999999999999964 	 94.14 	 90.02 	 86.96 	 9.639522809766051 	 9.298365447754783 	 8.80445341858312 	 94.2 	 90.2 	 87.62 	 9.691233151668573 	 9.350935782048767 	 8.901438086062274
6.1 	 0.10000000000000009 	 92.6 	 88.44 	 85.6 	 8.811356308764276 	 8.542037227734376 	 8.475848040166836 	 92.52 	 88.82 	 86.16 	 8.789175160389057 	 8.519835679166588 	 8.441232137549589
6.2 	 0.10000000000000009 	 93.5 	 89.12 	 85.72 	 9.347192091746056 	 9.181808100804547 	 9.040000000000001 	 93.62 	 89.44 	 86.5 	 9.320708127604899 	 9.082202376075971 	 9.084602357836033
6.3 	 0.10000000000000009 	 92.62 	 87.9 	 85.2 	 7.899088555016965 	 7.780102827083971 	 8.017480901130979 	 92.72 	 88.34 	 85.56 	 7.874109473457935 	 7.961432031990225 	 7.9928968465757135
6.4 	 0.10000000000000009 	 90.1 	 85.32 	 82.64 	 8.59127464349732 	 8.87792768612135 	 8.425580098723174 	 90.28 	 85.68 	 83.3 	 8.590785761500516 	 8.789630253884402 	 8.443340571124677
6.5 	 0.09999999999999964 	 89.34 	 85.04 	 81.96 	 8.896313843384798 	 8.21452372325992 	 7.997399577362632 	 89.44 	 85.5 	 82.82 	 8.745650347458444 	 8.292767933567175 	 8.046589339589787
6.6 	 0.10000000000000009 	 91.04 	 87.18 	 84.36 	 7.712224063135095 	 7.855418512084508 	 7.7272504812514 	 91.04 	 87.68 	 84.74 	 7.805024023025169 	 7.669263328377765 	 7.896353588840865
6.7 	 0.10000000000000009 	 86.78 	 82.92 	 80.42 	 9.330144693411778 	 9.361281963491965 	 8.931046971100308 	 86.9 	 83.24 	 81.14 	 9.42814934120159 	 9.519579822660242 	 9.234738761870853
6.8 	 0.10000000000000009 	 84.74 	 80.84 	 78.1 	 8.592578192835955 	 8.312304133030745 	 8.067837380611982 	 84.74 	 81.16 	 78.82 	 8.627421399236274 	 8.521408334307187 	 8.305877437092363
6.9 	 0.10000000000000009 	 85.18 	 81.32 	 78.76 	 8.864964748942887 	 8.67972349790015 	 8.64768177027809 	 85.36 	 81.66 	 79.0 	 8.9905728404813 	 8.643170714500553 	 8.852118390532292
7.0 	 0.09999999999999964 	 84.88 	 80.66 	 77.42 	 9.149076456123863 	 8.437084804599277 	 8.209969549273616 	 84.94 	 81.0 	 77.72 	 9.24426308582788 	 8.397618710086807 	 8.309127511357616
7.1 	 0.10000000000000009 	 81.98 	 78.14 	 75.38 	 9.285450985277992 	 9.044357356938082 	 8.480306598230987 	 82.06 	 78.52 	 76.08 	 9.552821572708245 	 9.0116369212258 	 8.522534834191058
7.2 	 0.10000000000000009 	 80.44 	 76.2 	 73.34 	 7.89217333818765 	 7.4404300950953095 	 7.134731950115575 	 80.5 	 76.68 	 73.74 	 7.767238891652554 	 7.463082473080409 	 7.081835920155168
7.3 	 0.10000000000000009 	 81.14 	 77.8 	 75.0 	 10.8388375760503 	 10.196077677224709 	 9.99799979995999 	 81.24 	 78.22 	 75.5 	 10.971891359287149 	 10.29425082266796 	 10.105938848023968
7.4 	 0.10000000000000009 	 77.42 	 73.72 	 71.24 	 8.192899364693796 	 7.95245873928309 	 7.449993288587581 	 77.34 	 73.94 	 71.62 	 8.22097317840169 	 7.965952548189074 	 7.52034573673312
7.5 	 0.09999999999999964 	 79.98 	 76.26 	 73.42 	 10.408631033906428 	 10.12088928899037 	 9.501768256487843 	 80.08 	 76.58 	 73.82 	 10.351502306428763 	 10.07390688859094 	 9.561778077324322
7.6 	 0.10000000000000009 	 77.62 	 73.76 	 71.04 	 8.140982741659633 	 7.674789899404414 	 7.536471322840684 	 77.7 	 74.16 	 71.52 	 8.271033792700885 	 8.068110063701411 	 7.531905469401484
7.7 	 0.10000000000000009 	 74.16 	 70.46 	 67.8 	 9.181198178887112 	 9.055848938669417 	 8.704022058795578 	 74.12 	 70.74 	 68.22 	 9.098659241888333 	 9.188710464477591 	 8.734506282555413
7.8 	 0.10000000000000009 	 77.06 	 73.12 	 70.62 	 9.521365448295745 	 8.90536916696888 	 8.46850636180903 	 76.96 	 73.56 	 71.0 	 9.495177723455207 	 9.031411849760811 	 8.525256594378847
7.9 	 0.10000000000000009 	 76.74 	 73.6 	 70.92 	 8.517769661126085 	 8.349850298059241 	 8.204486577476985 	 76.86 	 73.84 	 71.42 	 8.54636764947542 	 8.453070448067967 	 8.134101056662622
