time 	 delTime 		 mean eVee 	 	 stdev eVee 	 	 mean eVth 	 	 stdev eVth 
 	  	 10 	 100 	 170 	 10 	 100 	 170 	 10 	 100 	 170 	 10 	 100 	 170 
1.0 	 0.030000000000000027 	 349.34 	 337.02 	 328.18 	 18.74418309769727 	 18.55854520160457 	 18.25452272725858 	 349.58 	 338.24 	 329.92 	 18.373992489385646 	 18.641416255209798 	 18.22947064508457
1.05 	 0.050000000000000044 	 341.72 	 329.86 	 320.7 	 20.51929823361413 	 20.086821550459398 	 19.767903277788466 	 342.18 	 331.06 	 322.24 	 20.63752892184527 	 20.441536145798825 	 19.79753520012024
1.1 	 0.04999999999999993 	 331.98 	 320.04 	 310.48 	 21.142838030879396 	 20.754719945111283 	 19.75878538777118 	 331.98 	 321.14 	 312.4 	 21.274858401408924 	 20.684303227326758 	 20.23857702507763
1.15 	 0.04999999999999993 	 325.76 	 315.48 	 306.76 	 17.292264166383767 	 17.325403314208877 	 16.973579469281074 	 325.98 	 315.88 	 308.38 	 17.39251563173079 	 17.3765819423729 	 17.166117790578042
1.2 	 0.050000000000000044 	 309.46 	 298.42 	 290.72 	 17.277974418316518 	 16.53854890853487 	 16.755942229549493 	 309.82 	 299.28 	 292.28 	 17.21707292195744 	 16.64817107072125 	 16.826217637960113
1.25 	 0.050000000000000044 	 301.74 	 292.08 	 283.4 	 17.862597795393594 	 17.199813952482163 	 16.458432489152788 	 301.98 	 293.4 	 284.74 	 17.892445333156672 	 17.25688268488837 	 16.755667697826908
1.3 	 0.050000000000000044 	 301.46 	 291.02 	 283.34 	 20.619612023508104 	 20.623762993207613 	 20.40941939399551 	 301.6 	 291.82 	 284.76 	 20.381364036786152 	 20.6569019942488 	 20.613160844470215
1.35 	 0.04999999999999993 	 289.5 	 279.9 	 272.56 	 16.00656115472652 	 15.624659996300718 	 14.594738778066565 	 289.72 	 280.82 	 273.66 	 15.946209580963119 	 15.76919782360536 	 14.573414150431601
1.4 	 0.04999999999999993 	 285.22 	 274.86 	 267.4 	 19.00451525296028 	 18.69867374976097 	 18.5321342537766 	 285.16 	 276.08 	 268.86 	 18.940285108730542 	 19.139320782096735 	 18.622577694830543
1.45 	 0.050000000000000044 	 275.28 	 266.22 	 258.98 	 15.693361653896847 	 15.480684739377647 	 15.364231188054935 	 275.34 	 267.18 	 260.04 	 15.482389996379757 	 15.713293734923942 	 15.383055613238872
1.5 	 0.050000000000000044 	 269.18 	 259.64 	 252.92 	 16.17737926859601 	 16.62619619756726 	 16.91134530426246 	 269.32 	 260.82 	 253.94 	 16.12878172708652 	 16.3984023612058 	 17.09082794951725
1.55 	 0.050000000000000044 	 267.06 	 257.66 	 250.04 	 16.32226699940912 	 16.01450592431749 	 15.6817856126144 	 267.16 	 258.34 	 251.66 	 16.36625797181506 	 16.21556042818132 	 15.887869586574531
1.6 	 0.04999999999999993 	 252.9 	 243.36 	 236.72 	 16.38810544266786 	 15.76167503788858 	 15.26438993212634 	 253.06 	 244.06 	 237.96 	 16.480788816073098 	 15.847283678914817 	 15.285234705427326
1.65 	 0.04999999999999993 	 251.94 	 242.76 	 236.98 	 15.682359516348296 	 14.103276215121081 	 14.51549516895652 	 251.96 	 243.44 	 237.8 	 15.70854544507543 	 14.3988332860687 	 14.381933110677437
1.7 	 0.050000000000000044 	 242.34 	 233.46 	 226.36 	 14.039387451025062 	 13.566443896614913 	 14.146038314666052 	 242.5 	 234.0 	 227.86 	 14.01035331460274 	 13.72443077143821 	 13.948490957806154
1.75 	 0.050000000000000044 	 243.68 	 234.68 	 228.36 	 15.645369922120729 	 14.765419059410403 	 14.693889886616137 	 243.54 	 235.56 	 229.78 	 15.497367518388405 	 14.958823483148665 	 14.742170803514657
1.8 	 0.050000000000000044 	 236.48 	 227.94 	 220.9 	 18.651798840862504 	 18.713000828301162 	 18.412224200242623 	 236.64 	 228.86 	 222.44 	 18.541585692707084 	 18.512709148042052 	 18.258324129010308
1.85 	 0.04999999999999993 	 228.56 	 220.64 	 214.12 	 14.440443206494736 	 14.062375332780732 	 13.916378839338917 	 228.54 	 221.32 	 215.2 	 14.334866584659936 	 14.207659905839526 	 13.969967788080258
1.9 	 0.04999999999999993 	 229.54 	 220.42 	 213.74 	 17.575221193487156 	 16.75719546940955 	 16.713838577657736 	 229.62 	 221.18 	 214.74 	 17.44693669387265 	 16.77818822161678 	 16.704262928965168
1.95 	 0.050000000000000044 	 224.08 	 215.14 	 208.88 	 12.637784615983927 	 12.250730590458677 	 12.192850364045315 	 224.02 	 216.22 	 209.76 	 12.714542854542588 	 12.411752495115264 	 12.305380936809717
2.0 	 0.04999999999999993 	 216.22 	 208.76 	 202.88 	 14.58532138829995 	 13.768892475431711 	 13.669879297199373 	 216.26 	 209.56 	 204.04 	 14.614800717081298 	 14.071474691730073 	 14.106679269055492
2.05 	 0.050000000000000044 	 218.76 	 210.38 	 204.16 	 13.901884764304443 	 13.380418528581234 	 12.986700889756413 	 219.08 	 211.12 	 204.92 	 13.913791719010314 	 13.544947397461536 	 13.245134955899847
2.1 	 0.050000000000000044 	 214.36 	 206.56 	 200.1 	 12.556687461269393 	 13.293848201329817 	 13.688316185711082 	 214.42 	 207.08 	 201.1 	 12.520527145451984 	 13.198242307216518 	 13.480726983364065
2.15 	 0.050000000000000044 	 208.76 	 201.18 	 195.48 	 14.984738903297583 	 14.12471592634698 	 13.65904828309791 	 208.92 	 201.98 	 196.58 	 14.94100398232997 	 14.254108179749444 	 13.794332169409289
2.2 	 0.050000000000000044 	 207.22 	 199.2 	 193.08 	 11.759744895192242 	 11.675615615461139 	 11.31872784371106 	 207.28 	 200.2 	 194.1 	 12.043321800898621 	 11.469960767151735 	 11.431972708154968
