time 	 delTime 		 mean eVee 	 	 stdev eVee 	 	 mean eVth 	 	 stdev eVth 	 	 CountGe 
 	  	 10 	 100 	 50 	 10 	 100 	 50 	 10 	 100 	 50 	 10 	 100 	 50 	 10 	 100 	 50 
0.25 	 0.0050000000000000044 	 1026.12 	 994.9366666666666 	 970.8166666666667 	 32.93486906000994 	 32.97836647797394 	 32.4361381109952 	 1026.45 	 997.8633333333333 	 975.52 	 32.968684636586076 	 32.72773526468881 	 32.5386375457445	1027.0200820866623	996.0699121992661	1012.7504004164202
0.255 	 0.0050000000000000044 	 989.9333333333333 	 959.3366666666667 	 936.4433333333334 	 31.105876543758665 	 30.437640987581297 	 29.848843454237144 	 990.1966666666667 	 962.0533333333333 	 940.74 	 31.251314461243954 	 30.58884037611683 	 30.05604320820246	991.9414028425466	961.8840537288332	978.0824437170019
0.26 	 0.0050000000000000044 	 965.5066666666667 	 936.21 	 913.3166666666667 	 32.14866439250972 	 31.39467948554341 	 30.923826664168775 	 965.8433333333334 	 938.89 	 917.5266666666666 	 32.119549429522756 	 31.623902879520315 	 31.084872347958726	965.7735247171992	936.4058053992229	952.2309278644847
0.265 	 0.0050000000000000044 	 943.4433333333334 	 914.1533333333333 	 891.8666666666667 	 31.966546923654768 	 31.60848760837647 	 30.852048374279605 	 943.7 	 916.9233333333333 	 895.8866666666667 	 31.802672843646334 	 31.559004877988293 	 30.885063632046403	943.1197360375198	914.3527428341398	929.8528576770265
0.27 	 0.0050000000000000044 	 919.9733333333334 	 891.5566666666666 	 869.5966666666667 	 30.771728727663138 	 30.152945498279635 	 29.649856473326963 	 920.15 	 894.1433333333333 	 873.7033333333334 	 30.71103221970893 	 30.17829444411257 	 29.510709732042855	921.1253875891434	892.9461819647754	908.1285600667671
0.275 	 0.0050000000000000044 	 897.34 	 869.4166666666666 	 848.3033333333333 	 29.244561887639897 	 28.922247300112918 	 29.308440005492542 	 897.7166666666667 	 872.0766666666667 	 852.0933333333334 	 29.352394375170753 	 28.924916402452904 	 29.344357019517208	899.8627838774307	872.2598916961932	887.130822435014
0.28 	 0.004999999999999977 	 881.5966666666667 	 854.7066666666667 	 834.1 	 31.50429582700676 	 30.49613017344259 	 29.62628337585845 	 882.1066666666667 	 857.1666666666666 	 838.05 	 31.431968156993005 	 30.708069876753168 	 29.878768939387935	879.4695009679665	852.4249061537034	866.9942713296948
0.285 	 0.004999999999999977 	 859.1533333333333 	 832.47 	 812.6466666666666 	 27.454868825441913 	 27.13870114799159 	 26.850235670391342 	 859.3166666666667 	 834.8133333333334 	 816.2566666666667 	 27.515021150071625 	 27.131749339514073 	 26.955966356675518	859.5164526182344	833.0230280166925	847.294735512789
