time 	 delTime 		 mean eVee 	 	 stdev eVee 	 	 mean eVth 	 	 stdev eVth 	 	 CountGe 
 	  	 10 	 100 	 50 	 10 	 100 	 50 	 10 	 100 	 50 	 10 	 100 	 50 	 10 	 100 	 50 
0.0535 	 0.0005000000000000004 	 3498.0733333333333 	 3419.26 	 3356.9333333333334 	 58.085867089642 	 56.94733590491013 	 56.25201230968444 	 3498.6 	 3426.6866666666665 	 3368.556666666667 	 58.0866593978342 	 56.9576610786956 	 56.36594825089189	3502.1145496736726	3424.1322672320875	3466.5130874596725
0.054 	 0.0005000000000000004 	 3494.45 	 3415.6266666666666 	 3354.45 	 57.24404626975048 	 56.52604670022091 	 55.82813657407287 	 3495.64 	 3423.21 	 3365.9533333333334 	 57.6939950659223 	 56.46502663891458 	 56.12121840761795	3494.1151416535968	3416.58806160565	3458.714798026405
0.0545 	 0.0005000000000000004 	 3490.1866666666665 	 3412.33 	 3350.92 	 57.13993194100097 	 56.84189564045168 	 56.91338682594807 	 3490.8433333333332 	 3419.7966666666666 	 3362.443333333333 	 57.08594796931689 	 56.60037092536487 	 56.635031463652325	3487.5765475457983	3410.4569376971795	3452.355501435768
0.055 	 0.0005000000000000004 	 3484.2433333333333 	 3406.2 	 3345.2833333333333 	 60.66633433974911 	 59.80083611455612 	 59.54339920502431 	 3485.3 	 3413.6 	 3356.6633333333334 	 60.25620300018912 	 59.67584659363172 	 59.71311962672487	3482.17498958272	3405.4215154489016	3447.114470522902
0.0555 	 0.0005000000000000004 	 3470.0633333333335 	 3393.15 	 3332.5066666666667 	 58.91665855728374 	 58.795868619033655 	 59.26249479130024 	 3471.1066666666666 	 3400.2733333333335 	 3343.35 	 58.73478772319594 	 58.64462426817615 	 59.23923952921746	3477.264968101729	3400.8513895438223	3442.353035776744
0.056 	 0.0005000000000000004 	 3469.76 	 3393.55 	 3332.7066666666665 	 63.215576139640355 	 62.505473093695294 	 61.29709581664988 	 3470.673333333333 	 3400.7633333333333 	 3343.94 	 63.112016464554685 	 62.539805901699296 	 61.58990501697498	3472.1541046732073	3396.0645012300783	3437.383630725546
0.0565 	 0.0005000000000000004 	 3465.39 	 3389.8166666666666 	 3329.983333333333 	 64.69171430716611 	 63.086684191057486 	 62.361497647898815 	 3466.1633333333334 	 3396.6033333333335 	 3341.1766666666667 	 64.59053069572626 	 63.590822101585985 	 62.31237535371463	3465.5897257481874	3389.837807995872	3430.9671223032637
0.057 	 0.0005000000000000004 	 3448.4866666666667 	 3372.4066666666668 	 3312.8633333333332 	 56.498818473388354 	 55.504425849556256 	 54.60046998169725 	 3449.326666666667 	 3379.5066666666667 	 3324.0933333333332 	 56.44300921184915 	 55.33886478376255 	 54.60578072776625	3455.0368134531323	3379.689149583414	3420.592808635993
