time 	 delTime 		 mean eVee 	 	 stdev eVee 	 	 mean eVth 	 	 stdev eVth 	 	 CountGe 
 	  	 10 	 100 	 50 	 10 	 100 	 50 	 10 	 100 	 50 	 10 	 100 	 50 	 10 	 100 	 50 
6.3 	 0.10000000000000009 	 55.12 	 52.294 	 50.284 	 7.571279064112395 	 7.46205271132995 	 7.290771152628507 	 55.148666666666664 	 52.54333333333334 	 50.672 	 7.568436533099525 	 7.458247485539451 	 7.322414173845489	55.37488122589116	52.55848783683486	54.069339987606625
6.4 	 0.10000000000000009 	 54.312 	 51.54666666666667 	 49.588 	 7.338573158318993 	 7.157827106663648 	 7.065757048375401 	 54.31933333333333 	 51.77466666666667 	 49.97866666666667 	 7.336213343559621 	 7.160997944110552 	 7.1071474509038355	54.40560091109261	51.62601937131088	53.11707343981315
6.5 	 0.09999999999999964 	 53.473333333333336 	 50.762 	 48.834 	 7.255523566374947 	 6.997810800528978 	 6.802728178213992 	 53.52066666666666 	 51.00266666666667 	 49.17 	 7.257013129074217 	 7.02765913294668 	 6.821419695830675	53.468561569528894	50.72466332791277	52.196528049207764
6.6 	 0.10000000000000009 	 52.23266666666667 	 49.53 	 47.60333333333333 	 7.0619071707923835 	 6.899644918399786 	 6.705966663270024 	 52.272 	 49.76866666666667 	 47.95733333333333 	 7.044100321072475 	 6.899310464741306 	 6.722165788560178	52.561182127507976	49.852107175757325	51.30524494156652
6.7 	 0.10000000000000009 	 51.75066666666667 	 49.010666666666665 	 47.04333333333334 	 7.201238288578493 	 6.9596853057847055 	 6.814307660275466 	 51.80733333333333 	 49.230666666666664 	 47.419333333333334 	 7.197190161599332 	 6.993053187906474 	 6.823647086093738	51.59545579821707	48.9204159275682	50.35525176291705
6.8 	 0.10000000000000009 	 50.572 	 47.93933333333333 	 46.05266666666667 	 7.038807853607029 	 6.863987147100114 	 6.724226812223264 	 50.604 	 48.17733333333333 	 46.38933333333333 	 7.055719949090951 	 6.871333171630928 	 6.748265423219675	50.65148427100378	48.00980521069634	49.42670124540463
6.9 	 0.10000000000000009 	 49.394666666666666 	 46.82266666666667 	 45.013333333333335 	 7.135000926574728 	 6.926992100151086 	 6.7729724313299515 	 49.38933333333333 	 47.034666666666666 	 45.32533333333333 	 7.124260398260455 	 6.931483599409934 	 6.799472397832709	49.73027119586118	47.121303017633046	48.520607872569855
7.0 	 0.09999999999999964 	 48.602666666666664 	 46.074666666666666 	 44.236666666666665 	 6.872902799319141 	 6.709179648478311 	 6.577080574912314 	 48.614666666666665 	 46.282666666666664 	 44.57933333333333 	 6.895760887836977 	 6.717447398793351 	 6.580149913861301	48.83560322777014	46.25846785091445	47.64065741847458
7.1 	 0.10000000000000009 	 47.821333333333335 	 45.216 	 43.44533333333333 	 6.793041406877744 	 6.559573969905871 	 6.4348280128963475 	 47.85333333333333 	 45.464 	 43.764 	 6.787033388913173 	 6.582960630800298 	 6.470469122611332	47.96172134390806	45.41578641976762	46.78120097291232
7.2 	 0.10000000000000009 	 46.982 	 44.492 	 42.71333333333333 	 6.883628597379921 	 6.690436159175275 	 6.514329504169166 	 47.002 	 44.716 	 43.041333333333334 	 6.899806470715923 	 6.704576347540536 	 6.542753616703665	47.186141796907656	44.67076485170514	46.01975045343458
7.3 	 0.10000000000000009 	 46.154 	 43.68866666666667 	 41.936 	 6.512829697348662 	 6.365302157443553 	 6.236123582269143 	 46.16 	 43.89333333333333 	 42.272 	 6.517340971081176 	 6.375836328583795 	 6.26179015937136	46.434722458274734	43.949404176608205	45.28222841688449
7.4 	 0.10000000000000009 	 45.512 	 43.016 	 41.28933333333333 	 6.751433625534654 	 6.530932347937263 	 6.415316533283626 	 45.526666666666664 	 43.26533333333333 	 41.648666666666664 	 6.735969780877055 	 6.554001186722165 	 6.442455398026095	45.69925990977034	43.243448351541225	44.56040682945219
7.5 	 0.09999999999999964 	 44.86666666666667 	 42.473333333333336 	 40.75666666666667 	 6.581151537197389 	 6.374633758542961 	 6.240308931099128 	 44.894666666666666 	 42.64533333333333 	 41.072 	 6.572942381883136 	 6.379723992636532 	 6.285550837701763	44.98343128508152	42.556453754759055	43.85790787189355
7.6 	 0.10000000000000009 	 44.19133333333333 	 41.806666666666665 	 40.136 	 6.712083001738151 	 6.50783800932042 	 6.365231391447343 	 44.214666666666666 	 42.010666666666665 	 40.42 	 6.736412365314014 	 6.548273529887266 	 6.382653575642866	44.28831639116766	41.88945233203708	43.17578927695092
7.7 	 0.10000000000000009 	 43.35066666666667 	 40.99933333333333 	 39.29533333333333 	 6.58014940728721 	 6.344814120383845 	 6.222120074558367 	 43.37533333333333 	 41.216 	 39.62 	 6.600287232807036 	 6.385296443131413 	 6.254033365223865	43.60423222296109	41.23298762208128	42.50447255652682
7.8 	 0.10000000000000009 	 42.74733333333333 	 40.385333333333335 	 38.778 	 6.45090377819694 	 6.222929499484592 	 6.150938898520561 	 42.787333333333336 	 40.58266666666667 	 39.068 	 6.446867938946959 	 6.235529880362124 	 6.160577029250859	42.92939258344789	40.58529894119098	41.84218244422913
7.9 	 0.10000000000000009 	 42.018 	 39.69133333333333 	 38.06733333333333 	 6.555329333196514 	 6.330986617862618 	 6.186878552406069 	 42.04 	 39.89533333333333 	 38.376 	 6.541742887029419 	 6.3547655258781095 	 6.2056928702603384	42.27090497939916	39.95339813517407	41.19598209628571
8.0 	 0.09999999999999964 	 41.666 	 39.37 	 37.78 	 6.438823184402566 	 6.253407071349185 	 6.084044707265061 	 41.67066666666667 	 39.56666666666667 	 38.06666666666667 	 6.445220934063385 	 6.2721784271672485 	 6.086670317633078	41.62678058299379	39.33538029049104	40.56392137294146
8.1 	 0.09999999999999964 	 41.05733333333333 	 38.83533333333333 	 37.20933333333333 	 6.420439721874369 	 6.2336895085405795 	 6.108587907382706 	 41.08 	 38.99933333333333 	 37.532 	 6.398666527748835 	 6.245478328803611 	 6.139026198564937	40.996546976103126	38.73078248012716	39.945533407571034
8.2 	 0.10000000000000053 	 40.342 	 38.078 	 36.416666666666664 	 6.272987273487276 	 6.08867111938229 	 5.988243110926238 	 40.36 	 38.266 	 36.717333333333336 	 6.275858507009221 	 6.125621927608657 	 6.010998216232937	40.38259360733112	38.14197772424929	39.34319951334749
8.3 	 0.10000000000000053 	 39.836666666666666 	 37.562666666666665 	 36.05466666666667 	 6.288878190018383 	 6.068558825802237 	 5.96598789435208 	 39.846666666666664 	 37.77 	 36.324 	 6.29945676670263 	 6.09139557080313 	 6.004028425426826	39.78581000143321	37.56996524846545	38.75786021496207
8.4 	 0.09999999999999964 	 39.208 	 37.01466666666666 	 35.48866666666667 	 6.354059279966889 	 6.228519210499037 	 6.147672043591424 	 39.26 	 37.196 	 35.775333333333336 	 6.353403287477771 	 6.214948431000856 	 6.15355113374022	39.195431541841415	37.004337606749495	38.17901840061244
8.5 	 0.09999999999999964 	 38.674 	 36.48866666666667 	 34.94866666666667 	 6.5337883855131595 	 6.289398876062975 	 6.116374052946365 	 38.704 	 36.657333333333334 	 35.234 	 6.540875374647239 	 6.306180530946516 	 6.143010445484634	38.60670858490899	36.44016372568453	37.601633265665185
8.6 	 0.09999999999999964 	 37.828 	 35.71333333333333 	 34.15266666666667 	 6.205676111432179 	 6.045424348675248 	 5.917772065754326 	 37.84733333333333 	 35.92666666666667 	 34.43666666666667 	 6.228859678054153 	 6.049348908950633 	 5.96294017709012	38.0268820768527	35.884610268608085	37.033016763477185
8.7 	 0.10000000000000053 	 37.63666666666666 	 35.528 	 34.04533333333333 	 6.112009125938504 	 5.93676814436946 	 5.7735556539180335 	 37.676 	 35.714 	 34.32333333333333 	 6.107292689891324 	 5.949246787059126 	 5.8159655737938785	37.45983218437785	35.34138420032066	36.47696957109439
8.8 	 0.10000000000000053 	 36.77066666666666 	 34.712 	 33.272 	 6.05139704714723 	 5.831614070449678 	 5.697661742621558 	 36.776 	 34.894 	 33.53066666666667 	 6.033723891594643 	 5.85321256519301 	 5.713002090747813	36.904668832589024	34.80962957927293	35.93261792676055
8.9 	 0.09999999999999964 	 36.346666666666664 	 34.282666666666664 	 32.83866666666667 	 6.080555530176133 	 5.896221916523231 	 5.717048033926445 	 36.36266666666667 	 34.47866666666667 	 33.10333333333333 	 6.081705316402264 	 5.9245431516325 	 5.739395051358249	36.36125543879521	34.28922488423381	35.39983182652452
9.0 	 0.09999999999999964 	 35.843333333333334 	 33.797333333333334 	 32.356 	 6.106836788023367 	 5.914862034645346 	 5.802292420529436 	 35.86333333333334 	 34.002 	 32.608666666666664 	 6.104369109271016 	 5.9216548362767645 	 5.794784283205794	35.82921206256871	33.77975154193771	34.878213376705084
9.1 	 0.09999999999999964 	 35.184666666666665 	 33.175333333333334 	 31.792666666666666 	 6.083192546316083 	 5.796831740030258 	 5.6623033789753405 	 35.22 	 33.316 	 32.022 	 6.108213050202708 	 5.850140511133044 	 5.668408006956922	35.31315944528402	33.285700121655765	34.372324378841014
9.2 	 0.10000000000000053 	 34.833333333333336 	 32.85333333333333 	 31.411333333333335 	 5.8919342230619725 	 5.757993477669881 	 5.604236928927573 	 34.83733333333333 	 32.998 	 31.699333333333332 	 5.904253231546071 	 5.7769077079928035 	 5.639822652846059	34.80956456969832	32.80362996338057	33.87867444267085
9.3 	 0.10000000000000053 	 34.11933333333333 	 32.25 	 30.866666666666667 	 5.836073984756838 	 5.699078872940785 	 5.530601735395123 	 34.15866666666667 	 32.38733333333333 	 31.127333333333333 	 5.828792747120873 	 5.721186318316236 	 5.540558295174073	34.31434984370482	32.32962074076237	33.393256222586054
9.4 	 0.09999999999999964 	 33.745333333333335 	 31.759333333333334 	 30.42 	 5.754807690579725 	 5.602506542214436 	 5.536749949203052 	 33.778666666666666 	 31.912 	 30.678 	 5.754100991659968 	 5.599427589792847 	 5.534707098543397	33.80965895285548	31.846730754936196	32.898634638877965
9.5 	 0.09999999999999964 	 32.91866666666667 	 30.980666666666668 	 29.620666666666665 	 5.6735689727797345 	 5.497298690164914 	 5.392411911401263 	 32.94266666666667 	 31.130666666666666 	 29.874 	 5.686420627737237 	 5.509530490179923 	 5.415483111720812	33.25735618193885	31.318902737249097	32.357629787920956
9.6 	 0.09999999999999964 	 32.72933333333334 	 30.812666666666665 	 29.476 	 5.7676170315150275 	 5.635030868494767 	 5.479667629823303 	 32.751333333333335 	 30.978666666666665 	 29.716666666666665 	 5.7638093499197405 	 5.646315455429516 	 5.4973074217191895	32.90777496158911	30.984042554946033	32.01485392490944
