time 	 delTime 		 mean eVee 	 	 stdev eVee 	 	 mean eVth 	 	 stdev eVth 	 	 CountGe 
 	  	 10 	 100 	 50 	 10 	 100 	 50 	 10 	 100 	 50 	 10 	 100 	 50 	 10 	 100 	 50 
0.023 	 0.0010000000000000009 	 1101.1233333333332 	 1060.0833333333333 	 1026.3366666666666 	 32.15962461776498 	 31.49311653185326 	 30.953136441329423 	 1101.65 	 1063.84 	 1032.5766666666666 	 31.961030959592026 	 31.604130531730604 	 31.114907288236545	1101.928957260586	1060.7403710993447	1083.2398173377574
0.024 	 0.0010000000000000009 	 1327.7733333333333 	 1280.21 	 1242.11 	 37.05323137805332 	 36.54475657783662 	 35.95197583814646 	 1328.3 	 1284.5266666666666 	 1249.2666666666667 	 36.91336704591802 	 36.49222687398266 	 36.29116819405086	1328.978235486054	1281.9371910476843	1307.6324740101745
0.025 	 0.0009999999999999992 	 1557.97 	 1504.53 	 1461.7133333333334 	 40.28741449468639 	 39.884530418028824 	 39.34417986041758 	 1558.4366666666667 	 1509.8933333333334 	 1469.8466666666666 	 40.24764161482702 	 39.75963558965577 	 39.39234048503451	1557.5960097282625	1504.797363890688	1533.6380372257072
0.026 	 0.0009999999999999992 	 1774.9466666666667 	 1716.8666666666666 	 1669.4233333333334 	 42.50855391042555 	 42.39554483931327 	 42.56255148471352 	 1775.57 	 1722.3333333333333 	 1678.16 	 42.61390735428987 	 42.27200281773058 	 42.42044789956844	1781.735926480364	1723.452099792892	1755.2906971254988
0.027 	 0.0010000000000000009 	 1997.1333333333334 	 1933.0566666666666 	 1880.62 	 45.61113411827813 	 44.776111066306576 	 42.877448618125584 	 1998.0833333333333 	 1939.18 	 1890.3833333333334 	 45.55234778679239 	 44.84708388884759 	 43.28844790729072	1994.4348068174088	1931.0624554781461	1965.6832939615856
0.028 	 0.0010000000000000009 	 2190.31 	 2122.3333333333335 	 2067.29 	 46.20368563942347 	 45.31867410044366 	 44.66324999370288 	 2191.15 	 2128.8766666666666 	 2077.3933333333334 	 46.092741655637425 	 45.1587731109791 	 45.18257727143162	2192.1774913537224	2124.1924589759415	2161.336005101027
0.029 	 0.0009999999999999992 	 2385.4333333333334 	 2312.4666666666667 	 2254.07 	 49.08752953200594 	 48.629643451522675 	 47.80326104636238 	 2386.08 	 2319.5333333333333 	 2264.7633333333333 	 48.8163934213361 	 48.581569436247 	 48.08895218469854	2386.926307559791	2314.8427862117032	2354.22801082998
0.03 	 0.0009999999999999992 	 2546.2466666666664 	 2469.7033333333334 	 2407.8133333333335 	 52.47716159329588 	 50.59560576000867 	 49.64935537233982 	 2546.9166666666665 	 2476.7766666666666 	 2419.133333333333 	 52.62803171525819 	 51.08019957761411 	 49.524831033420895	2549.694272218753	2474.0284694641236	2515.3726070559533
