  0.01E-05  1.00E+00  1.193684E+55  6.290606E+54  7.497346E+54  8.078900E+48  5.619070E+48  6.691695E+48
  1.00E+00  2.50E+00  6.134416E+55  4.130206E+55  4.976790E+55  1.742705E+50  1.187282E+50  1.430028E+50
  2.50E+00  4.50E+00  1.500291E+56  8.713257E+55  1.024167E+56  8.430149E+50  4.932105E+50  5.802153E+50
  4.50E+00  7.00E+00  2.323776E+56  1.237395E+56  1.320700E+56  2.137869E+51  1.143842E+51  1.223154E+51
  7.00E+00  1.00E+01  2.258058E+56  1.358192E+56  1.307057E+56  3.065532E+51  1.850839E+51  1.785281E+51
  1.00E+01  1.40E+01  1.328793E+56  1.100114E+56  1.034996E+56  2.542992E+51  2.112796E+51  1.993718E+51
  1.40E+01  1.90E+01  5.537101E+55  6.143389E+55  6.418387E+55  1.455983E+51  1.619940E+51  1.697968E+51
  1.90E+01  2.50E+01  1.866050E+55  2.441392E+55  3.110949E+55  6.541103E+50  8.574635E+50  1.096085E+51
  2.50E+01  3.20E+01  5.661284E+54  7.629082E+54  1.203871E+55  2.570545E+50  3.468369E+50  5.488786E+50
  3.20E+01  4.00E+01  1.697272E+54  2.186990E+54  3.999535E+54  9.735331E+49  1.255243E+50  2.300736E+50
  4.00E+01  4.80E+01  5.872222E+53  7.166683E+53  1.395914E+54  4.122078E+49  5.031782E+49  9.811415E+49
  4.80E+01  5.80E+01  2.009180E+53  2.362732E+53  5.111317E+53  1.697966E+49  1.996908E+49  4.322261E+49
  5.80E+01  6.80E+01  7.895150E+52  8.964381E+52  2.260665E+53  7.940779E+48  9.016338E+48  2.274011E+49
  6.80E+01  8.00E+01  3.043565E+52  3.334816E+52  1.069204E+53  3.595089E+48  3.939132E+48  1.262984E+49
  8.00E+01  9.50E+01  1.124660E+52  1.177844E+52  5.143960E+52  1.570195E+48  1.644452E+48  7.181745E+48
  9.50E+01  1.15E+02  3.820435E+51  3.767358E+51  2.415148E+52  6.395326E+47  6.306477E+47  4.042907E+48
  1.15E+02  1.45E+02  1.121261E+51  9.990991E+50  1.016948E+52  2.318783E+47  2.066174E+47  2.103024E+48
  1.45E+02  1.85E+02  2.780300E+50  2.432793E+50  4.062831E+51  7.292620E+46  6.381123E+46  1.065665E+48
  1.85E+02  2.35E+02  7.405238E+49  5.575940E+49  1.513686E+51  2.472757E+46  1.861933E+46  5.054432E+47
  2.35E+02  3.00E+02  1.470597E+49  1.121384E+49  4.827368E+50  6.253329E+45  4.768395E+45  2.052712E+47
