  0.01E-05  1.00E+00  9.678963E+54  5.509552E+54  6.510015E+54  7.034643E+48  4.993066E+48  5.885740E+48
  1.00E+00  2.50E+00  5.235713E+55  3.501912E+55  4.175354E+55  1.494005E+50  1.008668E+50  1.202047E+50
  2.50E+00  4.50E+00  1.286526E+56  7.237090E+55  8.382652E+55  7.245355E+50  4.102351E+50  4.754322E+50
  4.50E+00  7.00E+00  2.004400E+56  1.015855E+56  1.062048E+56  1.847598E+51  9.403682E+50  9.844252E+50
  7.00E+00  1.00E+01  1.907747E+56  1.102347E+56  1.034932E+56  2.594285E+51  1.504400E+51  1.414550E+51
  1.00E+01  1.40E+01  1.023682E+56  8.674198E+55  8.073030E+55  1.963156E+51  1.669212E+51  1.556316E+51
  1.40E+01  1.90E+01  3.681443E+55  4.485185E+55  4.928664E+55  9.702285E+50  1.185470E+51  1.304984E+51
  1.90E+01  2.50E+01  1.024802E+55  1.537283E+55  2.337796E+55  3.599741E+50  5.412454E+50  8.244672E+50
  2.50E+01  3.20E+01  2.527536E+54  3.855910E+54  8.708058E+54  1.149355E+50  1.756765E+50  3.974472E+50
  3.20E+01  4.00E+01  6.397452E+53  8.620948E+53  2.696978E+54  3.672268E+49  4.954853E+49  1.553150E+50
  4.00E+01  4.80E+01  1.999001E+53  2.365205E+53  8.486505E+53  1.403567E+49  1.661409E+49  5.969328E+49
  4.80E+01  5.80E+01  6.471766E+52  7.101196E+52  2.787749E+53  5.469902E+48  6.002811E+48  2.358614E+49
  5.80E+01  6.80E+01  2.464069E+52  2.577087E+52  1.146725E+53  2.478457E+48  2.592198E+48  1.153694E+49
  6.80E+01  8.00E+01  9.262159E+51  9.290788E+51  5.229121E+52  1.094114E+48  1.097502E+48  6.177336E+48
  8.00E+01  9.50E+01  3.344770E+51  3.180949E+51  2.462163E+52  4.670058E+47  4.441342E+47  3.437756E+48
  9.50E+01  1.15E+02  1.119892E+51  9.769679E+50  1.132030E+52  1.874676E+47  1.635423E+47  1.894995E+48
  1.15E+02  1.45E+02  3.046607E+50  2.449510E+50  4.678850E+51  6.300749E+46  5.065879E+46  9.676423E+47
  1.45E+02  1.85E+02  8.041679E+49  5.468517E+49  1.843887E+51  2.109430E+46  1.434459E+46  4.836740E+47
  1.85E+02  2.35E+02  1.806378E+49  1.187592E+49  6.835896E+50  6.032251E+45  3.965903E+45  2.282803E+47
  2.35E+02  3.00E+02  2.114841E+48  1.705640E+48  2.078027E+50  8.993469E+44  7.253331E+44  8.836848E+46
