time 	 delTime 		 mean eVee 	 	 stdev eVee 	 	 mean eVth 	 	 stdev eVth 
 	  	 10 	 100 	 170 	 10 	 100 	 170 	 10 	 100 	 170 	 10 	 100 	 170 
1.5 	 0.05 	 272.16 	 262.66 	 255.2 	 19.821564015 	 19.07103563 	 18.9103146457 	 272.24 	 263.48 	 256.56 	 19.8902589224 	 19.4999897436 	 18.636694986
1.55 	 0.05 	 260.14 	 250.7 	 244.28 	 14.9679791555 	 14.3377125093 	 13.5233723605 	 260.38 	 251.58 	 245.4 	 14.8484207915 	 14.355612143 	 13.6014705087
1.6 	 0.05 	 259.4 	 250.44 	 243.44 	 16.4754362613 	 16.4099482022 	 15.8179138953 	 259.82 	 251.32 	 244.5 	 16.5356463436 	 16.5292952058 	 16.1124175716
1.65 	 0.05 	 249.4 	 240.36 	 233.8 	 14.5065502446 	 13.9380916915 	 13.6777191081 	 249.32 	 241.14 	 234.7 	 14.61976744 	 13.8029127361 	 13.6561341528
1.7 	 0.05 	 243.46 	 234.1 	 227.28 	 15.7126827754 	 15.1013244452 	 14.8526630609 	 243.66 	 235.02 	 228.74 	 15.7360859174 	 15.3459962205 	 14.8953818346
1.75 	 0.05 	 244.64 	 235.2 	 228.86 	 15.7248338624 	 16.4960601357 	 16.5009211864 	 244.62 	 236.44 	 230.0 	 15.6587228087 	 16.3953164044 	 16.6949094038
1.8 	 0.05 	 235.58 	 226.38 	 219.34 	 17.1091671334 	 17.3053633305 	 16.5452228755 	 235.48 	 227.3 	 220.5 	 17.0132183904 	 17.1979649959 	 16.6664333317
1.85 	 0.05 	 232.5 	 223.88 	 217.56 	 14.3614066163 	 14.4977791403 	 14.5343180095 	 232.34 	 224.7 	 218.56 	 14.006584166 	 14.3432911147 	 14.623487956
1.9 	 0.05 	 225.98 	 217.54 	 211.94 	 14.4934329957 	 14.3961244785 	 14.8356462616 	 226.14 	 218.1 	 212.76 	 14.7105540344 	 14.4128414964 	 14.7153797097
1.95 	 0.05 	 220.68 	 213.12 	 206.5 	 12.2203764263 	 11.6062741653 	 11.253888217 	 220.82 	 213.66 	 207.74 	 12.1600822366 	 11.5768907743 	 11.4574168118
2.0 	 0.05 	 217.56 	 208.92 	 202.74 	 15.3416557125 	 14.6408196492 	 13.7168655312 	 217.78 	 209.8 	 204.06 	 15.1779972328 	 14.6656060223 	 13.9418937021
2.05 	 0.05 	 212.64 	 204.34 	 198.7 	 17.4834321573 	 16.7745163865 	 16.6820262558 	 212.68 	 204.96 	 199.64 	 17.4727673824 	 16.5891048583 	 16.9820611234
2.1 	 0.05 	 211.52 	 203.58 	 198.08 	 16.2372904144 	 16.3169727585 	 16.1627225429 	 211.68 	 204.26 	 198.86 	 16.0479780658 	 16.3068206589 	 16.1715923768
2.15 	 0.05 	 205.5 	 197.72 	 191.8 	 14.3460796038 	 13.7099088254 	 13.4729358345 	 205.52 	 198.34 	 192.94 	 14.129741682 	 13.6800730992 	 13.6812426336
2.2 	 0.05 	 205.26 	 197.52 	 191.44 	 12.9411127806 	 12.6336693007 	 12.2411764141 	 205.2 	 198.22 	 192.64 	 12.9830658937 	 12.6274146206 	 12.0494979149
2.25 	 0.05 	 203.18 	 194.88 	 189.42 	 16.5429018011 	 16.4434059732 	 15.7227096901 	 203.14 	 195.66 	 190.48 	 16.60362611 	 16.5173968893 	 15.7952397893
2.3 	 0.05 	 201.96 	 193.88 	 187.98 	 13.7868923257 	 13.7355596901 	 13.4081915261 	 202.1 	 194.48 	 188.78 	 13.7829604948 	 14.0758516616 	 13.3825109751
2.35 	 0.05 	 199.36 	 191.7 	 185.76 	 13.3951633062 	 13.8408814748 	 13.8413294159 	 199.36 	 192.3 	 186.96 	 13.6861389734 	 13.9230025497 	 13.9283308404
2.4 	 0.05 	 194.94 	 187.12 	 181.56 	 15.3484982979 	 15.2599344691 	 14.4085530155 	 195.18 	 188.1 	 182.44 	 15.5353661045 	 15.3013071337 	 14.5837718029
2.45 	 0.05 	 192.32 	 184.62 	 178.34 	 15.4963737694 	 15.7008152655 	 15.0301164333 	 192.42 	 185.3 	 179.5 	 15.5949863738 	 15.5810782682 	 15.106621065
2.5 	 0.05 	 189.12 	 182.26 	 176.82 	 13.0776756345 	 13.211828034 	 12.4702686419 	 189.16 	 183.04 	 177.62 	 12.8706798577 	 13.1969087289 	 12.4577526063
2.55 	 0.05 	 184.22 	 177.16 	 172.2 	 15.9364864384 	 15.2280793273 	 14.8148574073 	 184.28 	 177.74 	 172.98 	 15.8695179511 	 15.3190208564 	 15.1042907811
2.6 	 0.05 	 184.12 	 176.9 	 171.58 	 13.9350493361 	 13.2954879564 	 13.283207444 	 184.22 	 177.82 	 172.78 	 13.8654823212 	 13.3995373054 	 13.3510898432
2.65 	 0.05 	 178.46 	 171.84 	 166.98 	 12.9340017009 	 12.7457600793 	 11.9222313348 	 178.48 	 172.38 	 167.78 	 13.0003692255 	 12.5186101465 	 12.3714025074
2.7 	 0.05 	 177.2 	 170.86 	 165.32 	 16.2665300541 	 16.1257681988 	 15.4601940479 	 177.5 	 171.22 	 165.76 	 16.457521077 	 16.1496625352 	 15.4655229462
2.75 	 0.05 	 175.46 	 168.38 	 163.24 	 11.5761997218 	 11.7301150889 	 12.0292310644 	 175.38 	 168.88 	 164.2 	 11.6874120318 	 11.8281697654 	 12.0332871652
2.8 	 0.05 	 174.28 	 167.22 	 161.96 	 13.2695742208 	 13.6327400034 	 12.826472625 	 174.26 	 167.7 	 162.84 	 13.2042568894 	 13.449535308 	 13.2338354229
2.85 	 0.05 	 170.66 	 163.66 	 158.08 	 13.0439411222 	 12.5436996138 	 12.5854519188 	 170.84 	 164.2 	 159.28 	 13.1717272975 	 12.6380378224 	 12.6000634919
2.9 	 0.05 	 170.5 	 163.82 	 159.22 	 13.635615131 	 13.5597787593 	 13.7044372376 	 170.58 	 164.22 	 159.78 	 13.49235339 	 13.5547630005 	 13.7539667006
2.95 	 0.05 	 166.34 	 159.4 	 154.64 	 11.0988467869 	 10.7349895203 	 10.2289002341 	 166.66 	 159.76 	 155.42 	 11.0083786272 	 10.7843590445 	 10.0221554568
3.0 	 0.05 	 159.78 	 153.66 	 148.68 	 11.8849316363 	 11.7415671867 	 11.3021059984 	 159.92 	 154.36 	 149.7 	 11.8959488903 	 11.6546299813 	 11.4074537036
3.05 	 0.05 	 165.14 	 157.84 	 153.38 	 13.7666408394 	 13.842485326 	 13.3414991661 	 165.02 	 158.66 	 154.18 	 13.5181211712 	 13.4990518186 	 13.665562557
