0.01	0.5149494949494949	1.0198989898989899	1.5248484848484847	2.0297979797979795	2.5347474747474745	3.039696969696969	3.544646464646464	4.049595959595959	4.554545454545454	5.059494949494949	5.564444444444444	6.0693939393939385	6.574343434343434	7.0792929292929285	7.584242424242424	8.089191919191919	8.594141414141413	9.099090909090908	9.604040404040404	10.108989898989899	10.613939393939393	11.118888888888888	11.623838383838383	12.128787878787877	12.633737373737373	13.138686868686868	13.643636363636363	14.148585858585857	14.653535353535352	15.158484848484848	15.663434343434343	16.16838383838384	16.673333333333336	17.17828282828283	17.683232323232325	18.188181818181818	18.693131313131314	19.19808080808081	19.703030303030303	20.2079797979798	20.712929292929292	21.21787878787879	21.722828282828285	22.227777777777778	22.732727272727274	23.237676767676767	23.742626262626263	24.247575757575756	24.752525252525253	25.25747474747475	25.762424242424242	26.267373737373738	26.77232323232323	27.277272727272727	27.782222222222224	28.287171717171717	28.792121212121213	29.297070707070706	29.802020202020202	30.3069696969697	30.81191919191919	31.316868686868688	31.82181818181818	32.32676767676767	32.831717171717166	33.336666666666666	33.84161616161616	34.34656565656565	34.851515151515144	35.356464646464644	35.86141414141414	36.36636363636363	36.87131313131313	37.37626262626262	37.881212121212116	38.386161616161615	38.89111111111111	39.3960606060606	39.901010101010094	40.405959595959594	40.91090909090909	41.41585858585858	41.92080808080808	42.42575757575757	42.930707070707065	43.435656565656565	43.94060606060606	44.44555555555555	44.95050505050504	45.45545454545454	45.960404040404036	46.46535353535353	46.97030303030303	47.47525252525252	47.980202020202015	48.48515151515151	48.99010101010101	49.4950505050505	50.0	
0.0	0.0	0.0	0.0	0.0	0.0	0.0	0.0	0.0	0.0	0.0	0.0	0.0	0.0	0.0	0.0	0.0	0.0	0.0	0.0	0.0	0.0	0.0	0.0	0.0	0.0	0.0	0.0	0.0	0.0	0.0	0.0	0.0	0.0	0.0	0.0	0.0	0.0	0.0	0.0	0.0	0.0	0.0	0.0	0.0	0.0	0.0	0.0	0.0	0.0	0.0	0.0	0.0	0.0	0.0	0.0	0.0	0.0	0.0	0.0	0.0	0.0	0.0	0.0	0.0	0.0	0.0	0.0	0.0	0.0	0.0	0.0	0.0	0.0	0.0	0.0	0.0	0.0	0.0	0.0	0.0	0.0	0.0	0.0	0.0	0.0	0.0	0.0	0.0	0.0	0.0	0.0	0.0	0.0	0.0	0.0	0.0	0.0	0.0	
0.0	0.0	0.0	0.0	0.0	0.0	0.0	0.0	0.0	0.0	0.0	0.0	0.0	0.0	0.0	0.0	0.0	0.0	0.0	0.0	0.0	0.0	0.0	0.0	0.0	0.0	0.0	0.0	0.0	0.0	0.0	0.0	0.0	0.0	0.0	0.0	0.0	0.0	0.0	0.0	0.0	0.0	0.0	0.0	0.0	0.0	0.0	0.0	0.0	0.0	0.0	0.0	0.0	0.0	0.0	0.0	0.0	0.0	0.0	0.0	0.0	0.0	0.0	0.0	0.0	0.0	0.0	0.0	0.0	0.0	0.0	0.0	0.0	0.0	0.0	0.0	0.0	0.0	0.0	0.0	0.0	0.0	0.0	0.0	0.0	0.0	0.0	0.0	0.0	0.0	0.0	0.0	0.0	0.0	0.0	0.0	0.0	0.0	0.0	
0.0	0.0	0.0	0.0	0.0	0.0	0.0	0.0	0.0	0.0	0.0	0.0	0.0	0.0	0.0	0.0	0.0	0.0	0.0	0.0	0.0	0.0	0.0	0.0	0.0	0.0	0.0	0.0	0.0	0.0	0.0	0.0	0.0	0.0	0.0	0.0	0.0	0.0	0.0	0.0	0.0	0.0	0.0	0.0	0.0	0.0	0.0	0.0	0.0	0.0	0.0	0.0	0.0	0.0	0.0	0.0	0.0	0.0	0.0	0.0	0.0	0.0	0.0	0.0	0.0	0.0	0.0	0.0	0.0	0.0	0.0	0.0	0.0	0.0	0.0	0.0	0.0	0.0	0.0	0.0	0.0	0.0	0.0	0.0	0.0	0.0	0.0	0.0	0.0	0.0	0.0	0.0	0.0	0.0	0.0	0.0	0.0	0.0	0.0	
0.0	0.0	0.0	0.0	0.0	0.0	0.0	0.0	0.0	0.0	0.0	0.0	0.0	0.0	0.0	0.0	0.0	0.0	0.0	0.0	0.0	0.0	0.0	0.0	0.0	0.0	0.0	0.0	0.0	0.0	0.0	0.0	0.0	0.0	0.0	0.0	0.0	0.0	0.0	0.0	0.0	0.0	0.0	0.0	0.0	0.0	0.0	0.0	0.0	0.0	0.0	0.0	0.0	0.0	0.0	0.0	0.0	0.0	0.0	0.0	0.0	0.0	0.0	0.0	0.0	0.0	0.0	0.0	0.0	0.0	0.0	0.0	0.0	0.0	0.0	0.0	0.0	0.0	0.0	0.0	0.0	0.0	0.0	0.0	0.0	0.0	0.0	0.0	0.0	0.0	0.0	0.0	0.0	0.0	0.0	0.0	0.0	0.0	0.0	
0.0	0.0	0.0	0.0	0.0	0.0	0.0	0.0	0.0	0.0	0.0	0.0	0.0	0.0	0.0	0.0	0.0	0.0	0.0	0.0	0.0	0.0	0.0	0.0	0.0	0.0	0.0	0.0	0.0	0.0	0.0	0.0	0.0	0.0	0.0	0.0	0.0	0.0	0.0	0.0	0.0	0.0	0.0	0.0	0.0	0.0	0.0	0.0	0.0	0.0	0.0	0.0	0.0	0.0	0.0	0.0	0.0	0.0	0.0	0.0	0.0	0.0	0.0	0.0	0.0	0.0	0.0	0.0	0.0	0.0	0.0	0.0	0.0	0.0	0.0	0.0	0.0	0.0	0.0	0.0	0.0	0.0	0.0	0.0	0.0	0.0	0.0	0.0	0.0	0.0	0.0	0.0	0.0	0.0	0.0	0.0	0.0	0.0	0.0	
0.0	0.0	0.0	0.0	0.0	0.0	0.0	0.0	0.0	0.0	0.0	0.0	0.0	0.0	0.0	0.0	0.0	0.0	0.0	0.0	0.0	0.0	0.0	0.0	0.0	0.0	0.0	0.0	0.0	0.0	0.0	0.0	0.0	0.0	0.0	0.0	0.0	0.0	0.0	0.0	0.0	0.0	0.0	0.0	0.0	0.0	0.0	0.0	0.0	0.0	0.0	0.0	0.0	0.0	0.0	0.0	0.0	0.0	0.0	0.0	0.0	0.0	0.0	0.0	0.0	0.0	0.0	0.0	0.0	0.0	0.0	0.0	0.0	0.0	0.0	0.0	0.0	0.0	0.0	0.0	0.0	0.0	0.0	0.0	0.0	0.0	0.0	0.0	0.0	0.0	0.0	0.0	0.0	0.0	0.0	0.0	0.0	0.0	0.0	
0.0	0.0	0.0	0.0	0.0	0.0	0.0	0.0	0.0	0.0	0.0	0.0	0.0	0.0	0.0	0.0	0.0	0.0	0.0	0.0	0.0	0.0	0.0	0.0	0.0	0.0	0.0	0.0	0.0	0.0	0.0	0.0	0.0	0.0	0.0	0.0	0.0	0.0	0.0	0.0	0.0	0.0	0.0	0.0	0.0	0.0	0.0	0.0	0.0	0.0	0.0	0.0	0.0	0.0	0.0	0.0	0.0	0.0	0.0	0.0	0.0	0.0	0.0	0.0	0.0	0.0	0.0	0.0	0.0	0.0	0.0	0.0	0.0	0.0	0.0	0.0	0.0	0.0	0.0	0.0	0.0	0.0	0.0	0.0	0.0	0.0	0.0	0.0	0.0	0.0	0.0	0.0	0.0	0.0	0.0	0.0	0.0	0.0	0.0	
0.0	0.0	0.0	0.0	0.0	0.0	0.0	0.0	0.0	0.0	0.0	0.0	0.0	0.0	0.0	0.0	0.0	0.0	0.0	0.0	0.0	0.0	0.0	0.0	0.0	0.0	0.0	0.0	0.0	0.0	0.0	0.0	0.0	0.0	0.0	0.0	0.0	0.0	0.0	0.0	0.0	0.0	0.0	0.0	0.0	0.0	0.0	0.0	0.0	0.0	0.0	0.0	0.0	0.0	0.0	0.0	0.0	0.0	0.0	0.0	0.0	0.0	0.0	0.0	0.0	0.0	0.0	0.0	0.0	0.0	0.0	0.0	0.0	0.0	0.0	0.0	0.0	0.0	0.0	0.0	0.0	0.0	0.0	0.0	0.0	0.0	0.0	0.0	0.0	0.0	0.0	0.0	0.0	0.0	0.0	0.0	0.0	0.0	0.0	
0.0	0.0	0.0	0.0	0.0	0.0	0.0	0.0	0.0	0.0	0.0	0.0	0.0	0.0	0.0	0.0	0.0	0.0	0.0	0.0	0.0	0.0	0.0	0.0	0.0	0.0	0.0	0.0	0.0	0.0	0.0	0.0	0.0	0.0	0.0	0.0	0.0	0.0	0.0	0.0	0.0	0.0	0.0	0.0	0.0	0.0	0.0	0.0	0.0	0.0	0.0	0.0	0.0	0.0	0.0	0.0	0.0	0.0	0.0	0.0	0.0	0.0	0.0	0.0	0.0	0.0	0.0	0.0	0.0	0.0	0.0	0.0	0.0	0.0	0.0	0.0	0.0	0.0	0.0	0.0	0.0	0.0	0.0	0.0	0.0	0.0	0.0	0.0	0.0	0.0	0.0	0.0	0.0	0.0	0.0	0.0	0.0	0.0	0.0	
0.0	0.0	0.0	0.0	0.0	0.0	0.0	0.0	0.0	0.0	0.0	0.0	0.0	0.0	0.0	0.0	0.0	0.0	0.0	0.0	0.0	0.0	0.0	0.0	0.0	0.0	0.0	0.0	0.0	0.0	0.0	0.0	0.0	0.0	0.0	0.0	0.0	0.0	0.0	0.0	0.0	0.0	0.0	0.0	0.0	0.0	0.0	0.0	0.0	0.0	0.0	0.0	0.0	0.0	0.0	0.0	0.0	0.0	0.0	0.0	0.0	0.0	0.0	0.0	0.0	0.0	0.0	0.0	0.0	0.0	0.0	0.0	0.0	0.0	0.0	0.0	0.0	0.0	0.0	0.0	0.0	0.0	0.0	0.0	0.0	0.0	0.0	0.0	0.0	0.0	0.0	0.0	0.0	0.0	0.0	0.0	0.0	0.0	0.0	
0.0	0.0	0.0	0.0	0.0	0.0	0.0	0.0	0.0	0.0	0.0	0.0	0.0	0.0	0.0	0.0	0.0	0.0	0.0	0.0	0.0	0.0	0.0	0.0	0.0	0.0	0.0	0.0	0.0	0.0	0.0	0.0	0.0	0.0	0.0	0.0	0.0	0.0	0.0	0.0	0.0	0.0	0.0	0.0	0.0	0.0	0.0	0.0	0.0	0.0	0.0	0.0	0.0	0.0	0.0	0.0	0.0	0.0	0.0	0.0	0.0	0.0	0.0	0.0	0.0	0.0	0.0	0.0	0.0	0.0	0.0	0.0	0.0	0.0	0.0	0.0	0.0	0.0	0.0	0.0	0.0	0.0	0.0	0.0	0.0	0.0	0.0	0.0	0.0	0.0	0.0	0.0	0.0	0.0	0.0	0.0	0.0	0.0	0.0	
0.0	0.0	0.0	0.0	0.0	0.0	0.0	0.0	0.0	0.0	0.0	0.0	0.0	0.0	0.0	0.0	0.0	0.0	0.0	0.0	0.0	0.0	0.0	0.0	0.0	0.0	0.0	0.0	0.0	0.0	0.0	0.0	0.0	0.0	0.0	0.0	0.0	0.0	0.0	0.0	0.0	0.0	0.0	0.0	0.0	0.0	0.0	0.0	0.0	0.0	0.0	0.0	0.0	0.0	0.0	0.0	0.0	0.0	0.0	0.0	0.0	0.0	0.0	0.0	0.0	0.0	0.0	0.0	0.0	0.0	0.0	0.0	0.0	0.0	0.0	0.0	0.0	0.0	0.0	0.0	0.0	0.0	0.0	0.0	0.0	0.0	0.0	0.0	0.0	0.0	0.0	0.0	0.0	0.0	0.0	0.0	0.0	0.0	0.0	
0.0	0.0	0.0	0.0	0.0	0.0	0.0	0.0	0.0	0.0	0.0	0.0	0.0	0.0	0.0	0.0	0.0	0.0	0.0	0.0	0.0	0.0	0.0	0.0	0.0	0.0	0.0	0.0	0.0	0.0	0.0	0.0	0.0	0.0	0.0	0.0	0.0	0.0	0.0	0.0	0.0	0.0	0.0	0.0	0.0	0.0	0.0	0.0	0.0	0.0	0.0	0.0	0.0	0.0	0.0	0.0	0.0	0.0	0.0	0.0	0.0	0.0	0.0	0.0	0.0	0.0	0.0	0.0	0.0	0.0	0.0	0.0	0.0	0.0	0.0	0.0	0.0	0.0	0.0	0.0	0.0	0.0	0.0	0.0	0.0	0.0	0.0	0.0	0.0	0.0	0.0	0.0	0.0	0.0	0.0	0.0	0.0	0.0	0.0	
0.0	0.0	0.0	0.0	0.0	0.0	0.0	0.0	0.0	0.0	0.0	0.0	0.0	0.0	0.0	0.0	0.0	0.0	0.0	0.0	0.0	0.0	0.0	0.0	0.0	0.0	0.0	0.0	0.0	0.0	0.0	0.0	0.0	0.0	0.0	0.0	0.0	0.0	0.0	0.0	0.0	0.0	0.0	0.0	0.0	0.0	0.0	0.0	0.0	0.0	0.0	0.0	0.0	0.0	0.0	0.0	0.0	0.0	0.0	0.0	0.0	0.0	0.0	0.0	0.0	0.0	0.0	0.0	0.0	0.0	0.0	0.0	0.0	0.0	0.0	0.0	0.0	0.0	0.0	0.0	0.0	0.0	0.0	0.0	0.0	0.0	0.0	0.0	0.0	0.0	0.0	0.0	0.0	0.0	0.0	0.0	0.0	0.0	0.0	
0.0	0.0	0.0	0.0	0.0	0.0	0.0	0.0	0.0	0.0	0.0	0.0	0.0	0.0	0.0	0.0	0.0	0.0	0.0	0.0	0.0	0.0	0.0	0.0	0.0	0.0	0.0	0.0	0.0	0.0	0.0	0.0	0.0	0.0	0.0	0.0	0.0	0.0	0.0	0.0	0.0	0.0	0.0	0.0	0.0	0.0	0.0	0.0	0.0	0.0	0.0	0.0	0.0	0.0	0.0	0.0	0.0	0.0	0.0	0.0	0.0	0.0	0.0	0.0	0.0	0.0	0.0	0.0	0.0	0.0	0.0	0.0	0.0	0.0	0.0	0.0	0.0	0.0	0.0	0.0	0.0	0.0	0.0	0.0	0.0	0.0	0.0	0.0	0.0	0.0	0.0	0.0	0.0	0.0	0.0	0.0	0.0	0.0	0.0	
0.0	0.0	0.0	0.0	0.0	0.0	0.0	0.0	0.0	0.0	0.0	0.0	0.0	0.0	0.0	0.0	0.0	0.0	0.0	0.0	0.0	0.0	0.0	0.0	0.0	0.0	0.0	0.0	0.0	0.0	0.0	0.0	0.0	0.0	0.0	0.0	0.0	0.0	0.0	0.0	0.0	0.0	0.0	0.0	0.0	0.0	0.0	0.0	0.0	0.0	0.0	0.0	0.0	0.0	0.0	0.0	0.0	0.0	0.0	0.0	0.0	0.0	0.0	0.0	0.0	0.0	0.0	0.0	0.0	0.0	0.0	0.0	0.0	0.0	0.0	0.0	0.0	0.0	0.0	0.0	0.0	0.0	0.0	0.0	0.0	0.0	0.0	0.0	0.0	0.0	0.0	0.0	0.0	0.0	0.0	0.0	0.0	0.0	0.0	
0.0	0.0	0.0	0.0	0.0	0.0	0.0	0.0	0.0	0.0	0.0	0.0	0.0	0.0	0.0	0.0	0.0	0.0	0.0	0.0	0.0	0.0	0.0	0.0	0.0	0.0	0.0	0.0	0.0	0.0	0.0	0.0	0.0	0.0	0.0	0.0	0.0	0.0	0.0	0.0	0.0	0.0	0.0	0.0	0.0	0.0	0.0	0.0	0.0	0.0	0.0	0.0	0.0	0.0	0.0	0.0	0.0	0.0	0.0	0.0	0.0	0.0	0.0	0.0	0.0	0.0	0.0	0.0	0.0	0.0	0.0	0.0	0.0	0.0	0.0	0.0	0.0	0.0	0.0	0.0	0.0	0.0	0.0	0.0	0.0	0.0	0.0	0.0	0.0	0.0	0.0	0.0	0.0	0.0	0.0	0.0	0.0	0.0	0.0	
0.0	0.0	0.0	0.0	0.0	0.0	0.0	0.0	0.0	0.0	0.0	0.0	0.0	0.0	0.0	0.0	0.0	0.0	0.0	0.0	0.0	0.0	0.0	0.0	0.0	0.0	0.0	0.0	0.0	0.0	0.0	0.0	0.0	0.0	0.0	0.0	0.0	0.0	0.0	0.0	0.0	0.0	0.0	0.0	0.0	0.0	0.0	0.0	0.0	0.0	0.0	0.0	0.0	0.0	0.0	0.0	0.0	0.0	0.0	0.0	0.0	0.0	0.0	0.0	0.0	0.0	0.0	0.0	0.0	0.0	0.0	0.0	0.0	0.0	0.0	0.0	0.0	0.0	0.0	0.0	0.0	0.0	0.0	0.0	0.0	0.0	0.0	0.0	0.0	0.0	0.0	0.0	0.0	0.0	0.0	0.0	0.0	0.0	0.0	
0.0	0.0	0.0	0.0	0.0	0.0	0.0	0.0	0.0	0.0	0.0	0.0	0.0	0.0	0.0	0.0	0.0	0.0	0.0	0.0	0.0	0.0	0.0	0.0	0.0	0.0	0.0	0.0	0.0	0.0	0.0	0.0	0.0	0.0	0.0	0.0	0.0	0.0	0.0	0.0	0.0	0.0	0.0	0.0	0.0	0.0	0.0	0.0	0.0	0.0	0.0	0.0	0.0	0.0	0.0	0.0	0.0	0.0	0.0	0.0	0.0	0.0	0.0	0.0	0.0	0.0	0.0	0.0	0.0	0.0	0.0	0.0	0.0	0.0	0.0	0.0	0.0	0.0	0.0	0.0	0.0	0.0	0.0	0.0	0.0	0.0	0.0	0.0	0.0	0.0	0.0	0.0	0.0	0.0	0.0	0.0	0.0	0.0	0.0	
0.0	0.0	0.0	0.0	0.0	0.0	0.0	0.0	0.0	0.0	0.0	0.0	0.0	0.0	0.0	0.0	0.0	0.0	0.0	0.0	0.0	0.0	0.0	0.0	0.0	0.0	0.0	0.0	0.0	0.0	0.0	0.0	0.0	0.0	0.0	0.0	0.0	0.0	0.0	0.0	0.0	0.0	0.0	0.0	0.0	0.0	0.0	0.0	0.0	0.0	0.0	0.0	0.0	0.0	0.0	0.0	0.0	0.0	0.0	0.0	0.0	0.0	0.0	0.0	0.0	0.0	0.0	0.0	0.0	0.0	0.0	0.0	0.0	0.0	0.0	0.0	0.0	0.0	0.0	0.0	0.0	0.0	0.0	0.0	0.0	0.0	0.0	0.0	0.0	0.0	0.0	0.0	0.0	0.0	0.0	0.0	0.0	0.0	0.0	
0.0	0.0	0.0	0.0	0.0	0.0	0.0	0.0	0.0	0.0	0.0	0.0	0.0	0.0	0.0	0.0	0.0	0.0	0.0	0.0	0.0	0.0	0.0	0.0	0.0	0.0	0.0	0.0	0.0	0.0	0.0	0.0	0.0	0.0	0.0	0.0	0.0	0.0	0.0	0.0	0.0	0.0	0.0	0.0	0.0	0.0	0.0	0.0	0.0	0.0	0.0	0.0	0.0	0.0	0.0	0.0	0.0	0.0	0.0	0.0	0.0	0.0	0.0	0.0	0.0	0.0	0.0	0.0	0.0	0.0	0.0	0.0	0.0	0.0	0.0	0.0	0.0	0.0	0.0	0.0	0.0	0.0	0.0	0.0	0.0	0.0	0.0	0.0	0.0	0.0	0.0	0.0	0.0	0.0	0.0	0.0	0.0	0.0	0.0	
0.0	0.0	0.0	0.0	0.0	0.0	0.0	0.0	0.0	0.0	0.0	0.0	0.0	0.0	0.0	0.0	0.0	0.0	0.0	0.0	0.0	0.0	0.0	0.0	0.0	0.0	0.0	0.0	0.0	0.0	0.0	0.0	0.0	0.0	0.0	0.0	0.0	0.0	0.0	0.0	0.0	0.0	0.0	0.0	0.0	0.0	0.0	0.0	0.0	0.0	0.0	0.0	0.0	0.0	0.0	0.0	0.0	0.0	0.0	0.0	0.0	0.0	0.0	0.0	0.0	0.0	0.0	0.0	0.0	0.0	0.0	0.0	0.0	0.0	0.0	0.0	0.0	0.0	0.0	0.0	0.0	0.0	0.0	0.0	0.0	0.0	0.0	0.0	0.0	0.0	0.0	0.0	0.0	0.0	0.0	0.0	0.0	0.0	0.0	
0.0	0.0	0.0	0.0	0.0	0.0	0.0	0.0	0.0	0.0	0.0	0.0	0.0	0.0	0.0	0.0	0.0	0.0	0.0	0.0	0.0	0.0	0.0	0.0	0.0	0.0	0.0	0.0	0.0	0.0	0.0	0.0	0.0	0.0	0.0	0.0	0.0	0.0	0.0	0.0	0.0	0.0	0.0	0.0	0.0	0.0	0.0	0.0	0.0	0.0	0.0	0.0	0.0	0.0	0.0	0.0	0.0	0.0	0.0	0.0	0.0	0.0	0.0	0.0	0.0	0.0	0.0	0.0	0.0	0.0	0.0	0.0	0.0	0.0	0.0	0.0	0.0	0.0	0.0	0.0	0.0	0.0	0.0	0.0	0.0	0.0	0.0	0.0	0.0	0.0	0.0	0.0	0.0	0.0	0.0	0.0	0.0	0.0	0.0	
0.0	0.0	0.0	0.0	0.0	0.0	0.0	0.0	0.0	0.0	0.0	0.0	0.0	0.0	0.0	0.0	0.0	0.0	0.0	0.0	0.0	0.0	0.0	0.0	0.0	0.0	0.0	0.0	0.0	0.0	0.0	0.0	0.0	0.0	0.0	0.0	0.0	0.0	0.0	0.0	0.0	0.0	0.0	0.0	0.0	0.0	0.0	0.0	0.0	0.0	0.0	0.0	0.0	0.0	0.0	0.0	0.0	0.0	0.0	0.0	0.0	0.0	0.0	0.0	0.0	0.0	0.0	0.0	0.0	0.0	0.0	0.0	0.0	0.0	0.0	0.0	0.0	0.0	0.0	0.0	0.0	0.0	0.0	0.0	0.0	0.0	0.0	0.0	0.0	0.0	0.0	0.0	0.0	0.0	0.0	0.0	0.0	0.0	0.0	
0.0	0.0	0.0	0.0	0.0	0.0	0.0	0.0	0.0	0.0	0.0	0.0	0.0	0.0	0.0	0.0	0.0	0.0	0.0	0.0	0.0	0.0	0.0	0.0	0.0	0.0	0.0	0.0	0.0	0.02	0.0	0.0	0.0	0.0	0.0	0.0	0.0	0.0	0.0	0.0	0.0	0.0	0.0	0.0	0.0	0.0	0.0	0.0	0.0	0.0	0.0	0.0	0.0	0.0	0.0	0.0	0.0	0.0	0.0	0.0	0.0	0.0	0.0	0.0	0.0	0.0	0.0	0.0	0.0	0.0	0.0	0.0	0.0	0.0	0.0	0.0	0.0	0.0	0.0	0.0	0.0	0.0	0.0	0.0	0.0	0.0	0.0	0.0	0.0	0.0	0.0	0.0	0.0	0.0	0.0	0.0	0.0	0.0	0.0	
0.0	0.0	0.02	0.0	0.0	0.0	0.0	0.0	0.0	0.0	0.0	0.0	0.02	0.0	0.0	0.0	0.02	0.0	0.0	0.0	0.0	0.0	0.0	0.0	0.0	0.0	0.0	0.0	0.0	0.0	0.0	0.0	0.0	0.0	0.0	0.0	0.0	0.0	0.0	0.0	0.0	0.0	0.0	0.0	0.0	0.0	0.0	0.0	0.0	0.0	0.0	0.0	0.0	0.0	0.0	0.0	0.0	0.0	0.0	0.0	0.0	0.0	0.0	0.0	0.0	0.0	0.0	0.0	0.0	0.0	0.0	0.0	0.0	0.0	0.0	0.0	0.0	0.0	0.0	0.0	0.0	0.0	0.0	0.0	0.0	0.0	0.0	0.0	0.0	0.0	0.0	0.0	0.0	0.0	0.0	0.0	0.0	0.0	0.0	
0.0	0.0	0.0	0.02	0.0	0.02	0.0	0.0	0.02	0.02	0.0	0.0	0.04	0.0	0.02	0.0	0.0	0.0	0.0	0.0	0.0	0.0	0.0	0.02	0.0	0.02	0.0	0.0	0.02	0.0	0.0	0.0	0.0	0.0	0.0	0.0	0.0	0.0	0.0	0.0	0.0	0.0	0.02	0.02	0.0	0.0	0.02	0.02	0.0	0.0	0.0	0.0	0.0	0.02	0.0	0.0	0.0	0.0	0.0	0.0	0.0	0.0	0.0	0.0	0.0	0.0	0.0	0.0	0.0	0.0	0.0	0.0	0.0	0.0	0.0	0.0	0.0	0.0	0.0	0.0	0.0	0.0	0.0	0.0	0.0	0.0	0.0	0.0	0.0	0.0	0.0	0.0	0.0	0.0	0.0	0.0	0.0	0.0	0.0	
0.0	0.02	0.02	0.02	0.02	0.06	0.02	0.02	0.02	0.02	0.04	0.0	0.04	0.04	0.04	0.0	0.06	0.02	0.02	0.02	0.0	0.0	0.02	0.04	0.0	0.0	0.02	0.02	0.1	0.0	0.0	0.0	0.0	0.04	0.04	0.0	0.02	0.02	0.0	0.0	0.02	0.0	0.02	0.0	0.0	0.0	0.0	0.0	0.0	0.0	0.0	0.0	0.0	0.0	0.02	0.0	0.0	0.02	0.02	0.0	0.0	0.0	0.0	0.0	0.0	0.0	0.0	0.0	0.02	0.0	0.0	0.0	0.0	0.0	0.0	0.0	0.0	0.0	0.0	0.0	0.0	0.0	0.0	0.0	0.0	0.02	0.0	0.0	0.0	0.0	0.0	0.0	0.0	0.0	0.0	0.0	0.0	0.0	0.0	
0.06	0.06	0.12	0.26	0.02	0.02	0.04	0.0	0.04	0.04	0.04	0.06	0.06	0.08	0.08	0.1	0.06	0.04	0.02	0.02	0.04	0.02	0.02	0.0	0.0	0.02	0.02	0.04	0.04	0.02	0.02	0.02	0.02	0.02	0.02	0.02	0.0	0.02	0.0	0.02	0.04	0.04	0.06	0.02	0.02	0.0	0.04	0.0	0.02	0.0	0.0	0.0	0.0	0.0	0.0	0.0	0.0	0.0	0.0	0.0	0.0	0.0	0.0	0.0	0.0	0.0	0.0	0.0	0.0	0.0	0.0	0.0	0.0	0.02	0.0	0.0	0.0	0.02	0.0	0.02	0.0	0.0	0.0	0.0	0.02	0.02	0.0	0.0	0.0	0.0	0.0	0.0	0.0	0.0	0.0	0.0	0.0	0.0	0.0	
0.16	0.12	0.26	0.28	0.08	0.12	0.1	0.1	0.1	0.04	0.12	0.18	0.12	0.1	0.12	0.18	0.08	0.04	0.04	0.04	0.06	0.06	0.04	0.08	0.1	0.06	0.06	0.02	0.06	0.22	0.12	0.04	0.02	0.08	0.04	0.02	0.08	0.06	0.02	0.04	0.04	0.02	0.02	0.08	0.08	0.06	0.0	0.08	0.04	0.06	0.04	0.06	0.02	0.0	0.0	0.0	0.02	0.0	0.0	0.0	0.04	0.0	0.02	0.0	0.02	0.0	0.0	0.02	0.0	0.02	0.0	0.0	0.0	0.0	0.0	0.0	0.02	0.0	0.0	0.0	0.0	0.0	0.0	0.0	0.0	0.0	0.0	0.02	0.0	0.02	0.0	0.0	0.0	0.0	0.0	0.0	0.0	0.0	0.0	
0.3	0.22	0.54	0.36	0.3	0.24	0.26	0.18	0.16	0.22	0.42	0.3	0.32	0.26	0.28	0.28	0.34	0.2	0.1	0.16	0.12	0.06	0.06	0.1	0.14	0.2	0.12	0.32	0.28	0.2	0.04	0.14	0.08	0.04	0.1	0.16	0.1	0.16	0.06	0.06	0.04	0.04	0.06	0.06	0.06	0.08	0.04	0.06	0.08	0.04	0.02	0.12	0.06	0.02	0.02	0.02	0.0	0.04	0.02	0.0	0.02	0.0	0.0	0.0	0.02	0.04	0.0	0.06	0.0	0.0	0.0	0.0	0.02	0.0	0.0	0.0	0.0	0.0	0.02	0.0	0.0	0.0	0.0	0.0	0.0	0.02	0.0	0.0	0.02	0.0	0.0	0.0	0.0	0.0	0.0	0.0	0.0	0.0	0.0	
0.28	0.44	0.78	0.98	0.5	0.32	0.22	0.38	0.36	0.46	0.52	0.66	0.5	0.52	0.4	0.56	0.52	0.32	0.1	0.16	0.18	0.14	0.16	0.46	0.34	0.3	0.3	0.48	0.36	0.34	0.14	0.3	0.16	0.14	0.14	0.18	0.2	0.06	0.12	0.12	0.26	0.12	0.22	0.1	0.08	0.06	0.08	0.16	0.1	0.14	0.08	0.04	0.06	0.02	0.04	0.04	0.0	0.06	0.02	0.04	0.0	0.08	0.04	0.04	0.04	0.04	0.04	0.04	0.04	0.02	0.02	0.0	0.0	0.02	0.02	0.02	0.02	0.0	0.0	0.0	0.02	0.0	0.0	0.0	0.0	0.04	0.04	0.0	0.0	0.02	0.02	0.0	0.0	0.0	0.0	0.0	0.0	0.0	0.0	
0.48	0.52	1.52	2.14	0.98	0.56	0.58	0.56	0.48	0.62	0.86	0.98	0.78	0.78	0.78	0.8	0.7	0.44	0.5	0.36	0.26	0.42	0.44	0.84	0.78	0.68	0.48	0.5	0.64	0.66	0.22	0.36	0.2	0.22	0.26	0.24	0.2	0.24	0.4	0.18	0.18	0.16	0.18	0.22	0.16	0.14	0.26	0.34	0.12	0.2	0.2	0.14	0.26	0.12	0.06	0.12	0.1	0.02	0.1	0.04	0.06	0.08	0.04	0.1	0.06	0.1	0.04	0.04	0.04	0.02	0.02	0.04	0.02	0.0	0.0	0.02	0.0	0.0	0.02	0.0	0.0	0.0	0.04	0.02	0.02	0.0	0.06	0.02	0.02	0.02	0.04	0.02	0.0	0.0	0.0	0.0	0.0	0.0	0.0	
1.06	0.92	1.86	2.7	1.24	0.86	1.02	0.8	0.8	1.06	1.04	1.34	1.06	1.04	1.44	1.5	1.32	0.84	0.52	0.48	0.62	0.68	0.66	0.88	0.76	0.9	1.28	1.0	1.06	0.94	0.58	0.4	0.38	0.4	0.48	0.48	0.44	0.46	0.38	0.4	0.16	0.34	0.36	0.36	0.3	0.24	0.32	0.4	0.24	0.2	0.32	0.5	0.26	0.12	0.02	0.06	0.02	0.08	0.12	0.06	0.08	0.12	0.02	0.1	0.12	0.16	0.04	0.04	0.06	0.02	0.04	0.0	0.06	0.0	0.0	0.0	0.04	0.06	0.04	0.0	0.08	0.08	0.04	0.02	0.04	0.02	0.02	0.0	0.0	0.04	0.04	0.04	0.0	0.0	0.0	0.0	0.0	0.0	0.0	
1.62	1.26	3.36	3.56	1.94	1.2	1.14	1.08	1.34	1.32	1.96	1.58	1.82	2.02	1.58	1.76	1.88	1.06	0.8	0.9	0.66	0.74	0.96	1.4	1.08	1.32	1.42	1.22	1.3	1.42	0.84	0.68	0.72	0.76	0.46	0.46	0.76	0.48	0.58	0.64	0.28	0.36	0.44	0.4	0.32	0.44	0.52	0.42	0.6	0.62	0.48	0.5	0.28	0.28	0.12	0.32	0.16	0.1	0.08	0.2	0.08	0.1	0.08	0.2	0.12	0.22	0.2	0.26	0.2	0.22	0.06	0.02	0.02	0.04	0.06	0.02	0.02	0.06	0.0	0.04	0.02	0.04	0.02	0.06	0.02	0.06	0.06	0.0	0.06	0.04	0.08	0.04	0.0	0.0	0.0	0.02	0.0	0.0	0.0	
1.94	2.1	4.46	4.96	2.56	1.94	1.76	2.14	2.2	1.96	2.2	2.72	2.48	2.84	2.32	2.84	2.48	1.56	0.86	1.08	1.08	1.16	1.22	1.5	1.94	1.84	1.84	1.52	1.9	1.64	1.12	0.68	0.92	0.88	0.86	0.74	0.9	0.84	1.02	0.8	0.58	0.64	0.7	0.68	0.74	0.38	0.74	0.62	0.52	0.58	0.66	0.58	0.48	0.22	0.32	0.22	0.24	0.08	0.34	0.1	0.16	0.22	0.26	0.22	0.18	0.3	0.22	0.24	0.12	0.12	0.1	0.08	0.06	0.04	0.08	0.02	0.06	0.06	0.04	0.06	0.06	0.02	0.02	0.08	0.06	0.06	0.06	0.04	0.0	0.02	0.02	0.04	0.02	0.0	0.0	0.02	0.0	0.0	0.0	
2.8	1.92	6.9	6.16	3.28	2.78	2.44	2.6	2.28	2.34	3.28	3.48	3.1	3.7	3.26	3.36	2.98	1.96	1.58	1.7	1.36	1.8	1.52	2.04	2.8	2.8	2.18	2.2	2.5	2.2	1.62	1.02	1.38	1.02	1.22	1.2	1.14	0.92	1.3	1.1	0.9	0.5	0.86	0.94	0.82	0.5	0.9	0.66	0.78	0.74	0.56	0.84	0.48	0.28	0.26	0.32	0.3	0.3	0.16	0.22	0.18	0.5	0.3	0.32	0.34	0.18	0.2	0.24	0.3	0.16	0.04	0.08	0.12	0.12	0.14	0.02	0.06	0.06	0.16	0.02	0.1	0.08	0.02	0.02	0.16	0.1	0.06	0.08	0.12	0.08	0.06	0.04	0.02	0.0	0.0	0.0	0.0	0.0	0.0	
3.72	3.12	7.36	8.26	4.94	3.16	3.48	3.42	2.98	3.44	3.98	4.26	4.36	4.26	3.98	3.68	4.14	2.52	1.52	1.72	1.6	1.9	2.14	2.8	3.08	2.82	3.02	3.06	2.82	3.22	1.58	1.56	1.4	1.28	1.74	1.32	1.42	1.54	1.38	1.54	1.0	1.14	1.1	1.02	1.2	1.28	1.04	1.0	0.98	1.18	1.26	0.62	0.8	0.34	0.3	0.36	0.26	0.34	0.3	0.18	0.28	0.38	0.3	0.54	0.3	0.36	0.46	0.18	0.22	0.24	0.1	0.12	0.06	0.12	0.08	0.12	0.06	0.04	0.14	0.04	0.1	0.18	0.08	0.08	0.08	0.08	0.04	0.14	0.04	0.1	0.12	0.04	0.04	0.02	0.02	0.02	0.02	0.02	0.0	
4.54	4.16	9.06	9.46	5.48	4.36	3.88	3.78	3.8	4.5	5.72	5.04	5.16	5.08	5.2	5.2	5.36	3.1	2.18	2.06	2.0	2.62	2.66	4.2	3.52	3.8	4.04	3.6	3.86	3.32	2.32	1.96	2.04	1.94	1.82	1.56	1.6	1.6	1.74	1.96	1.58	1.24	1.4	1.14	1.22	1.4	1.32	1.24	1.26	1.0	1.18	1.46	0.86	0.64	0.24	0.48	0.3	0.32	0.5	0.54	0.44	0.34	0.5	0.36	0.54	0.28	0.36	0.34	0.34	0.36	0.14	0.08	0.1	0.06	0.12	0.26	0.16	0.1	0.06	0.14	0.04	0.08	0.14	0.16	0.1	0.12	0.06	0.06	0.08	0.08	0.14	0.04	0.02	0.0	0.0	0.0	0.02	0.0	0.0	
4.98	5.26	10.84	11.7	6.2	5.32	4.7	4.96	4.78	4.22	6.38	6.74	5.8	6.1	6.08	5.74	6.4	3.8	2.54	2.98	2.56	2.86	2.82	4.56	4.24	4.58	3.96	4.2	4.28	4.08	2.54	2.1	2.3	2.26	2.36	2.38	2.18	2.26	2.38	1.82	1.9	1.48	1.58	1.36	1.94	1.24	1.46	1.64	1.56	1.4	1.74	1.24	1.04	0.46	0.38	0.56	0.4	0.46	0.42	0.6	0.42	0.5	0.54	0.64	0.5	0.58	0.54	0.28	0.58	0.28	0.16	0.16	0.22	0.1	0.12	0.18	0.08	0.12	0.14	0.2	0.12	0.12	0.26	0.08	0.08	0.1	0.06	0.08	0.12	0.2	0.12	0.08	0.04	0.0	0.0	0.0	0.0	0.0	0.02	
6.3	5.28	13.02	14.02	8.12	5.86	5.6	5.4	5.18	5.8	7.48	7.22	6.58	7.46	7.34	7.46	7.42	4.24	3.26	3.26	3.06	3.4	3.76	5.64	5.0	4.9	5.12	5.4	5.18	4.78	2.66	2.68	2.82	2.26	2.74	2.28	2.14	2.44	2.22	2.48	1.92	1.6	1.82	1.6	1.92	1.96	1.8	1.9	1.78	2.0	1.92	1.48	1.44	0.76	0.74	0.68	0.66	0.68	0.66	0.5	0.74	0.58	0.58	0.4	0.44	0.62	0.34	0.48	0.52	0.32	0.08	0.1	0.12	0.14	0.14	0.28	0.14	0.1	0.24	0.18	0.16	0.18	0.22	0.22	0.24	0.2	0.16	0.2	0.18	0.02	0.14	0.16	0.08	0.04	0.02	0.0	0.0	0.0	0.0	
7.78	6.5	14.46	15.56	8.66	7.14	6.48	5.74	6.06	7.36	7.88	7.94	8.8	8.28	8.42	9.06	8.4	4.78	4.06	3.94	4.0	3.86	4.1	5.72	5.88	5.36	5.5	5.84	5.98	6.34	3.44	2.52	2.9	3.16	3.06	2.56	3.36	2.58	2.94	2.52	2.08	1.98	2.22	1.92	2.04	1.98	2.12	1.96	2.16	2.22	2.34	2.04	1.46	0.78	0.84	0.82	0.7	0.58	0.74	0.74	0.6	0.94	0.44	0.72	0.82	0.7	0.62	0.58	0.72	0.48	0.32	0.24	0.22	0.26	0.12	0.22	0.2	0.14	0.16	0.18	0.28	0.12	0.18	0.26	0.18	0.14	0.22	0.18	0.24	0.2	0.18	0.22	0.06	0.02	0.04	0.02	0.0	0.0	0.0	
8.66	6.92	16.04	16.96	9.4	7.84	7.62	7.68	6.82	6.38	9.2	9.46	9.68	8.68	9.26	9.44	9.08	6.08	4.74	5.24	4.38	4.68	5.56	6.08	7.3	6.42	6.68	6.86	6.94	6.04	4.44	3.32	3.38	3.1	3.44	3.72	3.06	3.32	3.24	3.22	2.34	2.5	2.52	2.68	2.68	2.7	2.14	2.74	2.2	2.28	2.48	2.22	1.52	0.88	0.68	0.66	0.96	0.7	0.6	0.66	0.72	0.78	0.96	0.64	0.98	0.9	0.84	0.88	0.86	0.5	0.28	0.16	0.24	0.14	0.14	0.28	0.22	0.2	0.36	0.2	0.2	0.26	0.16	0.14	0.34	0.32	0.34	0.16	0.26	0.24	0.14	0.1	0.02	0.0	0.0	0.0	0.0	0.0	0.02	
8.48	7.76	18.44	19.58	10.78	8.06	7.92	8.52	8.22	7.76	9.66	10.54	10.66	10.86	10.26	9.8	10.56	6.64	4.44	4.54	4.82	5.08	5.62	7.86	6.98	7.36	7.5	6.92	6.98	6.8	4.44	3.38	4.02	4.4	3.56	3.6	3.96	3.76	3.42	3.28	2.96	2.7	2.86	2.32	2.84	2.32	2.74	2.64	2.6	2.58	2.52	2.52	1.6	0.84	0.6	1.02	1.0	0.9	0.6	1.14	0.68	0.78	0.92	0.86	0.76	1.02	0.92	0.96	0.88	0.58	0.34	0.28	0.2	0.22	0.14	0.1	0.16	0.3	0.26	0.34	0.2	0.12	0.14	0.3	0.14	0.16	0.1	0.2	0.22	0.26	0.08	0.16	0.1	0.0	0.0	0.04	0.02	0.02	0.02	
10.36	8.44	19.3	21.28	13.2	8.88	9.6	7.42	8.32	8.96	11.62	11.24	10.82	11.08	10.96	12.08	11.16	7.14	5.16	5.78	4.58	5.04	5.92	7.34	8.16	8.36	8.58	7.8	8.34	8.14	5.04	3.68	4.24	4.18	4.2	3.98	4.06	3.46	4.0	3.84	2.72	2.9	2.98	2.88	2.84	3.04	2.4	3.44	2.9	2.7	2.5	3.08	2.1	1.02	1.12	1.24	1.1	1.02	1.04	0.82	0.9	0.98	1.16	0.96	1.06	1.2	0.88	1.24	0.84	0.48	0.26	0.22	0.22	0.36	0.26	0.18	0.26	0.22	0.16	0.28	0.32	0.26	0.36	0.26	0.38	0.22	0.28	0.36	0.22	0.24	0.12	0.2	0.08	0.0	0.0	0.0	0.02	0.0	0.02	
11.2	9.8	21.54	23.82	13.64	10.2	9.78	9.28	9.04	9.72	11.9	13.0	12.6	12.32	13.38	13.06	12.08	7.16	5.48	5.64	5.98	6.14	6.62	8.64	8.4	8.6	8.74	8.42	9.32	8.64	5.26	4.5	4.42	4.56	4.4	4.02	4.06	4.38	4.44	3.84	2.9	2.98	3.2	3.22	3.1	3.06	2.98	2.84	3.18	2.96	3.56	3.4	2.68	1.46	1.18	1.04	0.92	1.12	0.94	1.08	1.2	1.0	0.94	1.08	0.92	1.04	1.02	1.2	0.98	0.62	0.38	0.46	0.26	0.3	0.24	0.42	0.14	0.3	0.24	0.24	0.32	0.34	0.2	0.32	0.22	0.34	0.28	0.26	0.3	0.14	0.12	0.16	0.02	0.02	0.02	0.06	0.02	0.02	0.0	
12.24	9.66	23.32	25.46	14.34	10.94	10.34	9.78	10.56	11.24	13.4	13.34	13.24	13.18	13.34	13.52	13.38	8.56	6.3	6.58	5.68	7.04	6.78	9.24	9.22	8.8	8.26	9.8	9.4	9.62	5.16	4.56	4.78	4.62	4.6	5.16	4.72	4.96	4.26	4.36	3.34	3.22	3.56	3.1	3.06	3.36	3.58	3.4	3.1	3.08	3.48	3.3	2.52	1.02	1.12	0.84	1.42	0.84	1.04	0.96	1.12	1.1	1.14	1.06	1.32	1.28	1.06	1.42	0.98	0.8	0.58	0.4	0.32	0.2	0.3	0.24	0.36	0.38	0.42	0.2	0.34	0.34	0.26	0.3	0.4	0.24	0.34	0.42	0.12	0.3	0.48	0.22	0.02	0.02	0.02	0.06	0.06	0.02	0.04	
12.82	10.84	26.12	27.66	16.42	12.74	11.62	11.7	10.52	11.1	14.06	13.32	14.76	14.28	14.92	13.9	14.84	8.76	7.44	6.64	7.06	7.86	7.44	9.92	10.52	10.32	10.14	9.36	10.2	10.72	6.3	5.84	4.98	5.22	5.22	4.92	5.24	5.58	5.3	4.76	3.74	3.64	3.76	3.56	3.52	3.84	3.92	3.5	3.1	3.8	3.22	3.6	2.98	1.36	1.26	1.34	1.3	0.82	1.06	1.04	0.9	1.3	1.14	1.04	1.28	1.2	1.08	1.38	1.36	0.76	0.3	0.3	0.28	0.26	0.26	0.28	0.32	0.28	0.18	0.32	0.34	0.4	0.3	0.3	0.44	0.28	0.4	0.44	0.24	0.28	0.28	0.36	0.04	0.0	0.0	0.0	0.0	0.0	0.04	
13.14	11.94	25.26	28.04	17.52	12.24	11.66	12.18	12.72	11.34	15.14	14.2	14.8	15.32	14.86	15.12	14.72	9.42	6.78	6.92	6.98	8.32	7.72	11.9	10.52	10.4	10.6	10.52	10.78	10.12	7.1	5.76	5.82	6.4	5.22	5.82	5.6	5.5	5.24	5.58	3.64	3.84	3.48	4.32	3.62	3.94	4.06	3.88	4.12	3.86	3.76	3.66	3.0	1.18	1.44	1.32	1.18	1.36	1.08	1.58	1.16	1.44	1.36	1.18	0.96	1.22	1.22	1.36	1.18	0.82	0.36	0.28	0.16	0.42	0.34	0.32	0.34	0.48	0.32	0.4	0.38	0.32	0.38	0.3	0.32	0.56	0.48	0.32	0.48	0.32	0.34	0.4	0.04	0.04	0.02	0.04	0.04	0.0	0.02	
14.64	13.68	28.14	29.62	16.92	13.46	14.1	13.96	12.48	11.56	15.4	16.6	16.36	15.26	17.08	16.16	16.14	10.62	7.7	7.52	8.08	7.12	9.06	12.12	11.08	11.78	11.28	11.34	10.96	12.04	7.78	6.12	6.12	5.9	5.72	6.38	5.52	5.9	5.46	5.12	4.36	4.46	3.96	3.88	4.34	3.94	4.66	4.42	4.36	4.3	4.22	4.12	3.54	1.8	1.36	1.3	1.58	1.22	1.48	1.7	1.36	1.28	1.4	1.44	1.48	1.58	1.38	1.52	1.4	1.04	0.38	0.28	0.46	0.34	0.5	0.46	0.38	0.34	0.42	0.3	0.4	0.48	0.4	0.42	0.28	0.36	0.34	0.38	0.32	0.44	0.38	0.28	0.12	0.0	0.0	0.02	0.02	0.0	0.0	
16.12	12.94	30.12	30.02	17.62	15.36	13.8	14.04	12.86	12.88	15.68	16.88	16.16	16.82	16.0	16.74	15.84	10.68	8.74	9.0	8.22	8.38	8.38	11.52	11.82	12.68	12.04	11.64	11.74	11.64	7.28	6.5	6.44	5.44	6.16	6.42	5.5	6.38	6.32	6.16	4.9	4.42	4.9	4.62	4.7	4.32	4.5	4.62	4.7	4.6	5.1	4.64	3.14	1.56	1.4	1.74	1.68	1.7	2.0	1.7	1.64	1.7	1.6	1.62	1.64	1.48	1.4	1.58	1.36	0.88	0.36	0.36	0.34	0.4	0.36	0.36	0.3	0.46	0.38	0.54	0.32	0.36	0.26	0.38	0.48	0.42	0.52	0.48	0.5	0.38	0.32	0.28	0.1	0.0	0.0	0.02	0.04	0.02	0.0	
16.78	13.6	29.52	33.4	19.4	15.4	15.22	15.02	14.56	13.52	16.86	17.74	18.22	17.68	18.66	16.86	19.18	11.0	8.44	8.36	8.88	8.14	9.38	12.68	12.02	12.94	12.9	12.92	12.24	12.94	8.06	7.12	6.16	5.58	6.56	6.5	6.7	6.28	6.48	6.76	5.14	4.64	4.66	4.54	4.24	4.46	4.54	4.16	4.36	4.2	4.48	4.68	3.52	1.3	1.22	1.42	1.54	1.44	1.56	1.42	1.5	1.84	1.52	1.6	1.62	1.52	1.18	1.58	1.32	1.22	0.34	0.36	0.46	0.44	0.28	0.38	0.36	0.44	0.42	0.4	0.56	0.38	0.46	0.32	0.48	0.32	0.36	0.56	0.5	0.46	0.6	0.34	0.04	0.02	0.04	0.0	0.0	0.02	0.02	
17.16	13.24	30.74	33.4	20.74	15.86	15.68	14.76	14.24	15.88	18.12	17.18	17.96	17.9	18.2	19.2	18.04	11.36	9.66	9.08	9.04	8.76	8.94	12.96	14.46	13.6	12.84	13.32	12.56	12.92	7.72	6.5	6.6	7.2	6.8	6.52	7.16	6.98	6.68	7.12	4.74	4.38	4.36	4.52	4.16	4.34	4.68	5.2	4.9	4.04	4.52	4.42	3.44	1.86	1.64	1.42	1.58	1.5	1.58	1.72	1.76	1.84	1.54	1.8	1.56	1.64	1.44	1.58	1.38	1.24	0.5	0.42	0.48	0.46	0.32	0.44	0.58	0.48	0.56	0.44	0.54	0.42	0.56	0.54	0.42	0.5	0.38	0.5	0.48	0.38	0.36	0.42	0.06	0.0	0.08	0.04	0.0	0.02	0.04	
16.9	16.06	32.02	35.98	20.18	17.52	15.66	14.68	15.58	15.5	18.88	18.44	18.3	18.68	18.84	18.3	18.78	11.42	9.94	8.38	9.02	8.86	10.58	13.84	13.36	14.0	12.98	13.22	13.04	13.1	7.9	6.96	7.28	6.94	6.96	6.56	6.7	6.38	7.18	6.3	5.16	5.02	4.66	5.54	5.14	5.0	5.06	5.24	5.32	4.98	4.7	5.62	3.84	1.86	1.9	1.8	1.52	1.6	1.76	1.86	1.86	1.52	1.92	1.36	2.16	1.56	1.66	1.54	1.88	1.14	0.6	0.52	0.56	0.4	0.42	0.46	0.34	0.64	0.48	0.62	0.44	0.4	0.44	0.46	0.56	0.38	0.44	0.44	0.66	0.52	0.5	0.3	0.1	0.0	0.02	0.0	0.02	0.04	0.04	
18.32	15.92	32.6	35.96	21.94	17.0	16.18	15.72	15.78	15.86	19.34	19.2	20.06	20.84	18.56	20.04	19.18	12.52	9.6	8.84	9.68	9.94	10.6	13.56	13.08	13.0	13.28	14.9	13.78	13.98	8.82	7.22	7.26	7.34	7.24	7.22	7.52	7.18	7.3	6.8	5.34	5.14	5.06	5.14	5.26	5.28	4.54	5.4	5.18	5.66	5.04	5.62	3.76	2.04	1.5	1.94	1.46	1.78	2.0	1.22	1.5	1.48	2.0	1.9	1.74	2.08	1.54	1.72	1.92	1.46	0.62	0.6	0.4	0.38	0.52	0.68	0.6	0.54	0.32	0.44	0.42	0.36	0.36	0.42	0.42	0.6	0.5	0.5	0.54	0.7	0.44	0.38	0.1	0.06	0.0	0.0	0.0	0.04	0.0	
18.6	15.74	33.54	36.52	22.3	16.78	16.62	17.54	15.84	15.76	19.68	19.02	19.94	19.44	19.94	19.68	19.62	12.32	10.3	9.82	9.8	9.94	10.32	14.96	13.76	14.0	13.82	14.44	15.2	14.44	8.22	7.34	6.84	7.46	7.06	7.28	7.4	6.82	8.24	6.9	5.94	5.18	5.5	5.56	5.66	4.76	5.16	4.64	5.5	4.78	5.38	5.78	3.64	1.9	2.0	1.78	1.66	1.52	1.98	1.94	1.78	2.12	1.76	1.64	1.7	1.72	1.78	1.66	2.44	1.22	0.62	0.5	0.52	0.44	0.48	0.58	0.5	0.5	0.48	0.52	0.38	0.52	0.56	0.46	0.48	0.4	0.32	0.38	0.6	0.5	0.42	0.46	0.12	0.02	0.02	0.08	0.02	0.1	0.0	
18.88	15.38	33.16	35.64	22.0	18.3	17.08	17.18	16.48	16.58	19.98	20.3	20.38	20.44	19.62	20.28	18.58	12.78	11.02	10.68	10.72	9.9	11.16	14.78	14.72	15.04	14.02	14.3	15.58	13.6	9.08	7.62	7.98	7.14	7.36	7.72	7.7	7.18	7.22	7.02	5.36	5.68	5.5	5.24	5.14	5.7	5.2	5.26	5.02	5.58	5.34	5.36	4.0	1.92	1.96	1.74	1.86	1.98	1.74	1.8	2.02	1.88	1.98	1.94	1.7	2.08	1.82	1.72	1.58	1.32	0.5	0.44	0.46	0.52	0.44	0.5	0.76	0.4	0.42	0.48	0.58	0.62	0.46	0.52	0.3	0.52	0.54	0.42	0.5	0.52	0.36	0.34	0.12	0.04	0.02	0.0	0.02	0.02	0.0	
19.16	16.2	33.42	38.24	24.02	17.74	17.84	17.48	17.28	16.66	21.36	19.4	20.86	19.76	19.72	21.0	20.92	13.5	9.76	10.64	9.68	10.68	12.12	14.68	14.8	14.22	14.1	14.7	14.68	14.84	8.92	7.02	8.34	7.76	7.26	8.02	7.12	8.16	7.26	6.5	5.32	5.1	5.34	5.6	5.68	5.78	6.64	5.44	5.14	5.94	5.44	5.7	4.2	2.02	1.7	2.04	2.16	1.82	2.18	1.96	1.7	2.18	1.62	1.58	1.82	1.92	2.0	1.74	1.98	1.36	0.64	0.58	0.58	0.54	0.76	0.46	0.6	0.74	0.42	0.58	0.38	0.3	0.32	0.62	0.42	0.48	0.46	0.52	0.32	0.4	0.46	0.4	0.1	0.06	0.04	0.04	0.02	0.0	0.02	
20.04	16.82	36.84	37.74	22.94	18.54	17.32	17.86	16.96	17.7	20.04	21.42	20.38	21.38	21.6	21.3	21.74	13.44	10.82	10.04	9.84	10.96	12.02	14.34	14.7	15.58	14.54	15.2	16.26	15.76	9.74	8.08	7.6	7.48	7.64	7.72	8.2	7.18	7.1	7.38	6.28	4.8	5.2	5.52	5.46	5.44	5.7	5.72	5.7	5.12	5.2	5.1	4.24	2.12	1.82	1.78	2.26	1.68	1.8	1.96	1.64	1.72	2.06	2.08	1.92	2.0	2.08	1.6	2.18	1.24	0.58	0.6	0.74	0.58	0.34	0.34	0.38	0.54	0.52	0.4	0.46	0.68	0.54	0.52	0.52	0.48	0.74	0.34	0.56	0.32	0.6	0.24	0.08	0.0	0.04	0.06	0.02	0.0	0.04	
19.72	16.54	36.62	36.66	23.94	19.06	17.7	17.06	17.02	18.12	20.5	19.88	19.38	21.36	21.74	21.28	20.7	14.46	10.42	10.28	10.7	10.72	11.58	15.06	15.74	15.54	16.46	15.6	15.8	14.86	8.94	7.52	7.86	7.46	7.06	8.22	8.4	7.16	8.08	7.76	6.3	5.78	5.56	5.64	5.48	5.82	6.18	6.04	5.54	5.38	5.32	5.86	4.18	2.14	2.0	2.18	1.88	2.14	2.04	2.32	1.68	1.92	2.04	2.26	1.84	1.74	1.64	2.2	1.52	1.06	0.66	0.72	0.64	0.38	0.4	0.48	0.56	0.6	0.48	0.34	0.58	0.74	0.56	0.52	0.5	0.54	0.6	0.64	0.4	0.38	0.7	0.3	0.1	0.02	0.02	0.0	0.04	0.0	0.06	
21.0	15.78	36.88	39.58	22.96	18.58	18.04	17.42	16.94	17.82	22.34	20.38	20.22	20.86	20.78	20.98	21.08	14.32	11.08	9.9	10.88	11.34	11.3	15.4	15.34	13.56	15.9	15.24	16.02	13.46	9.64	7.74	7.58	7.76	7.84	8.58	8.06	7.42	7.98	7.1	5.78	5.8	5.62	5.42	6.0	5.56	5.46	6.0	5.54	6.02	5.64	5.94	3.96	2.12	1.68	1.94	1.96	2.26	1.74	2.04	1.86	2.16	1.66	1.98	2.06	2.14	2.22	1.52	1.98	1.32	0.68	0.36	0.48	0.56	0.72	0.6	0.6	0.44	0.46	0.5	0.52	0.4	0.62	0.22	0.44	0.64	0.56	0.3	0.56	0.54	0.54	0.3	0.08	0.06	0.06	0.0	0.04	0.04	0.08	
20.06	16.86	38.2	37.74	24.94	19.9	18.52	17.84	17.1	17.28	20.26	20.54	21.66	20.96	21.42	21.36	21.06	13.04	10.96	10.24	10.62	11.68	12.5	15.42	15.56	14.84	14.98	15.34	16.1	15.4	9.52	8.14	7.86	7.94	8.26	7.94	7.44	7.36	7.86	7.48	5.84	6.2	5.66	5.94	5.36	5.48	5.7	5.12	5.5	6.0	5.86	5.24	4.18	2.1	1.92	1.86	1.86	2.48	1.96	1.78	1.9	1.9	1.92	1.82	1.92	1.82	2.14	1.86	1.86	1.58	0.62	0.46	0.42	0.48	0.28	0.52	0.52	0.44	0.36	0.4	0.58	0.42	0.5	0.42	0.42	0.46	0.66	0.52	0.6	0.62	0.58	0.26	0.06	0.02	0.04	0.04	0.0	0.04	0.08	
19.82	17.96	36.22	38.64	24.42	18.04	18.34	17.52	17.46	18.08	21.02	22.28	21.22	21.82	21.26	20.38	21.74	13.98	11.72	11.42	10.76	10.96	11.44	14.1	16.24	14.72	16.14	15.18	15.4	15.32	9.5	8.66	7.22	7.74	7.56	7.82	8.1	8.26	6.9	6.98	5.74	5.06	5.9	6.3	5.96	5.48	6.14	5.54	5.44	5.3	5.4	5.68	4.36	2.66	1.54	1.9	1.94	1.84	1.92	1.92	1.72	1.88	2.22	2.08	2.18	1.9	2.26	1.78	1.74	1.5	0.58	0.6	0.56	0.64	0.5	0.52	0.6	0.68	0.48	0.56	0.42	0.6	0.46	0.5	0.5	0.58	0.5	0.66	0.46	0.5	0.56	0.36	0.2	0.04	0.06	0.04	0.04	0.0	0.02	
20.0	17.2	34.8	39.5	24.22	19.06	18.82	16.94	17.78	16.96	22.3	22.34	20.68	20.6	21.8	20.6	20.24	13.46	11.56	11.2	10.9	10.52	11.84	16.66	15.8	15.12	15.28	15.26	15.28	14.6	10.1	7.98	7.6	7.22	8.5	7.58	7.54	8.38	8.06	7.98	5.38	6.44	5.58	5.68	6.48	5.42	5.74	5.92	5.3	6.14	6.02	6.14	4.5	2.14	1.98	1.64	1.94	1.78	1.88	2.04	2.06	2.14	2.04	2.22	1.56	1.98	1.74	1.94	1.84	1.16	0.54	0.34	0.4	0.66	0.5	0.5	0.52	0.74	0.66	0.52	0.42	0.7	0.52	0.54	0.38	0.6	0.62	0.58	0.56	0.54	0.58	0.36	0.08	0.0	0.02	0.06	0.02	0.02	0.0	
22.26	18.3	36.7	39.14	23.66	18.82	18.6	18.36	16.42	17.54	20.86	20.64	21.06	21.72	21.4	20.88	22.58	14.6	11.64	11.58	11.44	11.0	10.98	14.72	15.7	14.8	13.74	15.04	14.92	14.42	9.38	8.08	8.14	7.96	7.78	7.34	7.1	7.18	7.68	8.48	5.56	6.24	5.96	6.06	5.1	5.66	5.88	6.04	5.6	5.64	5.94	6.04	4.24	2.12	2.18	1.9	1.74	2.16	2.1	1.74	1.96	1.62	1.96	1.92	2.16	1.86	2.08	1.9	2.16	1.34	0.72	0.56	0.36	0.52	0.48	0.66	0.46	0.46	0.46	0.72	0.4	0.64	0.5	0.5	0.48	0.52	0.6	0.52	0.66	0.38	0.52	0.42	0.06	0.0	0.02	0.08	0.04	0.02	0.04	
20.6	16.92	35.18	39.68	25.1	20.26	17.8	17.34	17.38	19.0	21.24	20.9	20.14	22.42	21.18	22.34	21.18	13.24	10.8	10.66	11.88	10.68	11.5	16.02	16.2	15.9	16.1	15.18	14.9	15.52	9.72	8.08	7.38	8.4	8.28	8.16	7.88	7.8	8.08	6.98	5.94	6.16	5.86	5.86	6.14	5.72	6.16	5.46	5.82	5.52	5.72	5.8	4.76	2.08	1.6	2.12	2.08	2.14	2.06	1.94	2.0	2.2	1.88	1.98	1.82	2.12	2.1	1.94	1.94	1.56	0.62	0.68	0.4	0.6	0.54	0.44	0.52	0.36	0.5	0.36	0.54	0.58	0.5	0.6	0.42	0.6	0.56	0.5	0.42	0.54	0.68	0.44	0.14	0.02	0.0	0.1	0.06	0.0	0.02	
20.54	17.96	37.24	39.16	23.76	18.12	19.04	17.18	18.06	17.64	21.8	21.22	20.74	20.74	22.18	19.86	20.86	12.8	10.68	9.84	11.2	10.66	11.34	16.68	15.8	16.12	14.88	14.74	15.46	15.2	10.06	7.96	8.0	9.08	8.32	8.24	7.34	8.4	7.9	7.08	6.04	6.14	5.82	5.56	5.6	6.26	5.36	5.34	5.52	6.24	5.56	5.4	4.44	1.78	2.14	1.96	1.86	1.96	1.92	2.22	1.78	2.2	2.16	1.74	1.96	2.32	2.36	2.04	1.96	1.16	0.48	0.76	0.46	0.64	0.5	0.54	0.46	0.72	0.44	0.56	0.44	0.62	0.64	0.62	0.5	0.48	0.48	0.52	0.66	0.44	0.64	0.6	0.12	0.06	0.0	0.1	0.04	0.02	0.04	
19.36	17.34	37.3	38.14	25.1	18.16	18.64	18.08	17.5	17.6	21.16	22.1	20.56	21.18	22.06	20.92	21.7	14.3	11.38	11.02	10.9	11.26	11.92	16.12	15.7	14.64	15.88	15.28	15.34	15.5	8.86	7.74	8.24	8.44	7.3	7.24	7.7	7.9	7.66	7.68	5.96	5.66	6.06	6.14	5.62	6.08	6.3	6.38	6.2	6.04	6.22	5.92	4.64	2.18	2.02	1.88	1.66	1.98	1.82	2.0	1.86	1.96	2.06	1.84	2.3	1.74	2.36	2.04	2.12	1.16	0.52	0.44	0.64	0.56	0.34	0.72	0.52	0.74	0.66	0.64	0.52	0.6	0.6	0.54	0.86	0.54	0.74	0.46	0.62	0.44	0.66	0.38	0.08	0.08	0.0	0.08	0.02	0.04	0.02	
20.36	17.96	35.38	39.9	25.1	19.32	18.72	19.52	18.8	18.2	21.18	21.06	21.12	21.46	21.36	22.1	23.12	13.78	11.44	11.1	11.68	10.26	11.84	15.7	16.56	15.34	16.08	15.74	15.9	15.44	9.46	7.94	8.42	9.2	8.56	8.16	7.96	7.38	8.08	7.52	6.52	5.78	6.08	5.88	5.88	5.86	5.5	5.92	5.98	5.94	5.42	6.52	4.54	2.1	2.02	2.06	2.06	2.4	1.86	1.96	2.1	1.86	1.82	2.62	2.1	2.06	1.58	1.66	1.74	1.12	0.54	0.48	0.6	0.58	0.54	0.56	0.54	0.6	0.44	0.58	0.54	0.68	0.5	0.5	0.6	0.56	0.52	0.46	0.78	0.46	0.5	0.4	0.12	0.0	0.02	0.04	0.06	0.04	0.04	
20.82	18.08	35.68	41.08	25.6	19.52	18.58	19.12	19.22	19.22	20.68	21.08	21.4	21.2	23.38	21.94	22.06	13.72	10.68	10.56	11.24	10.38	11.9	16.36	15.02	15.54	15.78	15.34	14.98	15.78	9.16	8.56	7.96	9.0	7.72	8.1	8.46	8.4	7.7	6.64	6.52	5.76	5.64	5.68	5.18	5.28	5.98	5.82	6.32	6.56	5.94	5.62	4.14	2.16	1.88	1.68	1.72	2.28	2.46	2.38	2.26	1.82	2.12	1.8	2.1	1.82	2.26	2.04	1.82	1.44	0.6	0.66	0.54	0.74	0.42	0.36	0.72	0.66	0.56	0.46	0.52	0.72	0.58	0.4	0.26	0.68	0.42	0.32	0.42	0.6	0.74	0.34	0.18	0.1	0.0	0.04	0.02	0.02	0.0	
21.68	17.7	37.04	41.68	24.76	19.38	19.32	18.04	17.82	18.06	21.5	22.14	21.62	21.9	22.06	21.66	22.3	14.56	11.76	10.74	10.54	11.32	11.58	15.6	15.9	16.06	16.56	15.08	16.68	14.92	9.64	8.18	8.18	7.56	8.18	8.04	8.1	8.12	8.28	7.52	5.92	5.8	6.62	5.74	6.02	5.88	5.74	5.74	5.42	6.28	5.78	5.66	4.44	2.74	1.96	2.22	2.12	2.06	2.24	1.92	1.7	1.98	2.18	1.94	2.02	2.22	1.98	2.1	1.98	1.24	0.56	0.68	0.3	0.42	0.76	0.5	0.4	0.46	0.52	0.52	0.56	0.4	0.66	0.54	0.58	0.62	0.46	0.46	0.54	0.56	0.52	0.36	0.16	0.04	0.04	0.04	0.0	0.06	0.0	
21.78	18.4	36.88	38.72	24.78	20.06	18.7	18.92	18.84	18.98	21.16	21.12	20.78	21.54	20.54	21.16	22.16	14.88	11.18	11.5	10.48	11.7	12.02	15.44	16.0	15.5	16.22	15.58	15.46	16.02	10.08	8.08	8.34	8.44	7.98	8.42	8.6	7.86	8.42	8.04	6.38	6.36	5.68	6.2	5.9	5.94	6.4	6.02	6.04	6.12	6.42	6.1	4.7	2.1	1.96	1.9	1.98	1.94	2.22	2.56	2.08	1.96	2.34	1.92	2.1	1.74	1.74	2.4	1.88	1.26	0.74	0.56	0.66	0.72	0.52	0.38	0.44	0.82	0.52	0.48	0.46	0.66	0.62	0.48	0.5	0.54	0.48	0.58	0.42	0.8	0.52	0.34	0.14	0.08	0.0	0.02	0.0	0.02	0.08	
21.8	16.92	37.72	38.7	25.46	19.78	19.54	18.9	18.58	18.94	21.44	22.86	21.92	21.6	22.78	21.82	21.44	14.46	10.8	11.98	10.74	11.12	11.92	16.08	16.8	15.82	15.8	16.96	16.26	15.66	9.6	8.06	8.12	8.54	9.14	8.74	7.68	8.02	7.94	8.84	5.62	6.54	6.32	6.26	5.6	5.4	6.32	6.54	5.48	6.22	5.9	6.0	4.36	2.14	2.0	2.3	2.12	2.34	2.0	1.88	1.88	1.78	1.74	1.76	1.96	2.3	1.88	2.12	1.68	1.22	0.62	0.42	0.42	0.46	0.52	0.28	0.5	0.54	0.64	0.4	0.54	0.56	0.56	0.6	0.7	0.68	0.84	0.6	0.56	0.42	0.84	0.38	0.14	0.04	0.0	0.0	0.02	0.02	0.0	
22.58	17.74	36.72	40.3	25.54	19.92	19.42	18.6	18.8	19.82	21.12	22.36	21.22	22.66	22.9	21.88	22.48	14.12	11.14	11.0	11.86	11.94	12.06	16.4	15.32	15.86	15.96	16.16	16.72	16.36	10.24	7.9	7.7	8.12	8.74	7.54	8.48	8.2	8.08	7.52	5.94	6.4	6.16	5.96	6.38	6.2	5.98	6.04	5.44	5.72	5.56	4.88	4.1	2.2	1.96	2.22	1.98	2.06	2.14	2.28	1.78	1.86	2.18	2.48	2.06	2.02	1.96	1.58	2.08	1.34	0.56	0.46	0.52	0.78	0.64	0.54	0.56	0.56	0.62	0.48	0.58	0.7	0.58	0.72	0.54	0.76	0.58	0.62	0.52	0.38	0.5	0.48	0.1	0.02	0.04	0.04	0.02	0.02	0.04	
21.88	18.12	37.92	39.72	25.42	19.92	18.4	19.56	17.34	18.68	21.46	21.66	21.78	21.58	22.24	22.12	21.7	14.8	12.1	11.38	11.38	11.32	12.14	16.34	16.54	15.58	15.96	15.4	16.86	16.16	10.02	8.44	7.88	8.08	9.2	8.68	8.18	8.52	8.74	8.28	6.6	6.12	6.54	5.66	6.3	5.68	6.0	5.64	6.06	5.96	6.02	5.88	5.54	2.06	2.2	2.02	2.16	2.0	2.0	1.64	1.98	2.54	2.24	2.3	1.9	2.18	1.92	2.16	2.28	0.96	0.72	0.8	0.52	0.66	0.56	0.56	0.66	0.72	0.48	0.5	0.54	0.76	0.66	0.52	0.42	0.64	0.66	0.62	0.54	0.58	0.64	0.36	0.24	0.02	0.02	0.0	0.02	0.04	0.02	
21.2	17.2	37.22	39.7	24.74	19.88	18.96	18.76	19.66	19.34	22.0	22.2	21.84	23.26	21.94	22.18	21.84	13.92	11.04	11.24	11.96	11.24	12.52	16.08	16.48	15.64	16.22	16.48	16.72	16.06	10.1	8.46	8.86	7.94	8.6	8.22	8.04	8.52	8.26	8.02	6.42	6.34	6.0	6.38	6.7	6.12	6.26	6.58	6.38	6.08	5.92	5.58	4.38	2.46	2.1	2.3	2.0	2.08	2.38	1.98	2.34	1.96	1.72	2.18	2.0	1.8	1.98	1.8	1.96	1.58	0.62	0.46	0.4	0.54	0.5	0.46	0.6	0.72	0.54	0.74	0.6	0.4	0.7	0.52	0.38	0.56	0.54	0.58	0.32	0.68	0.66	0.52	0.1	0.04	0.0	0.06	0.06	0.02	0.0	
22.22	18.74	36.14	40.82	24.56	20.48	18.8	18.56	18.12	20.02	21.3	21.28	21.76	22.64	22.46	22.34	22.26	14.92	11.3	11.14	11.6	11.52	11.62	16.7	16.3	16.18	16.94	16.7	15.3	17.06	10.68	7.7	8.02	9.24	8.44	9.16	9.7	8.22	8.66	8.36	6.36	5.86	5.58	6.36	6.26	6.54	5.8	5.84	6.24	5.9	6.1	5.66	4.34	2.42	1.92	1.9	2.12	1.76	2.14	2.0	2.38	1.8	1.8	1.84	1.94	2.38	1.82	2.08	2.18	1.86	0.5	0.52	0.58	0.62	0.7	0.64	0.6	0.4	0.64	0.74	0.48	0.5	0.42	0.62	0.52	0.48	0.7	0.52	0.7	0.74	0.46	0.4	0.12	0.08	0.0	0.06	0.02	0.04	0.0	
22.94	17.96	37.34	41.18	26.0	20.38	20.88	19.8	18.64	18.88	21.26	20.84	22.6	22.56	21.14	22.02	21.76	14.2	11.84	12.02	11.52	11.8	13.04	16.62	15.72	17.28	15.8	16.86	15.94	16.3	9.64	8.76	8.78	8.92	8.52	8.6	8.08	8.8	7.92	7.18	5.6	6.36	5.66	6.02	5.92	6.28	6.8	5.98	6.18	5.76	6.08	7.06	4.66	2.52	1.9	2.44	1.88	2.28	1.96	2.14	2.08	1.94	2.5	2.06	2.38	1.74	1.74	2.26	2.34	1.7	0.8	0.62	0.52	0.62	0.56	0.84	0.7	0.6	0.58	0.54	0.66	0.54	0.48	0.64	0.48	0.48	0.68	0.7	0.56	0.6	0.62	0.48	0.1	0.0	0.02	0.02	0.04	0.06	0.02	
22.12	18.56	37.92	40.06	25.02	20.2	19.58	19.34	18.2	19.36	21.86	22.0	22.76	23.08	22.5	23.1	21.88	14.62	12.24	11.52	10.96	11.32	12.06	16.64	16.54	17.02	16.42	15.92	15.26	16.44	9.82	8.72	8.24	8.36	8.58	8.14	8.44	8.5	9.02	8.1	6.72	6.3	6.36	6.06	6.48	6.68	6.34	6.14	5.92	6.14	6.76	5.64	4.72	2.46	2.48	2.2	2.14	2.16	2.0	1.88	1.84	1.74	1.86	2.46	2.26	2.14	2.08	1.86	2.42	1.14	0.66	0.72	0.56	0.56	0.5	0.54	0.66	0.52	0.64	0.56	0.5	0.78	0.62	0.52	0.6	0.48	0.52	0.54	0.5	0.68	0.74	0.38	0.12	0.04	0.02	0.04	0.02	0.02	0.0	
22.06	19.04	38.64	41.9	25.8	21.56	19.62	18.94	19.42	19.56	22.14	23.24	23.32	22.28	22.26	22.28	22.92	15.6	11.62	11.5	11.16	12.84	11.4	16.22	16.12	16.72	15.86	16.42	15.74	16.62	10.24	7.86	8.74	8.02	8.54	8.38	8.14	9.08	8.74	8.36	6.6	5.94	6.0	6.8	5.88	5.76	5.4	6.06	6.68	6.26	6.4	5.6	4.84	2.54	2.2	2.4	2.22	2.18	1.56	2.3	2.4	1.9	2.4	2.32	1.74	2.24	1.88	2.28	2.36	1.52	0.82	0.56	0.58	0.68	0.68	0.6	0.52	0.56	0.46	0.74	0.54	0.66	0.5	0.54	0.6	0.66	0.52	0.56	0.64	0.52	0.42	0.5	0.16	0.06	0.04	0.04	0.0	0.04	0.06	
22.44	17.64	38.32	40.18	24.6	21.32	20.88	18.28	18.52	19.62	22.24	22.56	22.54	23.32	22.9	21.8	22.8	15.68	11.38	11.74	11.52	11.48	11.62	16.36	18.0	15.88	17.2	17.42	16.48	15.74	9.98	7.98	8.62	8.46	8.5	8.02	8.28	8.56	8.14	7.82	6.24	6.48	6.26	5.88	6.28	6.08	5.7	6.16	6.3	6.4	6.26	5.44	3.94	2.24	2.22	1.88	2.18	2.12	2.14	2.16	2.44	2.06	1.68	2.06	2.24	1.9	2.24	2.16	1.82	1.52	0.6	0.68	0.62	0.68	0.44	0.84	0.4	0.64	0.7	0.76	0.52	0.52	0.64	0.56	0.68	0.56	0.58	0.52	0.68	0.58	0.42	0.44	0.18	0.04	0.06	0.0	0.04	0.06	0.02	
22.94	18.76	39.16	41.38	26.78	21.8	20.28	19.56	19.92	19.26	23.38	22.24	23.08	24.42	22.2	23.16	21.44	14.58	11.18	11.72	11.56	12.06	12.88	16.52	17.48	16.74	17.12	16.46	16.34	15.98	10.24	8.74	8.98	8.82	9.0	9.36	7.96	9.04	8.64	8.2	6.3	6.14	5.88	6.08	5.82	6.28	6.24	6.44	6.72	6.28	6.54	6.68	4.98	2.44	2.38	2.14	2.28	2.04	1.82	2.32	2.06	2.0	2.14	1.6	2.14	1.94	2.0	2.14	2.14	1.58	0.66	0.6	0.84	0.54	0.46	0.4	0.56	0.68	0.5	0.54	0.5	0.64	0.58	0.54	0.82	0.42	0.58	0.66	0.72	0.56	0.6	0.42	0.16	0.08	0.04	0.02	0.02	0.0	0.06	
22.2	19.18	40.56	41.94	26.04	20.22	20.6	20.5	19.48	19.96	23.12	22.52	22.98	22.84	23.1	22.34	22.44	15.0	12.5	11.82	12.62	11.64	13.16	17.28	17.04	17.46	16.0	17.22	16.6	15.82	10.48	9.0	8.7	8.54	8.78	8.5	8.86	8.9	8.54	7.94	6.04	5.9	5.96	6.2	6.46	6.4	6.42	6.24	7.02	7.04	5.96	6.22	4.82	2.3	2.34	2.1	1.98	2.3	1.74	1.68	2.34	2.12	1.96	2.02	2.04	1.76	2.16	2.14	2.02	1.46	0.58	0.48	0.54	0.56	0.46	0.52	0.56	0.54	0.66	0.72	0.58	0.46	0.6	0.62	0.54	0.72	0.52	0.62	0.7	0.78	0.78	0.54	0.14	0.04	0.02	0.08	0.02	0.06	0.02	
22.64	18.7	38.42	44.1	27.0	20.74	19.76	20.32	19.28	20.46	23.46	23.08	22.54	22.76	23.1	22.88	22.88	15.24	12.24	11.76	12.04	12.22	13.26	17.2	16.24	17.86	16.82	17.18	17.54	16.52	10.06	8.76	8.92	8.74	8.68	8.8	8.98	8.94	9.32	8.86	6.48	6.44	6.66	6.3	6.96	6.52	6.66	7.04	6.62	5.46	6.16	6.86	5.66	2.12	2.28	2.26	2.28	2.08	2.26	2.14	2.08	2.1	2.5	1.98	1.92	2.04	2.42	2.0	2.1	1.56	0.94	0.64	0.54	0.54	0.5	0.82	0.58	0.54	0.82	0.56	0.62	0.7	0.62	0.62	0.4	0.58	0.52	0.7	0.38	0.56	0.62	0.36	0.14	0.04	0.02	0.04	0.04	0.02	0.0	
21.74	19.1	38.88	42.92	26.8	21.2	20.38	19.02	19.9	19.9	23.54	23.24	22.38	22.0	23.34	23.94	23.26	15.92	11.92	12.16	12.22	11.52	12.72	16.84	17.56	16.02	17.2	17.92	17.18	18.4	10.88	9.4	8.48	8.82	9.36	8.04	8.62	9.42	9.18	8.02	6.78	6.7	6.52	6.66	6.52	6.6	6.12	6.5	6.46	6.52	6.72	6.2	4.56	2.76	2.02	2.18	2.48	1.96	2.02	2.08	2.12	2.2	2.44	2.34	2.2	2.66	2.66	1.9	2.1	1.24	0.76	0.56	0.56	0.4	0.48	0.82	0.48	0.5	0.94	0.82	0.58	0.56	0.66	0.6	0.74	0.62	0.8	0.54	0.5	0.74	0.6	0.6	0.2	0.08	0.0	0.02	0.02	0.04	0.02	
21.6	19.38	38.1	41.06	26.96	21.72	21.52	20.18	20.3	21.06	23.96	24.02	22.64	24.36	22.22	25.1	23.74	15.54	12.34	12.36	11.06	11.62	13.24	17.5	17.94	16.1	17.22	17.5	17.38	17.6	10.42	9.8	8.96	9.6	9.16	8.62	9.26	9.32	8.66	8.9	6.26	6.26	6.4	7.02	6.4	6.6	6.54	6.16	6.06	6.32	6.54	6.28	5.32	2.5	2.22	2.48	2.32	1.74	2.44	2.28	2.28	2.36	2.4	2.14	2.28	2.38	2.2	1.96	2.2	1.32	0.72	0.38	0.7	0.84	0.54	0.52	0.8	0.46	0.66	0.74	0.56	0.74	0.52	0.48	0.62	0.58	0.56	0.56	0.56	0.52	0.3	0.44	0.24	0.04	0.02	0.06	0.02	0.04	0.04	
23.88	19.54	39.72	41.04	27.28	21.4	21.88	20.26	20.5	20.72	24.36	23.34	24.54	24.0	23.02	23.24	23.62	16.24	12.3	12.68	12.46	11.76	13.22	17.84	17.28	17.32	17.94	16.74	18.82	16.84	11.32	9.52	9.64	8.94	9.74	8.74	9.04	9.08	9.08	8.42	6.8	6.22	6.3	6.96	6.54	6.66	6.32	6.5	6.8	6.36	6.56	6.18	4.88	2.24	2.6	2.68	2.04	2.4	2.12	2.1	2.24	1.94	2.06	2.26	2.22	2.0	2.24	2.02	2.02	1.48	0.72	0.58	0.4	0.6	0.5	0.54	0.68	0.8	0.58	0.64	0.7	0.52	0.58	0.6	0.68	0.58	0.58	0.6	0.62	0.52	0.6	0.42	0.14	0.02	0.02	0.04	0.02	0.06	0.02	
22.64	20.4	39.66	42.78	26.22	22.06	21.22	21.02	19.6	21.38	23.02	23.42	23.66	24.26	23.86	24.36	24.18	15.32	12.86	12.06	12.36	11.38	13.62	16.98	17.64	17.6	17.46	17.72	17.52	16.86	10.42	9.9	9.86	8.28	8.86	9.18	8.56	9.54	8.76	7.84	6.84	6.74	6.4	6.46	6.6	6.14	7.3	6.3	6.82	7.16	6.56	6.6	5.28	2.58	2.14	1.8	2.1	2.14	2.08	2.26	1.88	2.72	2.62	1.84	2.24	2.5	1.94	2.18	1.92	1.52	0.72	0.78	0.86	0.78	0.64	0.5	0.36	0.66	0.7	0.38	0.46	0.9	0.84	0.54	0.78	0.56	0.4	0.56	0.52	0.68	0.56	0.6	0.12	0.02	0.02	0.04	0.04	0.02	0.06	
23.28	19.64	41.08	45.3	26.7	22.36	21.28	20.54	21.16	20.56	24.18	24.22	24.3	22.98	24.24	25.1	23.66	16.5	12.12	13.12	12.04	12.58	12.96	16.12	16.78	16.98	17.62	17.66	17.94	16.3	10.96	8.54	9.8	8.54	8.72	9.38	9.78	9.54	8.3	8.68	6.78	6.68	6.5	6.58	6.68	5.9	6.3	6.48	6.3	6.88	6.22	6.3	4.4	2.38	2.48	2.1	2.52	2.38	1.98	2.28	2.1	2.18	2.08	2.06	2.16	2.14	2.02	2.1	2.12	2.06	0.56	0.9	0.54	0.68	0.46	0.56	0.64	0.74	0.66	0.56	0.58	0.6	0.64	0.64	0.56	0.54	0.64	0.7	0.68	0.52	0.72	0.46	0.12	0.02	0.04	0.02	0.02	0.08	0.0	
23.92	19.08	41.24	45.2	26.14	21.88	21.26	22.42	20.44	20.84	23.1	24.28	23.54	23.76	23.66	25.08	23.52	16.8	12.56	12.68	12.12	12.42	13.82	18.14	17.38	16.9	17.6	17.22	17.5	16.68	11.62	9.14	9.36	9.1	9.4	9.84	9.42	8.68	10.06	9.58	7.2	6.06	7.0	6.8	7.06	6.94	7.34	6.66	6.6	6.3	7.04	7.34	5.4	2.64	2.32	2.16	2.76	2.46	2.52	2.36	2.34	2.44	2.54	2.18	2.16	2.34	2.66	2.26	2.26	1.72	0.72	0.6	0.56	0.64	0.6	0.6	0.7	0.84	0.74	0.7	0.72	0.9	0.76	0.66	0.7	0.56	0.46	0.58	0.66	0.58	0.52	0.42	0.28	0.04	0.0	0.06	0.02	0.06	0.06	
24.46	19.88	41.9	42.94	28.42	22.7	21.02	20.24	21.42	21.6	22.48	23.8	24.02	24.68	24.52	23.02	24.16	14.82	12.72	12.44	11.92	12.8	13.6	18.32	18.42	17.52	17.34	17.92	17.62	17.52	11.72	9.24	9.0	9.22	8.52	8.74	10.08	8.48	8.72	9.3	6.86	6.9	7.26	6.86	6.8	7.0	6.8	6.6	6.68	6.58	6.82	6.34	4.92	2.86	1.9	1.92	2.8	2.36	2.22	2.08	2.1	2.42	2.08	2.52	2.26	2.32	2.28	2.54	2.28	1.66	0.88	0.78	0.62	0.66	0.52	0.62	0.64	0.7	0.56	0.58	0.44	0.6	0.44	0.88	0.72	0.68	0.62	0.64	0.66	0.82	0.8	0.5	0.06	0.08	0.0	0.02	0.14	0.02	0.0	
24.18	19.88	40.24	44.66	29.18	22.92	21.66	21.58	21.28	20.72	24.88	24.58	24.84	24.32	24.56	24.68	25.14	15.9	12.46	13.0	12.66	13.24	13.02	17.18	17.86	16.92	17.7	17.1	17.1	16.38	11.18	9.72	9.02	9.0	10.44	9.64	9.32	8.3	9.58	8.1	7.2	6.8	7.16	6.38	6.82	6.98	6.82	7.46	6.54	6.68	6.2	6.96	5.44	2.52	2.3	2.5	2.32	2.4	2.22	2.42	2.36	2.32	2.42	2.34	2.42	1.98	2.34	2.46	2.1	1.6	0.58	0.62	0.5	0.62	0.64	0.74	0.7	0.74	0.58	0.5	0.52	0.48	0.66	0.74	0.56	0.42	0.56	0.5	0.54	0.76	0.66	0.54	0.08	0.0	0.0	0.0	0.02	0.02	0.04	
24.74	20.18	40.88	44.58	27.26	23.36	22.54	20.76	21.4	20.58	24.88	23.92	23.46	24.06	24.14	23.56	23.44	16.78	12.02	13.92	12.3	12.96	15.06	17.98	18.18	18.04	17.34	17.66	17.84	17.38	11.12	8.92	9.14	9.72	8.98	9.54	9.2	9.54	9.24	8.74	7.0	6.7	6.88	7.22	6.02	6.42	6.38	6.54	6.86	6.5	6.74	6.64	4.78	2.12	2.06	2.26	2.34	2.38	2.4	2.32	2.32	2.3	2.26	2.62	2.58	2.28	2.32	2.38	2.02	1.52	0.78	0.68	0.72	0.68	0.6	0.72	0.7	0.68	0.68	0.56	0.42	0.72	0.64	0.82	0.8	0.8	0.8	0.36	0.8	0.56	0.66	0.38	0.08	0.04	0.0	0.04	0.02	0.04	0.06	
23.84	20.96	42.16	44.24	30.54	22.14	21.4	21.78	20.22	19.88	23.8	22.64	24.78	24.56	24.38	24.2	23.8	15.9	12.44	12.24	13.32	11.98	13.72	18.26	17.48	18.76	17.26	17.62	18.74	17.4	11.0	10.1	9.08	9.28	8.86	9.68	9.18	9.86	9.1	7.8	6.24	7.08	6.58	6.4	6.9	6.58	7.12	6.46	6.4	6.5	7.32	6.82	5.34	2.82	2.32	2.62	2.34	2.64	2.58	2.22	2.6	2.42	2.56	2.06	2.32	2.42	2.08	2.06	1.9	1.42	0.86	0.72	0.66	0.68	0.7	0.62	0.48	0.5	0.5	0.74	0.6	0.58	0.54	0.72	0.68	0.6	0.78	0.64	0.78	0.78	0.52	0.42	0.16	0.06	0.02	0.06	0.0	0.0	0.04	
22.96	20.84	41.62	44.28	28.86	22.08	21.48	20.98	20.98	22.5	23.72	24.32	22.96	24.42	24.42	24.44	23.74	16.06	12.26	13.02	12.68	12.98	13.64	17.62	17.96	18.1	17.7	17.86	18.38	16.5	10.98	9.68	8.68	8.96	8.62	9.52	9.28	9.28	9.28	8.88	6.62	7.04	7.12	6.44	6.64	6.66	6.2	6.62	7.1	6.28	7.4	6.84	5.56	2.56	2.2	2.14	2.32	2.32	2.38	2.36	2.5	2.26	2.16	2.4	2.62	2.0	2.1	2.36	2.04	1.6	0.52	0.66	0.5	0.52	0.48	0.74	0.54	0.54	0.46	0.82	0.6	0.6	0.68	0.64	0.88	0.76	0.54	0.56	0.48	0.8	0.36	0.36	0.18	0.02	0.04	0.06	0.04	0.06	0.06	
23.48	20.4	42.3	46.18	27.8	23.52	22.58	21.6	20.92	21.34	23.88	23.6	24.54	25.38	24.68	23.74	25.36	16.04	13.28	12.1	13.1	13.0	13.58	17.92	17.22	18.8	18.84	18.08	18.58	17.56	11.28	8.72	9.58	9.3	9.46	9.16	9.06	9.16	8.64	8.76	6.74	6.32	6.72	6.7	6.44	6.06	6.64	6.94	6.18	6.62	6.38	6.1	5.74	2.76	2.24	2.36	2.22	2.16	2.44	2.72	2.26	2.24	1.76	2.14	2.38	2.72	2.42	2.18	2.34	1.62	0.64	0.56	0.38	0.5	0.62	0.72	0.62	0.58	0.52	0.58	0.48	0.58	0.48	0.6	0.7	0.58	0.46	0.64	0.74	0.86	0.48	0.62	0.22	0.02	0.06	0.02	0.02	0.04	0.02	
23.6	20.72	42.26	44.02	27.98	21.52	22.22	20.6	21.1	21.18	24.22	25.52	23.98	24.16	24.72	25.68	24.06	16.52	12.82	13.42	13.04	12.64	13.9	17.86	18.44	17.8	17.68	17.08	17.32	18.1	10.88	9.84	9.78	9.9	8.84	9.6	8.96	8.4	9.18	8.32	7.18	5.92	6.66	6.54	6.42	7.2	7.28	6.92	6.06	7.6	7.08	6.46	5.24	2.38	2.1	2.2	2.48	2.1	2.3	2.32	2.32	2.08	2.2	2.16	2.18	2.0	2.28	2.24	2.16	1.7	0.6	0.54	0.64	0.7	0.52	0.62	0.52	0.68	0.6	0.52	0.64	0.76	0.54	0.62	0.64	0.66	0.6	0.56	0.66	0.88	0.7	0.44	0.22	0.06	0.04	0.06	0.0	0.04	0.06	
