0.01	0.5149494949494949	1.0198989898989899	1.5248484848484847	2.0297979797979795	2.5347474747474745	3.039696969696969	3.544646464646464	4.049595959595959	4.554545454545454	5.059494949494949	5.564444444444444	6.0693939393939385	6.574343434343434	7.0792929292929285	7.584242424242424	8.089191919191919	8.594141414141413	9.099090909090908	9.604040404040404	10.108989898989899	10.613939393939393	11.118888888888888	11.623838383838383	12.128787878787877	12.633737373737373	13.138686868686868	13.643636363636363	14.148585858585857	14.653535353535352	15.158484848484848	15.663434343434343	16.16838383838384	16.673333333333336	17.17828282828283	17.683232323232325	18.188181818181818	18.693131313131314	19.19808080808081	19.703030303030303	20.2079797979798	20.712929292929292	21.21787878787879	21.722828282828285	22.227777777777778	22.732727272727274	23.237676767676767	23.742626262626263	24.247575757575756	24.752525252525253	25.25747474747475	25.762424242424242	26.267373737373738	26.77232323232323	27.277272727272727	27.782222222222224	28.287171717171717	28.792121212121213	29.297070707070706	29.802020202020202	30.3069696969697	30.81191919191919	31.316868686868688	31.82181818181818	32.32676767676767	32.831717171717166	33.336666666666666	33.84161616161616	34.34656565656565	34.851515151515144	35.356464646464644	35.86141414141414	36.36636363636363	36.87131313131313	37.37626262626262	37.881212121212116	38.386161616161615	38.89111111111111	39.3960606060606	39.901010101010094	40.405959595959594	40.91090909090909	41.41585858585858	41.92080808080808	42.42575757575757	42.930707070707065	43.435656565656565	43.94060606060606	44.44555555555555	44.95050505050504	45.45545454545454	45.960404040404036	46.46535353535353	46.97030303030303	47.47525252525252	47.980202020202015	48.48515151515151	48.99010101010101	49.4950505050505	50.0	
0.02	0.0	0.0	0.0	0.0	0.0	0.0	0.0	0.0	0.0	0.0	0.0	0.0	0.0	0.0	0.0	0.0	0.0	0.0	0.0	0.0	0.0	0.0	0.0	0.0	0.0	0.0	0.0	0.0	0.0	0.0	0.0	0.0	0.0	0.0	0.0	0.0	0.0	0.0	0.0	0.0	0.0	0.0	0.0	0.0	0.0	0.0	0.0	0.0	0.0	0.0	0.0	0.0	0.0	0.0	0.0	0.0	0.0	0.0	0.0	0.0	0.0	0.0	0.0	0.0	0.0	0.0	0.0	0.0	0.0	0.0	0.0	0.0	0.0	0.0	0.0	0.0	0.0	0.0	0.0	0.0	0.0	0.0	0.0	0.0	0.0	0.0	0.0	0.0	0.0	0.0	0.0	0.0	0.0	0.0	0.0	0.0	0.0	0.0	
0.0	0.02	0.0	0.0	0.0	0.0	0.0	0.0	0.0	0.0	0.0	0.0	0.0	0.0	0.0	0.0	0.0	0.0	0.0	0.0	0.0	0.0	0.0	0.0	0.0	0.0	0.0	0.0	0.0	0.0	0.0	0.0	0.0	0.0	0.0	0.0	0.0	0.0	0.0	0.0	0.0	0.0	0.0	0.0	0.0	0.0	0.0	0.0	0.0	0.0	0.0	0.0	0.0	0.0	0.0	0.0	0.0	0.0	0.0	0.0	0.0	0.0	0.0	0.0	0.0	0.0	0.0	0.0	0.0	0.0	0.0	0.0	0.0	0.0	0.0	0.0	0.0	0.0	0.0	0.0	0.0	0.0	0.0	0.0	0.0	0.0	0.0	0.0	0.0	0.0	0.0	0.0	0.0	0.0	0.0	0.0	0.0	0.0	0.0	
0.0	0.0	0.0	0.0	0.0	0.0	0.0	0.02	0.02	0.02	0.0	0.0	0.0	0.0	0.0	0.0	0.0	0.0	0.0	0.0	0.0	0.0	0.0	0.0	0.0	0.0	0.0	0.0	0.0	0.0	0.0	0.0	0.0	0.0	0.0	0.0	0.0	0.0	0.0	0.0	0.0	0.0	0.0	0.0	0.0	0.0	0.0	0.0	0.0	0.0	0.0	0.0	0.0	0.0	0.0	0.0	0.0	0.0	0.0	0.0	0.0	0.0	0.0	0.0	0.0	0.0	0.0	0.0	0.0	0.0	0.0	0.0	0.0	0.0	0.0	0.0	0.0	0.0	0.0	0.0	0.0	0.0	0.0	0.0	0.0	0.0	0.0	0.0	0.0	0.0	0.0	0.0	0.0	0.0	0.0	0.0	0.0	0.0	0.0	
0.02	0.02	0.0	0.0	0.02	0.0	0.0	0.02	0.0	0.04	0.0	0.0	0.0	0.0	0.0	0.0	0.0	0.0	0.0	0.0	0.0	0.0	0.0	0.0	0.0	0.0	0.0	0.0	0.0	0.0	0.0	0.0	0.0	0.0	0.0	0.0	0.0	0.0	0.0	0.0	0.0	0.0	0.0	0.0	0.0	0.0	0.0	0.0	0.0	0.0	0.0	0.0	0.0	0.0	0.0	0.0	0.0	0.0	0.0	0.0	0.0	0.0	0.0	0.0	0.0	0.0	0.0	0.0	0.0	0.0	0.0	0.0	0.0	0.0	0.0	0.0	0.0	0.0	0.0	0.0	0.0	0.0	0.0	0.0	0.0	0.0	0.0	0.0	0.0	0.0	0.0	0.0	0.0	0.0	0.0	0.0	0.0	0.0	0.0	
0.0	0.0	0.0	0.04	0.02	0.0	0.0	0.0	0.02	0.02	0.02	0.0	0.0	0.0	0.0	0.0	0.0	0.0	0.0	0.0	0.0	0.0	0.0	0.0	0.0	0.0	0.0	0.0	0.0	0.0	0.0	0.0	0.0	0.0	0.0	0.0	0.0	0.0	0.0	0.0	0.0	0.0	0.0	0.0	0.0	0.0	0.0	0.0	0.0	0.0	0.0	0.0	0.0	0.0	0.0	0.0	0.0	0.0	0.0	0.0	0.0	0.0	0.0	0.0	0.0	0.0	0.0	0.0	0.0	0.0	0.0	0.0	0.0	0.0	0.0	0.0	0.0	0.0	0.0	0.0	0.0	0.0	0.0	0.0	0.0	0.0	0.0	0.0	0.0	0.0	0.0	0.0	0.0	0.0	0.0	0.0	0.0	0.0	0.0	
0.02	0.0	0.0	0.02	0.0	0.02	0.0	0.02	0.0	0.0	0.0	0.0	0.0	0.0	0.0	0.0	0.0	0.0	0.0	0.0	0.0	0.0	0.0	0.0	0.0	0.0	0.0	0.0	0.0	0.0	0.0	0.0	0.0	0.0	0.0	0.0	0.0	0.0	0.0	0.0	0.0	0.0	0.0	0.0	0.0	0.0	0.0	0.0	0.0	0.0	0.0	0.0	0.0	0.0	0.0	0.0	0.0	0.0	0.0	0.0	0.0	0.0	0.0	0.0	0.0	0.0	0.0	0.0	0.0	0.0	0.0	0.0	0.0	0.0	0.0	0.0	0.0	0.0	0.0	0.0	0.0	0.0	0.0	0.0	0.0	0.0	0.0	0.0	0.0	0.0	0.0	0.0	0.0	0.0	0.0	0.0	0.0	0.0	0.0	
0.02	0.04	0.06	0.04	0.02	0.0	0.02	0.02	0.02	0.0	0.0	0.0	0.0	0.0	0.02	0.0	0.0	0.0	0.0	0.0	0.0	0.0	0.0	0.0	0.0	0.0	0.0	0.0	0.0	0.0	0.0	0.0	0.0	0.0	0.0	0.0	0.0	0.0	0.0	0.0	0.0	0.0	0.0	0.0	0.0	0.0	0.0	0.0	0.0	0.0	0.0	0.0	0.0	0.0	0.0	0.0	0.0	0.0	0.0	0.0	0.0	0.0	0.0	0.0	0.0	0.0	0.0	0.0	0.0	0.0	0.0	0.0	0.0	0.0	0.0	0.0	0.0	0.0	0.0	0.0	0.0	0.0	0.0	0.0	0.0	0.0	0.0	0.0	0.0	0.0	0.0	0.0	0.0	0.0	0.0	0.0	0.0	0.0	0.0	
0.02	0.04	0.08	0.08	0.06	0.0	0.06	0.04	0.02	0.04	0.02	0.02	0.0	0.0	0.0	0.0	0.02	0.0	0.0	0.0	0.0	0.0	0.0	0.0	0.0	0.0	0.0	0.0	0.0	0.0	0.0	0.0	0.0	0.0	0.0	0.0	0.0	0.0	0.0	0.0	0.0	0.0	0.0	0.0	0.0	0.0	0.0	0.0	0.0	0.0	0.0	0.0	0.0	0.0	0.0	0.0	0.0	0.0	0.0	0.0	0.0	0.0	0.0	0.0	0.0	0.0	0.0	0.0	0.0	0.0	0.0	0.0	0.0	0.0	0.0	0.0	0.0	0.0	0.0	0.0	0.0	0.0	0.0	0.0	0.0	0.0	0.0	0.0	0.0	0.0	0.0	0.0	0.0	0.0	0.0	0.0	0.0	0.0	0.0	
0.08	0.06	0.02	0.08	0.04	0.02	0.04	0.0	0.06	0.0	0.04	0.04	0.0	0.0	0.0	0.0	0.04	0.0	0.0	0.0	0.0	0.0	0.0	0.0	0.0	0.0	0.0	0.0	0.0	0.0	0.0	0.0	0.0	0.0	0.0	0.0	0.0	0.0	0.0	0.0	0.0	0.0	0.0	0.0	0.0	0.0	0.0	0.0	0.0	0.0	0.0	0.0	0.0	0.0	0.0	0.0	0.0	0.0	0.0	0.0	0.0	0.0	0.0	0.0	0.0	0.0	0.0	0.0	0.0	0.0	0.0	0.0	0.0	0.0	0.0	0.0	0.0	0.0	0.0	0.0	0.0	0.0	0.0	0.0	0.0	0.0	0.0	0.0	0.0	0.0	0.0	0.0	0.0	0.0	0.0	0.0	0.0	0.0	0.0	
0.1	0.14	0.12	0.18	0.06	0.04	0.1	0.02	0.08	0.04	0.0	0.06	0.0	0.02	0.0	0.02	0.0	0.0	0.0	0.0	0.0	0.0	0.0	0.0	0.0	0.0	0.0	0.0	0.0	0.0	0.0	0.0	0.0	0.0	0.0	0.0	0.0	0.0	0.0	0.0	0.0	0.0	0.0	0.0	0.0	0.0	0.0	0.0	0.0	0.0	0.0	0.0	0.0	0.0	0.0	0.0	0.0	0.0	0.0	0.0	0.0	0.0	0.0	0.0	0.0	0.0	0.0	0.0	0.0	0.0	0.0	0.0	0.0	0.0	0.0	0.0	0.0	0.0	0.0	0.0	0.0	0.0	0.0	0.0	0.0	0.0	0.0	0.0	0.0	0.0	0.0	0.0	0.0	0.0	0.0	0.0	0.0	0.0	0.0	
0.22	0.22	0.28	0.14	0.1	0.06	0.12	0.12	0.16	0.3	0.0	0.12	0.08	0.08	0.04	0.0	0.02	0.0	0.0	0.0	0.0	0.0	0.0	0.0	0.0	0.0	0.0	0.0	0.0	0.0	0.0	0.0	0.0	0.0	0.0	0.0	0.0	0.0	0.0	0.0	0.0	0.0	0.0	0.0	0.0	0.0	0.0	0.0	0.0	0.0	0.0	0.0	0.0	0.0	0.0	0.0	0.0	0.0	0.0	0.0	0.0	0.0	0.0	0.0	0.0	0.0	0.0	0.0	0.0	0.0	0.0	0.0	0.0	0.0	0.0	0.0	0.0	0.0	0.0	0.0	0.0	0.0	0.0	0.0	0.0	0.0	0.0	0.0	0.0	0.0	0.0	0.0	0.0	0.0	0.0	0.0	0.0	0.0	0.0	
0.12	0.16	0.36	0.34	0.18	0.16	0.16	0.12	0.14	0.2	0.1	0.08	0.06	0.0	0.02	0.0	0.0	0.0	0.0	0.0	0.0	0.0	0.0	0.0	0.0	0.0	0.0	0.0	0.0	0.0	0.0	0.0	0.0	0.0	0.0	0.0	0.0	0.0	0.0	0.0	0.0	0.0	0.0	0.0	0.0	0.0	0.0	0.0	0.0	0.0	0.0	0.0	0.0	0.0	0.0	0.0	0.0	0.0	0.0	0.0	0.0	0.0	0.0	0.0	0.0	0.0	0.0	0.0	0.0	0.0	0.0	0.0	0.0	0.0	0.0	0.0	0.0	0.0	0.0	0.0	0.0	0.0	0.0	0.0	0.0	0.0	0.0	0.0	0.0	0.0	0.0	0.0	0.0	0.0	0.0	0.0	0.0	0.0	0.0	
0.36	0.22	0.36	0.32	0.16	0.18	0.16	0.2	0.22	0.22	0.04	0.02	0.04	0.02	0.0	0.04	0.02	0.04	0.0	0.0	0.02	0.0	0.0	0.0	0.0	0.0	0.0	0.0	0.02	0.0	0.0	0.0	0.0	0.0	0.0	0.0	0.0	0.0	0.0	0.0	0.0	0.0	0.0	0.0	0.0	0.0	0.0	0.0	0.0	0.0	0.0	0.0	0.0	0.0	0.0	0.0	0.0	0.0	0.0	0.0	0.0	0.0	0.0	0.0	0.0	0.0	0.0	0.0	0.0	0.0	0.0	0.0	0.0	0.0	0.0	0.0	0.0	0.0	0.0	0.0	0.0	0.0	0.0	0.0	0.0	0.0	0.0	0.0	0.0	0.0	0.0	0.0	0.0	0.0	0.0	0.0	0.0	0.0	0.0	
0.3	0.28	0.54	0.5	0.24	0.12	0.16	0.24	0.18	0.18	0.08	0.12	0.12	0.02	0.08	0.02	0.0	0.06	0.0	0.02	0.0	0.0	0.0	0.0	0.0	0.0	0.0	0.0	0.0	0.0	0.0	0.0	0.0	0.0	0.0	0.0	0.0	0.0	0.0	0.0	0.0	0.0	0.0	0.0	0.0	0.0	0.0	0.0	0.0	0.0	0.0	0.0	0.0	0.0	0.0	0.0	0.0	0.0	0.0	0.0	0.0	0.0	0.0	0.0	0.0	0.0	0.0	0.0	0.0	0.0	0.0	0.0	0.0	0.0	0.0	0.0	0.0	0.0	0.0	0.0	0.0	0.0	0.0	0.0	0.0	0.0	0.0	0.0	0.0	0.0	0.0	0.0	0.0	0.0	0.0	0.0	0.0	0.0	0.0	
0.34	0.2	0.54	0.38	0.28	0.3	0.28	0.2	0.26	0.14	0.12	0.1	0.08	0.04	0.06	0.02	0.02	0.0	0.0	0.0	0.0	0.0	0.0	0.0	0.0	0.0	0.0	0.0	0.0	0.0	0.0	0.0	0.0	0.0	0.0	0.0	0.0	0.0	0.0	0.0	0.0	0.0	0.0	0.0	0.0	0.0	0.0	0.0	0.0	0.0	0.0	0.0	0.0	0.0	0.0	0.0	0.0	0.0	0.0	0.0	0.0	0.0	0.0	0.0	0.0	0.0	0.0	0.0	0.0	0.0	0.0	0.0	0.0	0.0	0.0	0.0	0.0	0.0	0.0	0.0	0.0	0.0	0.0	0.0	0.0	0.0	0.0	0.0	0.0	0.0	0.0	0.0	0.0	0.0	0.0	0.0	0.0	0.0	0.0	
0.36	0.5	0.66	0.48	0.24	0.14	0.2	0.16	0.2	0.18	0.12	0.14	0.04	0.04	0.02	0.0	0.06	0.0	0.0	0.0	0.0	0.0	0.0	0.0	0.0	0.0	0.0	0.0	0.0	0.02	0.0	0.0	0.0	0.0	0.0	0.0	0.0	0.0	0.0	0.0	0.0	0.0	0.0	0.0	0.0	0.0	0.0	0.0	0.0	0.0	0.0	0.0	0.0	0.0	0.0	0.0	0.0	0.0	0.0	0.0	0.0	0.0	0.0	0.0	0.0	0.0	0.0	0.0	0.0	0.0	0.0	0.0	0.0	0.0	0.0	0.0	0.0	0.0	0.0	0.0	0.0	0.0	0.0	0.0	0.0	0.0	0.0	0.0	0.0	0.0	0.0	0.0	0.0	0.0	0.0	0.0	0.0	0.0	0.0	
0.4	0.48	0.68	0.56	0.3	0.24	0.22	0.26	0.22	0.42	0.16	0.2	0.18	0.14	0.04	0.04	0.02	0.02	0.0	0.0	0.0	0.0	0.0	0.0	0.0	0.0	0.0	0.0	0.0	0.0	0.0	0.0	0.0	0.0	0.0	0.0	0.0	0.0	0.0	0.0	0.0	0.0	0.0	0.0	0.0	0.0	0.0	0.0	0.0	0.0	0.0	0.0	0.0	0.0	0.0	0.0	0.0	0.0	0.0	0.0	0.0	0.0	0.0	0.0	0.0	0.0	0.0	0.0	0.0	0.0	0.0	0.0	0.0	0.0	0.0	0.0	0.0	0.0	0.0	0.0	0.0	0.0	0.0	0.0	0.0	0.0	0.0	0.0	0.0	0.0	0.0	0.0	0.0	0.0	0.0	0.0	0.0	0.0	0.0	
0.46	0.5	1.02	0.72	0.3	0.26	0.38	0.32	0.26	0.2	0.16	0.1	0.24	0.02	0.06	0.14	0.04	0.04	0.0	0.0	0.02	0.0	0.04	0.0	0.0	0.0	0.0	0.0	0.02	0.0	0.0	0.0	0.0	0.0	0.0	0.0	0.0	0.0	0.0	0.0	0.0	0.0	0.0	0.0	0.0	0.0	0.0	0.0	0.0	0.0	0.0	0.0	0.0	0.0	0.0	0.0	0.0	0.0	0.0	0.0	0.0	0.0	0.0	0.0	0.0	0.0	0.0	0.0	0.0	0.0	0.0	0.0	0.0	0.0	0.0	0.0	0.0	0.0	0.0	0.0	0.0	0.0	0.0	0.0	0.0	0.0	0.0	0.0	0.0	0.0	0.0	0.0	0.0	0.0	0.0	0.0	0.0	0.0	0.0	
0.74	0.6	0.8	0.78	0.42	0.34	0.44	0.34	0.4	0.32	0.1	0.32	0.12	0.14	0.1	0.12	0.04	0.02	0.0	0.0	0.0	0.0	0.02	0.0	0.0	0.0	0.0	0.0	0.0	0.0	0.0	0.0	0.0	0.0	0.0	0.0	0.0	0.0	0.0	0.0	0.0	0.0	0.0	0.0	0.0	0.0	0.0	0.0	0.0	0.0	0.0	0.0	0.0	0.0	0.0	0.0	0.0	0.0	0.0	0.0	0.0	0.0	0.0	0.0	0.0	0.0	0.0	0.0	0.0	0.0	0.0	0.0	0.0	0.0	0.0	0.0	0.0	0.0	0.0	0.0	0.0	0.0	0.0	0.0	0.0	0.0	0.0	0.0	0.0	0.0	0.0	0.0	0.0	0.0	0.0	0.0	0.0	0.0	0.0	
0.6	0.62	1.0	1.04	0.58	0.58	0.62	0.5	0.3	0.4	0.18	0.28	0.2	0.18	0.06	0.2	0.04	0.0	0.02	0.02	0.0	0.0	0.0	0.0	0.0	0.0	0.0	0.0	0.02	0.0	0.0	0.0	0.0	0.0	0.0	0.0	0.0	0.0	0.0	0.0	0.0	0.0	0.0	0.0	0.0	0.0	0.0	0.0	0.0	0.0	0.0	0.0	0.0	0.0	0.0	0.0	0.0	0.0	0.0	0.0	0.0	0.0	0.0	0.0	0.0	0.0	0.0	0.0	0.0	0.0	0.0	0.0	0.0	0.0	0.0	0.0	0.0	0.0	0.0	0.0	0.0	0.0	0.0	0.0	0.0	0.0	0.0	0.0	0.0	0.0	0.0	0.0	0.0	0.0	0.0	0.0	0.0	0.0	0.0	
0.74	0.84	1.36	0.98	0.52	0.46	0.54	0.6	0.64	0.36	0.28	0.28	0.22	0.1	0.2	0.04	0.08	0.0	0.02	0.02	0.04	0.0	0.0	0.02	0.0	0.0	0.0	0.0	0.0	0.0	0.0	0.0	0.0	0.0	0.0	0.0	0.0	0.0	0.0	0.0	0.0	0.0	0.0	0.0	0.0	0.0	0.0	0.0	0.0	0.0	0.0	0.0	0.0	0.0	0.0	0.0	0.0	0.0	0.0	0.0	0.0	0.0	0.0	0.0	0.0	0.0	0.0	0.0	0.0	0.0	0.0	0.0	0.0	0.0	0.0	0.0	0.0	0.0	0.0	0.0	0.0	0.0	0.0	0.0	0.0	0.0	0.0	0.0	0.0	0.0	0.0	0.0	0.0	0.0	0.0	0.0	0.0	0.0	0.0	
0.64	0.98	1.62	1.42	0.66	0.54	0.58	0.58	0.42	0.72	0.28	0.34	0.32	0.16	0.02	0.16	0.14	0.02	0.02	0.02	0.0	0.0	0.0	0.0	0.0	0.0	0.0	0.0	0.0	0.0	0.0	0.0	0.0	0.0	0.0	0.0	0.0	0.0	0.0	0.0	0.0	0.0	0.0	0.0	0.0	0.0	0.0	0.0	0.0	0.0	0.0	0.0	0.0	0.0	0.0	0.0	0.0	0.0	0.0	0.0	0.0	0.0	0.0	0.0	0.0	0.0	0.0	0.0	0.0	0.0	0.0	0.0	0.0	0.0	0.0	0.0	0.0	0.0	0.0	0.0	0.0	0.0	0.0	0.0	0.0	0.0	0.0	0.0	0.0	0.0	0.0	0.0	0.0	0.0	0.0	0.0	0.0	0.0	0.0	
1.1	1.08	1.98	1.48	0.68	0.48	0.52	0.74	0.8	0.42	0.44	0.44	0.34	0.2	0.12	0.16	0.12	0.1	0.02	0.04	0.0	0.02	0.04	0.02	0.0	0.0	0.0	0.0	0.0	0.0	0.0	0.0	0.0	0.0	0.0	0.0	0.0	0.0	0.0	0.0	0.0	0.0	0.0	0.0	0.0	0.0	0.0	0.0	0.0	0.0	0.0	0.0	0.0	0.0	0.0	0.0	0.0	0.0	0.0	0.0	0.0	0.0	0.0	0.0	0.0	0.0	0.0	0.0	0.0	0.0	0.0	0.0	0.0	0.0	0.0	0.0	0.0	0.0	0.0	0.0	0.0	0.0	0.0	0.0	0.0	0.0	0.0	0.0	0.0	0.0	0.0	0.0	0.0	0.0	0.0	0.0	0.0	0.0	0.0	
1.02	1.22	1.94	1.62	1.06	0.66	0.98	0.8	0.82	0.78	0.4	0.44	0.34	0.08	0.06	0.08	0.0	0.04	0.02	0.0	0.06	0.04	0.0	0.0	0.02	0.0	0.0	0.0	0.0	0.0	0.0	0.0	0.0	0.0	0.0	0.0	0.0	0.0	0.0	0.0	0.0	0.0	0.0	0.0	0.0	0.0	0.0	0.0	0.0	0.0	0.0	0.0	0.0	0.0	0.0	0.0	0.0	0.0	0.0	0.0	0.0	0.0	0.0	0.0	0.0	0.0	0.0	0.0	0.0	0.0	0.0	0.0	0.0	0.0	0.0	0.0	0.0	0.0	0.0	0.0	0.0	0.0	0.0	0.0	0.0	0.0	0.0	0.0	0.0	0.0	0.0	0.0	0.0	0.0	0.0	0.0	0.0	0.0	0.0	
1.68	1.48	1.96	1.96	1.0	0.8	0.7	1.18	0.94	1.0	0.52	0.46	0.44	0.18	0.18	0.18	0.16	0.08	0.0	0.0	0.0	0.0	0.02	0.0	0.0	0.0	0.0	0.0	0.02	0.0	0.0	0.0	0.0	0.0	0.0	0.0	0.0	0.0	0.0	0.0	0.0	0.0	0.0	0.0	0.0	0.0	0.0	0.0	0.0	0.0	0.0	0.0	0.0	0.0	0.0	0.0	0.0	0.0	0.0	0.0	0.0	0.0	0.0	0.0	0.0	0.0	0.0	0.0	0.0	0.0	0.0	0.0	0.0	0.0	0.0	0.0	0.0	0.0	0.0	0.0	0.0	0.0	0.0	0.0	0.0	0.0	0.0	0.0	0.0	0.0	0.0	0.0	0.0	0.0	0.0	0.0	0.0	0.0	0.0	
1.58	2.04	2.32	2.86	1.18	1.24	1.32	1.32	1.22	1.24	0.58	0.66	0.4	0.24	0.32	0.22	0.32	0.04	0.02	0.02	0.04	0.04	0.0	0.0	0.0	0.0	0.0	0.02	0.02	0.0	0.0	0.0	0.0	0.0	0.0	0.0	0.02	0.0	0.0	0.0	0.0	0.0	0.0	0.0	0.0	0.0	0.0	0.0	0.0	0.0	0.0	0.0	0.0	0.0	0.0	0.0	0.0	0.0	0.0	0.0	0.0	0.0	0.0	0.0	0.0	0.0	0.0	0.0	0.0	0.0	0.0	0.0	0.0	0.0	0.0	0.0	0.0	0.0	0.0	0.0	0.0	0.0	0.0	0.0	0.0	0.0	0.0	0.0	0.0	0.0	0.0	0.0	0.0	0.0	0.0	0.0	0.0	0.0	0.0	
2.0	2.38	3.2	3.54	1.66	1.16	1.36	1.26	1.66	1.36	0.86	0.68	0.66	0.62	0.24	0.24	0.36	0.16	0.14	0.04	0.02	0.04	0.02	0.02	0.04	0.02	0.0	0.0	0.02	0.02	0.02	0.02	0.0	0.0	0.0	0.0	0.02	0.0	0.02	0.0	0.0	0.0	0.0	0.0	0.0	0.0	0.0	0.0	0.0	0.0	0.0	0.0	0.0	0.0	0.0	0.0	0.0	0.0	0.0	0.0	0.0	0.0	0.0	0.0	0.0	0.0	0.0	0.0	0.0	0.0	0.0	0.0	0.0	0.0	0.0	0.0	0.0	0.0	0.0	0.0	0.0	0.0	0.0	0.0	0.0	0.0	0.0	0.0	0.0	0.0	0.0	0.0	0.0	0.0	0.0	0.0	0.0	0.0	0.0	
2.22	2.66	4.52	3.86	1.98	1.74	1.8	1.68	1.38	1.9	1.02	1.02	0.98	0.58	0.38	0.42	0.28	0.14	0.12	0.08	0.06	0.04	0.04	0.02	0.02	0.02	0.02	0.0	0.0	0.0	0.02	0.0	0.02	0.0	0.0	0.0	0.0	0.0	0.0	0.0	0.0	0.0	0.0	0.0	0.0	0.0	0.0	0.0	0.0	0.0	0.0	0.0	0.0	0.0	0.0	0.0	0.0	0.0	0.0	0.0	0.0	0.0	0.0	0.0	0.0	0.0	0.0	0.0	0.0	0.0	0.0	0.0	0.0	0.0	0.0	0.0	0.0	0.0	0.0	0.0	0.0	0.0	0.0	0.0	0.0	0.0	0.0	0.0	0.0	0.0	0.0	0.0	0.0	0.0	0.0	0.0	0.0	0.0	0.0	
3.4	3.7	5.4	5.06	2.74	1.96	2.8	2.5	2.44	2.0	1.52	1.32	1.38	0.62	0.46	0.42	0.56	0.22	0.16	0.16	0.14	0.14	0.24	0.04	0.06	0.06	0.02	0.06	0.04	0.0	0.0	0.0	0.0	0.0	0.0	0.0	0.0	0.02	0.02	0.0	0.0	0.0	0.0	0.0	0.0	0.0	0.0	0.0	0.0	0.0	0.0	0.0	0.0	0.0	0.0	0.0	0.0	0.0	0.0	0.0	0.0	0.0	0.0	0.0	0.0	0.0	0.0	0.0	0.0	0.0	0.0	0.0	0.0	0.0	0.0	0.0	0.0	0.0	0.0	0.0	0.0	0.0	0.0	0.0	0.0	0.0	0.0	0.0	0.0	0.0	0.0	0.0	0.0	0.0	0.0	0.0	0.0	0.0	0.0	
4.84	4.6	7.5	6.64	3.62	2.94	3.62	3.32	3.14	3.34	2.12	2.26	2.08	0.92	0.74	0.7	0.6	0.3	0.26	0.4	0.4	0.34	0.32	0.08	0.14	0.04	0.1	0.08	0.16	0.1	0.04	0.04	0.02	0.04	0.02	0.0	0.04	0.02	0.02	0.0	0.02	0.0	0.0	0.0	0.0	0.0	0.02	0.0	0.0	0.0	0.0	0.0	0.0	0.0	0.0	0.0	0.0	0.0	0.0	0.0	0.0	0.0	0.0	0.0	0.0	0.0	0.0	0.0	0.0	0.0	0.0	0.0	0.0	0.0	0.0	0.0	0.0	0.0	0.0	0.0	0.0	0.0	0.0	0.0	0.0	0.0	0.0	0.0	0.0	0.0	0.0	0.0	0.0	0.0	0.0	0.0	0.0	0.0	0.0	
6.02	7.78	9.74	9.86	5.28	4.2	5.38	4.8	4.58	4.22	3.32	3.24	2.78	1.12	1.28	1.48	1.44	0.92	0.6	0.6	0.78	0.5	0.4	0.2	0.2	0.1	0.24	0.16	0.1	0.14	0.04	0.0	0.04	0.06	0.04	0.0	0.08	0.04	0.02	0.02	0.0	0.0	0.0	0.02	0.0	0.0	0.02	0.0	0.0	0.0	0.0	0.0	0.0	0.0	0.0	0.0	0.0	0.0	0.0	0.0	0.0	0.0	0.0	0.0	0.0	0.0	0.0	0.0	0.0	0.0	0.0	0.0	0.0	0.0	0.0	0.0	0.0	0.0	0.0	0.0	0.0	0.0	0.0	0.0	0.0	0.0	0.0	0.0	0.0	0.0	0.0	0.0	0.0	0.0	0.0	0.0	0.0	0.0	0.0	
9.64	11.12	14.38	13.06	7.84	6.02	7.48	7.3	6.62	6.86	4.58	4.66	4.24	2.16	1.7	1.8	2.0	1.42	1.06	1.06	1.02	0.76	0.64	0.18	0.3	0.22	0.44	0.26	0.24	0.4	0.1	0.04	0.06	0.02	0.08	0.06	0.1	0.04	0.02	0.04	0.02	0.02	0.0	0.0	0.0	0.0	0.02	0.0	0.02	0.0	0.0	0.02	0.0	0.0	0.0	0.0	0.0	0.0	0.0	0.0	0.0	0.0	0.0	0.0	0.0	0.0	0.0	0.0	0.0	0.0	0.0	0.0	0.0	0.0	0.0	0.0	0.0	0.0	0.0	0.0	0.0	0.0	0.0	0.0	0.0	0.0	0.0	0.0	0.0	0.0	0.0	0.0	0.0	0.0	0.0	0.0	0.0	0.0	0.0	
13.42	16.46	20.0	18.04	11.54	8.38	10.32	9.5	9.32	9.88	6.42	6.5	6.48	3.18	2.48	3.02	2.48	2.12	1.52	1.6	1.48	1.64	1.16	0.38	0.38	0.42	0.44	0.48	0.42	0.34	0.16	0.08	0.12	0.1	0.16	0.28	0.14	0.14	0.22	0.14	0.02	0.0	0.0	0.02	0.02	0.0	0.02	0.0	0.0	0.04	0.02	0.0	0.0	0.0	0.0	0.0	0.0	0.0	0.0	0.0	0.0	0.0	0.0	0.0	0.0	0.0	0.0	0.0	0.0	0.0	0.0	0.0	0.0	0.0	0.0	0.0	0.0	0.0	0.0	0.0	0.0	0.0	0.0	0.0	0.0	0.0	0.0	0.0	0.0	0.0	0.0	0.0	0.0	0.0	0.0	0.0	0.0	0.0	0.0	
18.74	21.14	27.44	25.36	14.38	11.9	13.52	14.02	13.44	12.36	8.96	9.3	9.22	4.32	4.32	4.08	3.9	3.06	2.5	2.24	2.76	2.22	2.14	0.54	0.7	0.66	0.58	0.84	0.66	0.58	0.38	0.2	0.26	0.16	0.14	0.16	0.32	0.22	0.08	0.26	0.02	0.0	0.0	0.02	0.02	0.04	0.0	0.0	0.0	0.0	0.06	0.06	0.02	0.0	0.0	0.0	0.0	0.0	0.0	0.0	0.0	0.0	0.0	0.0	0.0	0.0	0.0	0.0	0.0	0.0	0.0	0.0	0.0	0.0	0.0	0.0	0.0	0.0	0.0	0.0	0.0	0.0	0.0	0.0	0.0	0.0	0.0	0.0	0.0	0.0	0.0	0.0	0.0	0.0	0.0	0.0	0.0	0.0	0.0	
24.44	27.7	35.18	32.52	19.52	17.22	18.5	17.86	16.48	16.7	12.2	12.06	11.26	5.44	4.82	4.78	5.58	3.86	3.24	3.28	3.18	3.28	2.52	1.06	1.12	0.88	1.04	0.9	0.84	0.74	0.32	0.24	0.3	0.2	0.16	0.14	0.28	0.32	0.3	0.16	0.04	0.02	0.04	0.0	0.04	0.02	0.02	0.04	0.02	0.04	0.02	0.02	0.02	0.0	0.0	0.0	0.0	0.0	0.0	0.0	0.0	0.0	0.0	0.0	0.0	0.0	0.0	0.0	0.0	0.0	0.0	0.0	0.0	0.0	0.0	0.0	0.0	0.0	0.0	0.0	0.0	0.0	0.0	0.0	0.0	0.0	0.0	0.0	0.0	0.0	0.0	0.0	0.0	0.0	0.0	0.0	0.0	0.0	0.0	
32.02	36.84	43.88	41.2	26.52	21.3	24.04	22.3	21.64	19.68	16.3	16.78	15.58	8.5	7.12	7.02	6.96	5.02	4.24	4.18	4.22	4.2	3.5	1.34	1.26	1.16	1.32	1.3	1.36	0.96	0.6	0.36	0.4	0.3	0.52	0.44	0.42	0.42	0.62	0.28	0.16	0.04	0.02	0.02	0.08	0.06	0.02	0.0	0.02	0.02	0.06	0.08	0.0	0.0	0.0	0.0	0.0	0.0	0.0	0.0	0.0	0.0	0.0	0.0	0.0	0.0	0.0	0.0	0.0	0.0	0.0	0.0	0.0	0.0	0.0	0.0	0.0	0.0	0.0	0.0	0.0	0.0	0.0	0.0	0.0	0.0	0.0	0.0	0.0	0.0	0.0	0.0	0.0	0.0	0.0	0.0	0.0	0.0	0.0	
38.1	47.68	55.36	50.26	31.94	26.3	29.02	29.24	28.3	27.1	20.56	20.24	19.6	9.36	8.92	8.48	9.02	6.8	6.72	5.28	5.58	5.36	4.58	1.6	1.46	1.58	1.3	1.48	1.82	1.28	0.72	0.36	0.5	0.54	0.58	0.54	0.58	0.66	0.42	0.56	0.08	0.06	0.0	0.06	0.08	0.06	0.06	0.04	0.04	0.02	0.06	0.08	0.06	0.0	0.0	0.0	0.0	0.0	0.0	0.0	0.0	0.0	0.0	0.0	0.0	0.0	0.0	0.0	0.0	0.0	0.0	0.0	0.0	0.0	0.0	0.0	0.0	0.0	0.0	0.0	0.0	0.0	0.0	0.0	0.0	0.0	0.0	0.0	0.0	0.0	0.0	0.0	0.0	0.0	0.0	0.0	0.0	0.0	0.0	
46.92	54.86	66.62	60.48	37.62	32.08	34.82	34.18	35.18	31.78	24.3	23.84	23.06	12.1	10.44	9.84	9.32	8.36	6.36	6.54	6.54	6.52	6.1	2.06	1.56	1.98	1.92	1.8	1.88	1.88	1.04	0.62	0.48	0.76	0.6	0.74	0.64	0.74	0.68	0.5	0.12	0.02	0.06	0.04	0.04	0.02	0.04	0.08	0.08	0.16	0.16	0.06	0.0	0.0	0.0	0.0	0.0	0.0	0.0	0.0	0.0	0.0	0.0	0.0	0.0	0.0	0.0	0.0	0.0	0.0	0.0	0.0	0.0	0.0	0.0	0.0	0.0	0.0	0.0	0.0	0.0	0.0	0.0	0.0	0.0	0.0	0.0	0.0	0.0	0.0	0.0	0.0	0.0	0.0	0.0	0.0	0.0	0.0	0.0	
55.18	65.42	75.92	68.94	46.46	37.48	41.2	41.02	38.38	38.0	31.44	31.2	30.06	13.76	13.1	12.38	12.18	9.46	7.9	8.08	8.4	8.16	6.58	2.42	1.96	2.38	2.32	2.58	2.38	2.1	1.02	0.5	0.66	0.72	0.88	0.84	0.78	0.96	0.68	0.42	0.2	0.02	0.06	0.06	0.1	0.08	0.14	0.14	0.1	0.04	0.08	0.08	0.06	0.0	0.0	0.0	0.0	0.0	0.0	0.0	0.0	0.0	0.0	0.0	0.0	0.0	0.0	0.0	0.0	0.0	0.0	0.0	0.0	0.0	0.0	0.0	0.0	0.0	0.0	0.0	0.0	0.0	0.0	0.0	0.0	0.0	0.0	0.0	0.0	0.0	0.0	0.0	0.0	0.0	0.0	0.0	0.0	0.0	0.0	
64.38	75.44	87.44	78.24	52.9	42.14	46.8	44.68	43.92	43.4	37.96	38.1	36.62	16.5	14.52	14.4	13.98	10.72	9.94	9.6	9.68	9.08	7.68	3.0	2.6	2.74	2.68	3.12	3.1	2.9	1.42	0.72	0.9	0.8	1.08	1.0	0.8	0.94	1.02	0.7	0.14	0.12	0.16	0.12	0.08	0.14	0.04	0.08	0.1	0.18	0.14	0.16	0.04	0.0	0.0	0.0	0.0	0.0	0.0	0.0	0.0	0.0	0.0	0.0	0.0	0.0	0.0	0.0	0.0	0.0	0.0	0.0	0.0	0.0	0.0	0.0	0.0	0.0	0.0	0.0	0.0	0.0	0.0	0.0	0.0	0.0	0.0	0.0	0.0	0.0	0.0	0.0	0.0	0.0	0.0	0.0	0.0	0.0	0.0	
72.46	84.16	94.72	85.04	57.24	47.36	51.82	50.0	48.64	46.94	36.72	35.02	34.68	18.24	15.94	15.88	14.88	11.86	11.04	10.68	10.58	11.14	8.92	3.56	3.12	3.22	3.04	2.94	2.88	3.3	1.48	1.12	1.44	1.18	0.76	1.06	1.22	0.9	0.92	0.98	0.2	0.18	0.08	0.18	0.12	0.04	0.04	0.1	0.06	0.02	0.14	0.02	0.02	0.0	0.0	0.0	0.0	0.0	0.0	0.0	0.0	0.0	0.0	0.0	0.0	0.0	0.0	0.0	0.0	0.0	0.0	0.0	0.0	0.0	0.0	0.0	0.0	0.0	0.0	0.0	0.0	0.0	0.0	0.0	0.0	0.0	0.0	0.0	0.0	0.0	0.0	0.0	0.0	0.0	0.0	0.0	0.0	0.0	0.0	
77.3	90.22	106.46	93.92	61.94	52.88	57.28	57.24	53.76	53.4	40.26	39.78	38.02	20.9	17.94	16.52	16.98	13.46	12.12	12.92	12.32	11.66	9.74	3.84	3.54	3.6	3.48	3.36	3.6	3.34	1.8	1.16	1.46	1.18	1.04	1.0	1.24	1.3	1.22	0.84	0.18	0.12	0.12	0.16	0.14	0.12	0.1	0.14	0.16	0.08	0.14	0.14	0.04	0.02	0.0	0.0	0.0	0.0	0.0	0.0	0.0	0.0	0.0	0.0	0.0	0.0	0.0	0.0	0.0	0.0	0.0	0.0	0.0	0.0	0.0	0.0	0.0	0.0	0.0	0.0	0.0	0.0	0.0	0.0	0.0	0.0	0.0	0.0	0.0	0.0	0.0	0.0	0.0	0.0	0.0	0.0	0.0	0.0	0.0	
85.02	96.9	111.02	99.98	66.66	57.36	62.08	60.7	58.5	55.66	43.18	42.32	41.76	21.46	19.2	18.12	18.96	14.74	13.1	13.04	13.58	13.42	11.38	3.78	4.72	4.4	3.78	4.16	4.24	3.72	1.68	1.44	1.2	1.18	1.22	1.16	1.34	1.42	1.32	0.98	0.12	0.16	0.1	0.1	0.12	0.14	0.08	0.08	0.16	0.18	0.22	0.14	0.08	0.0	0.0	0.0	0.0	0.0	0.0	0.0	0.0	0.0	0.0	0.0	0.0	0.0	0.0	0.0	0.0	0.0	0.0	0.0	0.0	0.0	0.0	0.0	0.0	0.0	0.0	0.0	0.0	0.0	0.0	0.0	0.0	0.0	0.0	0.0	0.0	0.0	0.0	0.0	0.0	0.0	0.0	0.0	0.0	0.0	0.0	
90.34	106.06	118.22	106.66	69.9	60.7	65.42	63.66	59.06	56.06	42.56	45.7	43.18	23.48	20.94	19.54	20.26	16.74	14.6	13.72	14.04	14.9	11.4	4.08	4.56	4.48	4.1	4.28	4.28	4.18	2.12	1.48	1.36	1.6	1.5	1.56	1.56	1.66	1.34	1.1	0.22	0.12	0.2	0.18	0.2	0.2	0.12	0.18	0.16	0.26	0.2	0.12	0.1	0.02	0.0	0.0	0.0	0.0	0.0	0.0	0.0	0.0	0.0	0.0	0.0	0.0	0.0	0.0	0.0	0.0	0.0	0.0	0.0	0.0	0.0	0.0	0.0	0.0	0.0	0.0	0.0	0.0	0.0	0.0	0.0	0.0	0.0	0.0	0.0	0.0	0.0	0.0	0.0	0.0	0.0	0.0	0.0	0.0	0.0	
97.3	112.66	123.6	115.86	72.88	63.1	70.84	67.86	66.38	62.9	47.48	48.0	48.1	25.38	21.96	22.1	21.98	16.32	14.86	16.48	15.36	15.4	12.38	4.84	4.98	4.96	4.88	4.5	4.38	4.12	2.42	1.7	1.54	1.42	1.52	1.58	1.96	1.66	1.48	1.32	0.36	0.12	0.08	0.12	0.3	0.08	0.16	0.22	0.18	0.22	0.28	0.38	0.1	0.0	0.0	0.0	0.0	0.0	0.0	0.0	0.0	0.0	0.0	0.0	0.0	0.0	0.0	0.0	0.0	0.0	0.0	0.0	0.0	0.0	0.0	0.0	0.0	0.0	0.0	0.0	0.0	0.0	0.0	0.0	0.0	0.0	0.0	0.0	0.0	0.0	0.0	0.0	0.0	0.0	0.0	0.0	0.0	0.0	0.0	
98.0	116.66	128.98	115.98	79.38	65.74	72.0	72.22	67.5	66.5	52.44	51.58	49.68	26.86	24.42	23.36	22.56	19.04	16.26	16.14	17.36	17.0	14.18	5.26	4.84	4.9	5.14	4.54	5.16	5.14	2.5	2.3	1.78	1.8	2.0	1.6	1.68	1.56	1.54	1.62	0.16	0.32	0.12	0.22	0.32	0.18	0.2	0.18	0.24	0.18	0.18	0.28	0.08	0.0	0.0	0.0	0.0	0.0	0.0	0.0	0.0	0.0	0.0	0.0	0.0	0.0	0.0	0.0	0.0	0.0	0.0	0.0	0.0	0.0	0.0	0.0	0.0	0.0	0.0	0.0	0.0	0.0	0.0	0.0	0.0	0.0	0.0	0.0	0.0	0.0	0.0	0.0	0.0	0.0	0.0	0.0	0.0	0.0	0.0	
102.84	123.44	135.88	121.62	82.4	68.8	79.14	75.82	72.22	67.28	53.96	53.08	51.7	27.54	24.88	24.98	24.0	18.18	17.04	17.18	16.04	16.3	15.52	5.66	5.06	5.42	5.62	5.22	5.82	5.56	2.5	1.86	1.78	1.86	2.02	1.9	1.7	2.0	1.68	1.56	0.34	0.02	0.16	0.12	0.22	0.1	0.32	0.06	0.26	0.22	0.12	0.26	0.2	0.0	0.0	0.0	0.0	0.0	0.0	0.0	0.0	0.0	0.0	0.0	0.0	0.0	0.0	0.0	0.0	0.0	0.0	0.0	0.0	0.0	0.0	0.0	0.0	0.0	0.0	0.0	0.0	0.0	0.0	0.0	0.0	0.0	0.0	0.0	0.0	0.0	0.0	0.0	0.0	0.0	0.0	0.0	0.0	0.0	0.0	
107.0	126.98	140.32	126.02	85.12	72.32	80.9	78.48	75.66	71.56	56.7	57.14	54.82	27.98	25.16	25.32	25.1	19.96	18.46	17.68	18.5	17.24	15.36	6.24	5.2	5.64	5.88	6.04	5.0	5.54	2.62	1.78	2.14	1.94	2.24	2.3	1.94	2.06	1.94	1.14	0.46	0.2	0.2	0.16	0.28	0.18	0.2	0.26	0.24	0.18	0.32	0.14	0.08	0.0	0.0	0.0	0.0	0.0	0.0	0.0	0.0	0.0	0.0	0.0	0.0	0.0	0.0	0.0	0.0	0.0	0.0	0.0	0.0	0.0	0.0	0.0	0.0	0.0	0.0	0.0	0.0	0.0	0.0	0.0	0.0	0.0	0.0	0.0	0.0	0.0	0.0	0.0	0.0	0.0	0.0	0.0	0.0	0.0	0.0	
108.76	129.12	142.5	127.42	84.54	74.9	83.26	79.82	77.84	75.14	56.94	59.24	55.82	29.22	26.2	26.06	26.5	21.68	19.04	18.86	18.82	18.12	15.8	6.02	5.26	5.5	5.88	6.3	6.4	5.72	2.92	2.16	2.06	2.3	2.04	2.46	2.08	1.86	2.42	1.42	0.26	0.22	0.3	0.26	0.24	0.2	0.24	0.42	0.3	0.12	0.16	0.14	0.1	0.0	0.0	0.0	0.0	0.0	0.0	0.0	0.0	0.0	0.0	0.0	0.0	0.0	0.0	0.0	0.0	0.0	0.0	0.0	0.0	0.0	0.0	0.0	0.0	0.0	0.0	0.0	0.0	0.0	0.0	0.0	0.0	0.0	0.0	0.0	0.0	0.0	0.0	0.0	0.0	0.0	0.0	0.0	0.0	0.0	0.0	
113.78	135.68	146.32	129.72	90.22	79.58	86.7	82.58	79.64	76.3	58.84	57.7	58.78	30.54	27.44	27.9	27.78	22.28	21.48	20.38	20.26	21.0	16.7	6.98	6.06	5.98	6.44	5.72	6.34	6.62	3.5	2.22	2.3	1.92	2.5	2.28	1.88	2.64	2.16	1.78	0.4	0.14	0.26	0.18	0.2	0.24	0.16	0.22	0.28	0.24	0.26	0.32	0.06	0.0	0.0	0.0	0.0	0.0	0.0	0.0	0.0	0.0	0.0	0.0	0.0	0.0	0.0	0.0	0.0	0.0	0.0	0.0	0.0	0.0	0.0	0.0	0.0	0.0	0.0	0.0	0.0	0.0	0.0	0.0	0.0	0.0	0.0	0.0	0.0	0.0	0.0	0.0	0.0	0.0	0.0	0.0	0.0	0.0	0.0	
115.34	138.16	149.58	129.9	88.52	78.38	85.82	82.8	82.78	79.44	60.84	58.44	60.1	31.68	27.74	27.6	28.22	23.48	20.12	20.66	20.54	20.32	17.64	6.78	6.52	6.04	6.12	6.22	6.58	6.26	3.02	2.14	2.42	2.3	2.36	2.5	2.54	2.28	2.0	1.94	0.42	0.2	0.36	0.28	0.32	0.28	0.3	0.22	0.3	0.28	0.34	0.22	0.16	0.02	0.0	0.0	0.0	0.0	0.0	0.0	0.0	0.0	0.0	0.0	0.0	0.0	0.0	0.0	0.0	0.0	0.0	0.0	0.0	0.0	0.0	0.0	0.0	0.0	0.0	0.0	0.0	0.0	0.0	0.0	0.0	0.0	0.0	0.0	0.0	0.0	0.0	0.0	0.0	0.0	0.0	0.0	0.0	0.0	0.0	
117.98	139.16	150.0	131.8	91.98	79.84	86.86	85.64	84.18	79.16	62.14	61.72	59.86	32.56	28.8	29.5	27.48	23.68	20.52	20.88	20.52	20.24	18.38	6.46	6.36	5.86	6.3	6.98	6.86	6.6	3.64	2.46	2.94	2.2	2.08	2.44	2.58	2.5	2.4	1.98	0.3	0.18	0.28	0.36	0.32	0.22	0.24	0.08	0.3	0.26	0.28	0.2	0.06	0.0	0.0	0.0	0.0	0.0	0.0	0.0	0.0	0.0	0.0	0.0	0.0	0.0	0.0	0.0	0.0	0.0	0.0	0.0	0.0	0.0	0.0	0.0	0.0	0.0	0.0	0.0	0.0	0.0	0.0	0.0	0.0	0.0	0.0	0.0	0.0	0.0	0.0	0.0	0.0	0.0	0.0	0.0	0.0	0.0	0.0	
118.82	138.62	151.82	132.06	93.26	80.58	87.94	86.68	83.18	81.68	61.6	63.64	61.72	32.54	28.16	28.56	28.5	24.48	21.74	21.26	21.34	21.2	18.08	7.08	6.64	6.8	6.5	6.36	6.2	6.44	3.48	2.86	2.8	2.16	2.56	2.44	2.46	1.92	2.28	1.68	0.38	0.22	0.4	0.24	0.24	0.2	0.1	0.24	0.26	0.22	0.28	0.32	0.24	0.02	0.0	0.0	0.0	0.0	0.0	0.0	0.0	0.0	0.0	0.0	0.0	0.0	0.0	0.0	0.0	0.0	0.0	0.0	0.0	0.0	0.0	0.0	0.0	0.0	0.0	0.0	0.0	0.0	0.0	0.0	0.0	0.0	0.0	0.0	0.0	0.0	0.0	0.0	0.0	0.0	0.0	0.0	0.0	0.0	0.0	
121.96	142.56	151.18	133.72	96.34	82.86	93.76	86.58	83.56	81.28	62.6	63.04	61.62	32.18	28.68	30.0	28.8	24.26	22.8	21.62	21.9	22.02	19.6	7.48	6.92	7.04	6.34	6.88	6.92	7.16	3.6	2.62	2.62	2.66	2.46	2.56	2.58	2.2	2.42	1.9	0.68	0.14	0.22	0.28	0.28	0.3	0.2	0.3	0.4	0.2	0.2	0.22	0.12	0.0	0.0	0.0	0.0	0.0	0.0	0.0	0.0	0.0	0.0	0.0	0.0	0.0	0.0	0.0	0.0	0.0	0.0	0.0	0.0	0.0	0.0	0.0	0.0	0.0	0.0	0.0	0.0	0.0	0.0	0.0	0.0	0.0	0.0	0.0	0.0	0.0	0.0	0.0	0.0	0.0	0.0	0.0	0.0	0.0	0.0	
123.3	143.32	151.74	136.04	93.56	81.68	91.48	87.32	84.22	84.78	65.2	64.2	62.84	33.3	31.36	29.72	30.06	25.04	23.5	23.08	21.7	21.8	19.54	7.56	7.32	6.7	7.66	6.62	7.34	7.42	3.92	2.48	2.86	2.4	2.54	2.48	2.06	2.4	2.44	2.62	0.5	0.46	0.2	0.28	0.2	0.3	0.32	0.3	0.32	0.32	0.32	0.34	0.12	0.0	0.0	0.0	0.0	0.0	0.0	0.0	0.0	0.0	0.0	0.0	0.0	0.0	0.0	0.0	0.0	0.0	0.0	0.0	0.0	0.0	0.0	0.0	0.0	0.0	0.0	0.0	0.0	0.0	0.0	0.0	0.0	0.0	0.0	0.0	0.0	0.0	0.0	0.0	0.0	0.0	0.0	0.0	0.0	0.0	0.0	
121.48	143.7	154.86	135.38	97.84	85.44	92.36	90.66	84.32	83.24	64.7	64.98	63.74	33.4	30.46	30.08	29.6	24.8	22.82	23.32	23.08	22.36	19.16	7.5	7.56	7.16	6.1	7.66	7.7	6.58	3.56	2.76	2.86	3.06	2.86	2.98	2.46	2.54	2.8	2.26	0.42	0.3	0.32	0.22	0.22	0.34	0.28	0.38	0.22	0.22	0.26	0.3	0.16	0.04	0.0	0.0	0.0	0.0	0.0	0.0	0.0	0.0	0.0	0.0	0.0	0.0	0.0	0.0	0.0	0.0	0.0	0.0	0.0	0.0	0.0	0.0	0.0	0.0	0.0	0.0	0.0	0.0	0.0	0.0	0.0	0.0	0.0	0.0	0.0	0.0	0.0	0.0	0.0	0.0	0.0	0.0	0.0	0.0	0.0	
124.12	143.4	151.22	137.44	95.52	83.02	91.68	90.08	82.8	80.38	65.64	64.34	64.34	33.2	33.24	29.96	30.64	25.06	22.66	23.94	22.88	23.64	19.76	7.98	7.56	7.62	7.54	7.46	7.2	7.7	3.54	2.8	2.38	2.28	2.32	2.78	3.28	2.28	2.68	2.56	0.46	0.18	0.34	0.28	0.28	0.26	0.3	0.4	0.18	0.24	0.28	0.22	0.14	0.0	0.0	0.0	0.0	0.0	0.0	0.0	0.0	0.0	0.0	0.0	0.0	0.0	0.0	0.0	0.0	0.0	0.0	0.0	0.0	0.0	0.0	0.0	0.0	0.0	0.0	0.0	0.0	0.0	0.0	0.0	0.0	0.0	0.0	0.0	0.0	0.0	0.0	0.0	0.0	0.0	0.0	0.0	0.0	0.0	0.0	
121.68	145.02	149.32	137.54	94.46	82.72	92.78	87.5	85.68	82.02	65.18	65.72	64.32	35.08	30.24	31.38	30.02	25.52	22.3	22.82	22.52	22.34	20.34	7.46	6.68	7.26	7.38	6.66	6.84	6.84	3.7	3.08	3.02	2.92	2.96	2.82	2.76	2.96	2.5	1.92	0.42	0.32	0.36	0.26	0.34	0.36	0.24	0.32	0.32	0.34	0.46	0.16	0.22	0.02	0.0	0.0	0.0	0.0	0.0	0.0	0.0	0.0	0.0	0.0	0.0	0.0	0.0	0.0	0.0	0.0	0.0	0.0	0.0	0.0	0.0	0.0	0.0	0.0	0.0	0.0	0.0	0.0	0.0	0.0	0.0	0.0	0.0	0.0	0.0	0.0	0.0	0.0	0.0	0.0	0.0	0.0	0.0	0.0	0.0	
122.42	140.84	151.86	134.0	93.86	84.64	90.2	90.88	85.74	81.42	63.9	64.44	63.76	34.38	31.7	30.6	30.16	25.22	22.72	23.64	23.84	24.02	20.5	7.36	7.44	6.38	7.1	6.66	7.64	7.12	4.22	2.76	2.94	2.6	2.72	3.24	2.74	2.86	3.02	2.38	0.42	0.36	0.34	0.26	0.24	0.3	0.16	0.18	0.26	0.38	0.24	0.26	0.18	0.0	0.0	0.0	0.0	0.0	0.0	0.0	0.0	0.0	0.0	0.0	0.0	0.0	0.0	0.0	0.0	0.0	0.0	0.0	0.0	0.0	0.0	0.0	0.0	0.0	0.0	0.0	0.0	0.0	0.0	0.0	0.0	0.0	0.0	0.0	0.0	0.0	0.0	0.0	0.0	0.0	0.0	0.0	0.0	0.0	0.0	
123.18	143.14	153.48	132.78	96.28	83.74	90.22	91.46	88.2	82.5	65.92	65.08	63.34	34.92	31.68	30.94	31.12	26.14	23.34	24.14	23.44	22.98	20.58	8.2	7.46	7.32	7.0	7.44	7.84	7.72	3.84	2.8	2.58	2.78	3.12	2.7	3.0	3.4	2.84	2.4	0.48	0.32	0.42	0.22	0.22	0.2	0.28	0.44	0.26	0.28	0.2	0.32	0.14	0.02	0.0	0.0	0.0	0.0	0.0	0.0	0.0	0.0	0.0	0.0	0.0	0.0	0.0	0.0	0.0	0.0	0.0	0.0	0.0	0.0	0.0	0.0	0.0	0.0	0.0	0.0	0.0	0.0	0.0	0.0	0.0	0.0	0.0	0.0	0.0	0.0	0.0	0.0	0.0	0.0	0.0	0.0	0.0	0.0	0.0	
120.72	143.0	153.18	130.34	93.96	82.68	92.78	88.92	87.16	81.44	65.1	64.42	61.62	35.62	30.5	31.52	30.5	26.1	24.24	24.26	22.84	23.54	19.64	7.54	6.96	6.76	7.22	6.96	7.84	6.9	3.72	2.74	2.54	3.58	2.9	3.12	2.7	2.72	2.82	2.46	0.5	0.26	0.32	0.38	0.2	0.28	0.24	0.36	0.38	0.4	0.26	0.34	0.24	0.0	0.0	0.0	0.0	0.0	0.0	0.0	0.0	0.0	0.0	0.0	0.0	0.0	0.0	0.0	0.0	0.0	0.0	0.0	0.0	0.0	0.0	0.0	0.0	0.0	0.0	0.0	0.0	0.0	0.0	0.0	0.0	0.0	0.0	0.0	0.0	0.0	0.0	0.0	0.0	0.0	0.0	0.0	0.0	0.0	0.0	
120.58	147.4	149.0	132.2	93.56	84.04	92.54	86.18	84.94	83.88	66.52	65.18	63.76	34.64	31.82	29.56	31.38	25.68	23.08	24.66	21.88	22.54	20.38	7.64	7.46	7.68	7.12	7.64	7.94	7.26	3.58	2.96	2.86	2.82	2.4	2.62	2.46	2.7	2.76	2.32	0.6	0.4	0.38	0.44	0.3	0.32	0.3	0.36	0.28	0.42	0.28	0.34	0.18	0.04	0.0	0.0	0.0	0.0	0.0	0.0	0.0	0.0	0.0	0.0	0.0	0.0	0.0	0.0	0.0	0.0	0.0	0.0	0.0	0.0	0.0	0.0	0.0	0.0	0.0	0.0	0.0	0.0	0.0	0.0	0.0	0.0	0.0	0.0	0.0	0.0	0.0	0.0	0.0	0.0	0.0	0.0	0.0	0.0	0.0	
121.26	143.64	145.58	131.46	92.52	84.48	89.3	87.7	83.82	80.34	62.76	64.58	63.16	34.6	30.72	30.6	30.1	25.58	22.58	22.36	24.12	23.28	19.7	7.76	6.98	7.14	7.58	7.38	7.6	7.04	3.82	2.84	2.5	2.92	2.64	3.02	3.0	2.74	2.84	2.64	0.58	0.2	0.4	0.26	0.32	0.2	0.34	0.28	0.26	0.2	0.4	0.3	0.18	0.06	0.0	0.0	0.0	0.0	0.0	0.0	0.0	0.0	0.0	0.0	0.0	0.0	0.0	0.0	0.0	0.0	0.0	0.0	0.0	0.0	0.0	0.0	0.0	0.0	0.0	0.0	0.0	0.0	0.0	0.0	0.0	0.0	0.0	0.0	0.0	0.0	0.0	0.0	0.0	0.0	0.0	0.0	0.0	0.0	0.0	
121.88	146.74	145.7	130.56	92.48	80.88	91.36	86.32	84.76	79.64	63.08	63.24	61.42	34.08	29.58	30.14	31.64	23.78	21.62	22.14	24.48	24.9	20.82	8.34	7.82	7.16	7.24	6.94	7.82	7.62	4.16	2.66	2.96	2.66	2.72	2.52	3.18	2.64	2.64	2.34	0.48	0.36	0.4	0.26	0.46	0.38	0.26	0.16	0.32	0.28	0.4	0.22	0.16	0.02	0.0	0.0	0.0	0.0	0.0	0.0	0.0	0.0	0.0	0.0	0.0	0.0	0.0	0.0	0.0	0.0	0.0	0.0	0.0	0.0	0.0	0.0	0.0	0.0	0.0	0.0	0.0	0.0	0.0	0.0	0.0	0.0	0.0	0.0	0.0	0.0	0.0	0.0	0.0	0.0	0.0	0.0	0.0	0.0	0.0	
123.64	142.84	144.76	131.14	94.4	81.34	89.56	86.42	80.78	81.56	62.6	62.7	62.24	33.48	30.56	30.62	29.76	25.56	23.02	24.54	22.52	23.7	20.02	8.28	7.64	7.66	7.56	7.36	6.74	6.1	3.66	2.96	2.98	3.08	2.86	3.08	3.18	2.94	2.94	2.26	0.52	0.32	0.28	0.34	0.26	0.38	0.42	0.2	0.32	0.24	0.34	0.2	0.28	0.0	0.0	0.0	0.0	0.0	0.0	0.0	0.0	0.0	0.0	0.0	0.0	0.0	0.0	0.0	0.0	0.0	0.0	0.0	0.0	0.0	0.0	0.0	0.0	0.0	0.0	0.0	0.0	0.0	0.0	0.0	0.0	0.0	0.0	0.0	0.0	0.0	0.0	0.0	0.0	0.0	0.0	0.0	0.0	0.0	0.0	
121.5	144.74	145.96	127.72	93.56	83.48	92.26	87.34	83.46	82.82	65.7	64.4	62.76	34.34	30.26	30.16	31.54	24.78	23.08	22.44	22.22	24.48	20.62	7.92	8.0	8.56	7.64	7.6	7.36	7.5	3.66	2.62	2.36	2.98	2.96	2.44	2.86	2.68	2.88	2.34	0.54	0.2	0.32	0.3	0.36	0.24	0.32	0.32	0.24	0.24	0.32	0.24	0.18	0.0	0.0	0.0	0.0	0.0	0.0	0.0	0.0	0.0	0.0	0.0	0.0	0.0	0.0	0.0	0.0	0.0	0.0	0.0	0.0	0.0	0.0	0.0	0.0	0.0	0.0	0.0	0.0	0.0	0.0	0.0	0.0	0.0	0.0	0.0	0.0	0.0	0.0	0.0	0.0	0.0	0.0	0.0	0.0	0.0	0.0	
119.72	143.02	146.94	127.24	93.74	82.22	88.7	87.8	83.78	80.24	64.6	63.88	61.92	33.94	30.26	30.16	30.18	23.28	23.08	23.96	22.26	22.5	19.94	7.4	6.4	7.14	7.9	7.98	7.78	7.82	3.64	3.24	2.86	3.06	2.34	3.0	2.84	2.84	2.76	2.02	0.38	0.2	0.3	0.38	0.36	0.38	0.38	0.24	0.36	0.3	0.32	0.16	0.08	0.0	0.0	0.0	0.0	0.0	0.0	0.0	0.0	0.0	0.0	0.0	0.0	0.0	0.0	0.0	0.0	0.0	0.0	0.0	0.0	0.0	0.0	0.0	0.0	0.0	0.0	0.0	0.0	0.0	0.0	0.0	0.0	0.0	0.0	0.0	0.0	0.0	0.0	0.0	0.0	0.0	0.0	0.0	0.0	0.0	0.0	
119.3	141.36	146.22	124.98	93.96	82.86	90.44	84.62	83.48	81.62	64.22	65.44	62.7	33.52	31.7	30.24	29.6	25.0	23.18	22.84	23.28	23.68	20.26	7.14	7.48	8.12	7.02	8.34	7.48	7.68	3.66	2.88	2.84	2.98	2.62	2.58	2.92	3.2	2.96	2.18	0.38	0.2	0.26	0.18	0.24	0.34	0.44	0.4	0.32	0.18	0.32	0.42	0.18	0.0	0.0	0.0	0.0	0.0	0.0	0.0	0.0	0.0	0.0	0.0	0.0	0.0	0.0	0.0	0.0	0.0	0.0	0.0	0.0	0.0	0.0	0.0	0.0	0.0	0.0	0.0	0.0	0.0	0.0	0.0	0.0	0.0	0.0	0.0	0.0	0.0	0.0	0.0	0.0	0.0	0.0	0.0	0.0	0.0	0.0	
119.8	141.58	144.92	130.5	93.06	83.02	90.12	82.86	82.0	83.06	63.0	63.62	65.36	34.06	29.54	30.58	31.36	25.48	23.58	23.44	22.74	23.6	20.82	7.3	6.74	8.04	7.94	7.88	6.98	7.24	3.96	2.9	2.5	2.76	2.72	2.9	2.82	2.82	3.04	2.18	0.48	0.42	0.32	0.24	0.28	0.4	0.28	0.24	0.26	0.2	0.4	0.36	0.26	0.02	0.0	0.0	0.0	0.0	0.0	0.0	0.0	0.0	0.0	0.0	0.0	0.0	0.0	0.0	0.0	0.0	0.0	0.0	0.0	0.0	0.0	0.0	0.0	0.0	0.0	0.0	0.0	0.0	0.0	0.0	0.0	0.0	0.0	0.0	0.0	0.0	0.0	0.0	0.0	0.0	0.0	0.0	0.0	0.0	0.0	
119.92	140.12	150.24	127.64	90.06	81.04	90.62	84.24	82.06	82.36	63.48	63.56	62.7	33.6	29.84	29.66	30.48	24.3	24.18	23.78	23.02	24.92	22.5	7.72	7.72	7.64	7.08	7.12	7.38	6.9	3.32	2.82	2.9	3.34	2.8	2.58	2.98	2.92	2.96	1.94	0.44	0.4	0.34	0.32	0.26	0.34	0.26	0.46	0.22	0.28	0.46	0.3	0.16	0.0	0.0	0.0	0.0	0.0	0.0	0.0	0.0	0.0	0.0	0.0	0.0	0.0	0.0	0.0	0.0	0.0	0.0	0.0	0.0	0.0	0.0	0.0	0.0	0.0	0.0	0.0	0.0	0.0	0.0	0.0	0.0	0.0	0.0	0.0	0.0	0.0	0.0	0.0	0.0	0.0	0.0	0.0	0.0	0.0	0.0	
119.4	139.1	145.02	127.66	92.38	82.82	90.48	87.56	83.92	80.62	64.4	66.9	62.96	34.1	31.4	29.82	29.48	24.4	22.98	23.56	23.2	23.82	19.46	7.94	7.26	6.86	8.32	7.32	6.92	6.8	3.74	2.4	2.5	2.42	2.7	2.74	3.18	2.88	2.58	2.22	0.38	0.32	0.16	0.32	0.42	0.42	0.3	0.3	0.32	0.28	0.24	0.3	0.12	0.02	0.0	0.0	0.0	0.0	0.0	0.0	0.0	0.0	0.0	0.0	0.0	0.0	0.0	0.0	0.0	0.0	0.0	0.0	0.0	0.0	0.0	0.0	0.0	0.0	0.0	0.0	0.0	0.0	0.0	0.0	0.0	0.0	0.0	0.0	0.0	0.0	0.0	0.0	0.0	0.0	0.0	0.0	0.0	0.0	0.0	
121.12	140.96	145.7	128.1	93.08	82.74	92.0	85.36	85.62	80.28	64.32	64.0	60.34	33.94	30.48	30.68	31.18	25.62	22.62	23.84	23.0	23.94	20.52	7.94	6.68	7.84	7.12	8.02	7.56	7.48	4.12	2.72	2.72	2.96	2.8	2.66	2.5	3.06	3.18	2.16	0.52	0.4	0.28	0.26	0.28	0.28	0.12	0.32	0.4	0.22	0.5	0.34	0.16	0.0	0.0	0.0	0.0	0.0	0.0	0.0	0.0	0.0	0.0	0.0	0.0	0.0	0.0	0.0	0.0	0.0	0.0	0.0	0.0	0.0	0.0	0.0	0.0	0.0	0.0	0.0	0.0	0.0	0.0	0.0	0.0	0.0	0.0	0.0	0.0	0.0	0.0	0.0	0.0	0.0	0.0	0.0	0.0	0.0	0.0	
119.78	141.84	145.04	128.02	90.5	80.98	90.06	85.94	83.0	80.36	64.2	64.68	60.92	34.42	30.3	30.64	31.84	24.58	24.54	23.3	23.46	23.28	19.98	7.84	7.14	7.7	7.74	7.64	7.38	7.1	4.32	2.84	2.54	3.12	2.8	2.74	2.64	3.06	3.0	2.14	0.5	0.16	0.32	0.34	0.42	0.36	0.28	0.22	0.32	0.32	0.3	0.14	0.14	0.02	0.0	0.0	0.0	0.0	0.0	0.0	0.0	0.0	0.0	0.0	0.0	0.0	0.0	0.0	0.0	0.0	0.0	0.0	0.0	0.0	0.0	0.0	0.0	0.0	0.0	0.0	0.0	0.0	0.0	0.0	0.0	0.0	0.0	0.0	0.0	0.0	0.0	0.0	0.0	0.0	0.0	0.0	0.0	0.0	0.0	
119.7	140.58	143.54	125.88	92.02	85.28	89.58	86.28	82.68	81.94	62.36	62.04	61.62	34.6	31.98	31.62	31.08	25.82	22.0	23.26	23.82	23.5	20.74	8.38	7.22	7.64	7.48	6.48	7.48	7.74	3.92	3.18	3.18	3.36	2.66	2.56	2.68	2.74	3.22	2.42	0.6	0.4	0.42	0.26	0.32	0.14	0.22	0.3	0.42	0.34	0.36	0.54	0.1	0.02	0.0	0.0	0.0	0.0	0.0	0.0	0.0	0.0	0.0	0.0	0.0	0.0	0.0	0.0	0.0	0.0	0.0	0.0	0.0	0.0	0.0	0.0	0.0	0.0	0.0	0.0	0.0	0.0	0.0	0.0	0.0	0.0	0.0	0.0	0.0	0.0	0.0	0.0	0.0	0.0	0.0	0.0	0.0	0.0	0.0	
121.78	138.1	143.38	127.2	91.56	81.4	90.6	83.8	84.34	81.52	64.3	64.34	62.42	35.72	31.14	30.82	30.74	25.64	24.02	22.8	23.8	23.28	20.98	8.16	7.6	7.46	7.8	7.08	7.02	6.96	3.5	3.24	2.44	2.56	2.68	2.58	3.04	2.82	2.8	2.5	0.5	0.38	0.34	0.4	0.2	0.36	0.18	0.3	0.32	0.16	0.56	0.44	0.2	0.0	0.0	0.0	0.0	0.0	0.0	0.0	0.0	0.0	0.0	0.0	0.0	0.0	0.0	0.0	0.0	0.0	0.0	0.0	0.0	0.0	0.0	0.0	0.0	0.0	0.0	0.0	0.0	0.0	0.0	0.0	0.0	0.0	0.0	0.0	0.0	0.0	0.0	0.0	0.0	0.0	0.0	0.0	0.0	0.0	0.0	
121.22	141.8	141.74	124.86	92.44	83.38	89.04	84.5	83.02	79.8	62.74	65.02	63.22	33.56	30.42	29.78	30.48	26.1	22.92	23.86	23.12	22.1	20.48	7.26	7.76	7.54	7.36	7.88	7.34	6.76	4.18	2.86	3.28	3.12	2.92	3.0	3.2	2.94	2.92	2.44	0.28	0.32	0.22	0.3	0.26	0.26	0.44	0.24	0.46	0.3	0.28	0.34	0.3	0.02	0.0	0.0	0.0	0.0	0.0	0.0	0.0	0.0	0.0	0.0	0.0	0.0	0.0	0.0	0.0	0.0	0.0	0.0	0.0	0.0	0.0	0.0	0.0	0.0	0.0	0.0	0.0	0.0	0.0	0.0	0.0	0.0	0.0	0.0	0.0	0.0	0.0	0.0	0.0	0.0	0.0	0.0	0.0	0.0	0.0	
121.7	143.54	142.44	128.14	92.4	84.28	89.92	87.14	82.24	81.58	61.3	63.16	63.14	33.88	30.74	31.4	31.26	25.12	24.06	22.98	22.84	22.98	19.26	7.86	7.7	7.78	7.98	7.24	8.0	7.24	4.04	3.3	2.98	3.08	3.02	2.74	3.06	2.82	2.86	2.62	0.66	0.3	0.38	0.24	0.46	0.28	0.18	0.44	0.2	0.42	0.36	0.38	0.16	0.06	0.0	0.0	0.0	0.0	0.0	0.0	0.0	0.0	0.0	0.0	0.0	0.0	0.0	0.0	0.0	0.0	0.0	0.0	0.0	0.0	0.0	0.0	0.0	0.0	0.0	0.0	0.0	0.0	0.0	0.0	0.0	0.0	0.0	0.0	0.0	0.0	0.0	0.0	0.0	0.0	0.0	0.0	0.0	0.0	0.0	
121.64	141.68	143.04	126.8	90.16	84.62	91.04	87.74	84.58	79.74	63.52	64.52	63.8	33.34	30.76	30.28	30.52	25.52	23.16	23.34	23.62	23.66	20.04	8.12	7.36	7.44	7.74	7.96	7.7	7.4	4.74	3.12	2.72	2.78	2.88	3.14	2.94	2.44	2.5	2.36	0.46	0.18	0.36	0.3	0.28	0.28	0.2	0.24	0.42	0.26	0.34	0.32	0.18	0.02	0.0	0.0	0.0	0.0	0.0	0.0	0.0	0.0	0.0	0.0	0.0	0.0	0.0	0.0	0.0	0.0	0.0	0.0	0.0	0.0	0.0	0.0	0.0	0.0	0.0	0.0	0.0	0.0	0.0	0.0	0.0	0.0	0.0	0.0	0.0	0.0	0.0	0.0	0.0	0.0	0.0	0.0	0.0	0.0	0.0	
120.7	144.76	143.48	127.02	93.88	84.36	90.9	88.2	84.58	82.7	63.62	63.0	62.9	35.04	29.6	30.44	29.56	25.94	22.92	24.52	24.68	23.68	20.28	8.28	7.04	7.84	7.7	8.12	7.28	7.86	3.48	3.26	2.86	2.56	3.44	2.82	2.94	2.64	2.72	2.5	0.58	0.28	0.28	0.24	0.24	0.32	0.3	0.22	0.4	0.36	0.32	0.32	0.28	0.0	0.0	0.0	0.0	0.0	0.0	0.0	0.0	0.0	0.0	0.0	0.0	0.0	0.0	0.0	0.0	0.0	0.0	0.0	0.0	0.0	0.0	0.0	0.0	0.0	0.0	0.0	0.0	0.0	0.0	0.0	0.0	0.0	0.0	0.0	0.0	0.0	0.0	0.0	0.0	0.0	0.0	0.0	0.0	0.0	0.0	
122.94	142.8	146.7	127.42	92.32	82.56	91.28	85.28	83.8	82.9	65.82	64.12	63.5	33.88	29.08	28.8	30.36	26.08	23.3	21.84	24.06	22.32	20.98	7.84	7.66	7.32	7.54	7.74	7.18	7.6	3.74	2.98	3.18	3.0	2.9	3.16	3.28	2.82	3.02	2.22	0.62	0.3	0.34	0.14	0.32	0.3	0.4	0.22	0.34	0.22	0.24	0.34	0.08	0.04	0.0	0.0	0.0	0.0	0.0	0.0	0.0	0.0	0.0	0.0	0.0	0.0	0.0	0.0	0.0	0.0	0.0	0.0	0.0	0.0	0.0	0.0	0.0	0.0	0.0	0.0	0.0	0.0	0.0	0.0	0.0	0.0	0.0	0.0	0.0	0.0	0.0	0.0	0.0	0.0	0.0	0.0	0.0	0.0	0.0	
121.8	143.8	146.42	129.1	93.12	81.32	89.8	88.32	81.08	79.64	63.36	62.32	63.66	35.1	30.82	30.48	31.78	26.06	23.54	22.92	24.38	23.42	21.18	7.84	8.46	8.0	8.0	7.92	7.04	7.52	3.66	3.06	2.92	3.06	2.46	2.88	2.84	2.86	2.92	2.48	0.5	0.36	0.36	0.36	0.42	0.34	0.3	0.32	0.34	0.26	0.22	0.3	0.24	0.02	0.0	0.0	0.0	0.0	0.0	0.0	0.0	0.0	0.0	0.0	0.0	0.0	0.0	0.0	0.0	0.0	0.0	0.0	0.0	0.0	0.0	0.0	0.0	0.0	0.0	0.0	0.0	0.0	0.0	0.0	0.0	0.0	0.0	0.0	0.0	0.0	0.0	0.0	0.0	0.0	0.0	0.0	0.0	0.0	0.0	
123.2	141.8	145.78	127.74	91.74	83.56	93.72	88.22	84.64	80.52	64.36	64.2	64.62	34.24	31.14	31.84	30.82	26.34	23.62	23.64	23.08	24.2	20.48	7.94	7.52	7.74	7.82	7.68	7.54	7.6	3.96	3.02	3.04	3.26	2.88	2.56	2.76	2.9	2.82	2.26	0.46	0.24	0.36	0.42	0.36	0.16	0.5	0.42	0.34	0.28	0.24	0.3	0.28	0.0	0.0	0.0	0.0	0.0	0.0	0.0	0.0	0.0	0.0	0.0	0.0	0.0	0.0	0.0	0.0	0.0	0.0	0.0	0.0	0.0	0.0	0.0	0.0	0.0	0.0	0.0	0.0	0.0	0.0	0.0	0.0	0.0	0.0	0.0	0.0	0.0	0.0	0.0	0.0	0.0	0.0	0.0	0.0	0.0	0.0	
121.8	144.38	146.24	127.96	92.92	83.8	91.26	89.54	84.86	81.8	63.14	63.04	62.78	33.94	32.06	31.2	31.1	25.96	23.24	25.04	24.72	24.7	20.52	8.62	8.4	8.3	8.06	8.02	7.26	7.74	3.42	2.88	3.04	3.04	2.92	2.9	3.24	3.16	2.56	2.76	0.48	0.48	0.36	0.3	0.44	0.28	0.2	0.22	0.18	0.34	0.3	0.36	0.18	0.0	0.0	0.0	0.0	0.0	0.0	0.0	0.0	0.0	0.0	0.0	0.0	0.0	0.0	0.0	0.0	0.0	0.0	0.0	0.0	0.0	0.0	0.0	0.0	0.0	0.0	0.0	0.0	0.0	0.0	0.0	0.0	0.0	0.0	0.0	0.0	0.0	0.0	0.0	0.0	0.0	0.0	0.0	0.0	0.0	0.0	
120.8	145.84	149.38	128.8	93.58	83.68	89.32	89.68	85.1	81.92	64.54	64.58	65.88	34.5	30.06	30.56	30.34	25.4	22.92	23.1	24.82	22.7	19.66	8.56	8.38	8.46	7.2	7.9	7.42	7.3	3.54	2.98	3.16	3.18	2.68	3.0	2.84	3.38	3.26	2.54	0.46	0.38	0.34	0.26	0.36	0.4	0.44	0.24	0.4	0.22	0.28	0.32	0.14	0.0	0.0	0.0	0.0	0.0	0.0	0.0	0.0	0.0	0.0	0.0	0.0	0.0	0.0	0.0	0.0	0.0	0.0	0.0	0.0	0.0	0.0	0.0	0.0	0.0	0.0	0.0	0.0	0.0	0.0	0.0	0.0	0.0	0.0	0.0	0.0	0.0	0.0	0.0	0.0	0.0	0.0	0.0	0.0	0.0	0.0	
123.76	141.84	148.38	128.8	93.44	85.12	89.98	88.7	85.96	83.5	65.48	64.8	64.78	34.68	31.22	32.04	29.18	27.44	23.34	24.28	25.14	22.8	20.76	8.22	7.68	8.16	7.86	8.36	7.5	7.58	4.24	2.7	3.58	3.04	2.68	3.04	2.82	3.06	3.22	2.28	0.52	0.42	0.28	0.18	0.3	0.4	0.36	0.3	0.32	0.28	0.3	0.28	0.18	0.0	0.0	0.0	0.0	0.0	0.0	0.0	0.0	0.0	0.0	0.0	0.0	0.0	0.0	0.0	0.0	0.0	0.0	0.0	0.0	0.0	0.0	0.0	0.0	0.0	0.0	0.0	0.0	0.0	0.0	0.0	0.0	0.0	0.0	0.0	0.0	0.0	0.0	0.0	0.0	0.0	0.0	0.0	0.0	0.0	0.0	
124.46	147.28	145.62	129.76	93.94	82.74	93.44	89.82	85.94	83.38	65.32	64.74	64.34	34.96	32.24	29.94	31.48	26.86	24.84	24.78	24.5	24.82	21.88	7.8	8.04	7.42	8.24	7.46	7.64	8.24	4.48	3.0	3.14	2.66	2.68	3.32	2.94	3.32	3.36	2.72	0.54	0.32	0.26	0.3	0.4	0.28	0.36	0.42	0.34	0.26	0.34	0.36	0.22	0.0	0.0	0.0	0.0	0.0	0.0	0.0	0.0	0.0	0.0	0.0	0.0	0.0	0.0	0.0	0.0	0.0	0.0	0.0	0.0	0.0	0.0	0.0	0.0	0.0	0.0	0.0	0.0	0.0	0.0	0.0	0.0	0.0	0.0	0.0	0.0	0.0	0.0	0.0	0.0	0.0	0.0	0.0	0.0	0.0	0.0	
123.8	144.8	148.84	130.26	92.52	85.76	92.18	88.48	86.14	85.1	67.82	66.22	63.5	35.48	31.9	31.5	31.3	25.92	23.16	23.24	24.62	25.12	22.18	8.44	8.26	7.72	7.3	7.86	7.6	7.48	4.08	2.86	3.32	2.22	3.0	3.16	2.66	3.14	2.96	2.72	0.5	0.28	0.32	0.42	0.38	0.32	0.4	0.32	0.4	0.24	0.34	0.36	0.26	0.0	0.0	0.0	0.0	0.0	0.0	0.0	0.0	0.0	0.0	0.0	0.0	0.0	0.0	0.0	0.0	0.0	0.0	0.0	0.0	0.0	0.0	0.0	0.0	0.0	0.0	0.0	0.0	0.0	0.0	0.0	0.0	0.0	0.0	0.0	0.0	0.0	0.0	0.0	0.0	0.0	0.0	0.0	0.0	0.0	0.0	
125.24	150.12	150.34	131.5	94.74	85.06	90.72	91.26	88.0	86.04	63.8	65.28	66.14	36.06	31.1	32.3	32.46	25.62	25.1	24.56	26.84	22.98	22.0	9.1	7.48	7.42	8.12	8.02	7.42	7.74	4.28	2.94	2.7	3.14	2.86	3.36	2.78	3.42	3.14	1.92	0.6	0.28	0.2	0.4	0.3	0.48	0.3	0.24	0.24	0.42	0.24	0.28	0.16	0.04	0.0	0.0	0.0	0.0	0.0	0.0	0.0	0.0	0.0	0.0	0.0	0.0	0.0	0.0	0.0	0.0	0.0	0.0	0.0	0.0	0.0	0.0	0.0	0.0	0.0	0.0	0.0	0.0	0.0	0.0	0.0	0.0	0.0	0.0	0.0	0.0	0.0	0.0	0.0	0.0	0.0	0.0	0.0	0.0	0.0	
123.6	148.82	148.92	131.54	96.48	85.06	92.08	89.5	87.48	85.32	67.9	65.0	66.76	35.16	32.3	32.18	32.06	25.38	24.46	24.16	24.64	24.72	21.46	8.4	7.94	7.7	8.52	7.82	7.48	7.92	4.18	3.4	3.16	2.68	2.58	3.06	2.92	3.02	2.88	2.7	0.62	0.2	0.3	0.24	0.4	0.24	0.32	0.18	0.26	0.28	0.26	0.34	0.2	0.02	0.0	0.0	0.0	0.0	0.0	0.0	0.0	0.0	0.0	0.0	0.0	0.0	0.0	0.0	0.0	0.0	0.0	0.0	0.0	0.0	0.0	0.0	0.0	0.0	0.0	0.0	0.0	0.0	0.0	0.0	0.0	0.0	0.0	0.0	0.0	0.0	0.0	0.0	0.0	0.0	0.0	0.0	0.0	0.0	0.0	
126.9	147.9	145.62	133.18	95.86	86.02	93.12	92.5	87.9	84.64	67.68	67.68	66.32	36.48	32.88	33.2	31.98	26.52	25.98	25.32	24.06	25.28	21.72	9.04	7.88	7.62	7.98	8.58	7.72	8.22	4.28	3.22	2.96	3.28	2.96	2.92	2.86	3.38	3.08	2.7	0.66	0.28	0.44	0.14	0.18	0.38	0.28	0.28	0.42	0.4	0.22	0.34	0.32	0.02	0.0	0.0	0.0	0.0	0.0	0.0	0.0	0.0	0.0	0.0	0.0	0.0	0.0	0.0	0.0	0.0	0.0	0.0	0.0	0.0	0.0	0.0	0.0	0.0	0.0	0.0	0.0	0.0	0.0	0.0	0.0	0.0	0.0	0.0	0.0	0.0	0.0	0.0	0.0	0.0	0.0	0.0	0.0	0.0	0.0	
130.68	152.18	148.86	134.48	94.22	86.72	94.64	92.3	84.94	84.22	65.8	66.32	63.58	35.42	33.92	31.44	32.38	26.72	25.38	24.8	24.88	25.64	20.66	9.38	7.7	8.34	8.18	8.06	7.78	7.76	4.2	2.98	2.7	3.04	3.36	2.68	3.18	3.16	2.84	2.46	0.58	0.24	0.38	0.42	0.24	0.42	0.18	0.32	0.32	0.36	0.26	0.38	0.1	0.04	0.0	0.0	0.0	0.0	0.0	0.0	0.0	0.0	0.0	0.0	0.0	0.0	0.0	0.0	0.0	0.0	0.0	0.0	0.0	0.0	0.0	0.0	0.0	0.0	0.0	0.0	0.0	0.0	0.0	0.0	0.0	0.0	0.0	0.0	0.0	0.0	0.0	0.0	0.0	0.0	0.0	0.0	0.0	0.0	0.0	
127.66	150.62	149.7	132.68	95.96	86.94	94.1	90.02	89.94	85.22	65.02	66.38	66.34	36.22	32.8	31.94	33.44	27.2	24.98	25.16	24.66	25.42	22.06	8.42	8.12	8.28	7.9	8.02	7.56	7.8	4.1	2.98	3.16	2.88	3.04	3.12	2.86	3.44	3.14	2.16	0.6	0.18	0.28	0.4	0.28	0.2	0.3	0.38	0.2	0.34	0.24	0.3	0.12	0.02	0.0	0.0	0.0	0.0	0.0	0.0	0.0	0.0	0.0	0.0	0.0	0.0	0.0	0.0	0.0	0.0	0.0	0.0	0.0	0.0	0.0	0.0	0.0	0.0	0.0	0.0	0.0	0.0	0.0	0.0	0.0	0.0	0.0	0.0	0.0	0.0	0.0	0.0	0.0	0.0	0.0	0.0	0.0	0.0	0.0	
125.3	148.58	151.92	131.94	94.84	86.44	94.06	90.68	89.32	82.66	67.58	66.96	67.32	35.16	31.66	33.14	32.22	25.62	25.1	25.9	24.22	24.54	20.68	8.32	8.52	8.46	8.08	8.56	8.24	8.36	4.36	3.22	2.68	3.36	3.1	3.04	3.04	2.88	3.16	2.48	0.6	0.34	0.22	0.42	0.28	0.26	0.3	0.3	0.5	0.44	0.24	0.18	0.04	0.0	0.0	0.0	0.0	0.0	0.0	0.0	0.0	0.0	0.0	0.0	0.0	0.0	0.0	0.0	0.0	0.0	0.0	0.0	0.0	0.0	0.0	0.0	0.0	0.0	0.0	0.0	0.0	0.0	0.0	0.0	0.0	0.0	0.0	0.0	0.0	0.0	0.0	0.0	0.0	0.0	0.0	0.0	0.0	0.0	0.0	
127.48	150.54	151.58	132.78	100.26	87.08	95.36	90.66	89.5	84.8	67.7	67.24	66.84	35.9	31.98	32.5	31.74	27.04	25.8	24.7	26.22	24.56	21.48	8.78	8.46	8.26	8.22	7.82	8.5	7.6	4.7	3.12	2.86	3.06	3.28	3.12	3.02	2.64	2.92	2.86	0.58	0.4	0.2	0.4	0.38	0.3	0.38	0.32	0.3	0.22	0.26	0.46	0.16	0.0	0.0	0.0	0.0	0.0	0.0	0.0	0.0	0.0	0.0	0.0	0.0	0.0	0.0	0.0	0.0	0.0	0.0	0.0	0.0	0.0	0.0	0.0	0.0	0.0	0.0	0.0	0.0	0.0	0.0	0.0	0.0	0.0	0.0	0.0	0.0	0.0	0.0	0.0	0.0	0.0	0.0	0.0	0.0	0.0	0.0	
126.64	151.2	156.44	130.78	97.6	85.5	97.48	92.78	89.0	84.04	70.8	68.92	67.34	37.12	33.3	32.88	33.5	29.12	25.36	24.98	25.54	25.72	22.06	9.38	8.44	7.8	8.48	8.36	8.72	7.38	4.46	2.86	3.06	3.08	2.62	3.14	2.96	3.18	2.6	2.76	0.54	0.28	0.36	0.38	0.28	0.42	0.3	0.42	0.34	0.4	0.44	0.46	0.3	0.02	0.0	0.0	0.0	0.0	0.0	0.0	0.0	0.0	0.0	0.0	0.0	0.0	0.0	0.0	0.0	0.0	0.0	0.0	0.0	0.0	0.0	0.0	0.0	0.0	0.0	0.0	0.0	0.0	0.0	0.0	0.0	0.0	0.0	0.0	0.0	0.0	0.0	0.0	0.0	0.0	0.0	0.0	0.0	0.0	0.0	
128.22	152.12	150.96	131.06	98.38	86.72	97.74	92.36	87.66	88.34	68.94	68.08	66.36	36.58	32.36	31.52	32.58	27.32	25.26	25.72	25.22	24.48	22.6	8.26	9.02	8.68	8.2	8.6	8.92	7.62	4.64	3.22	2.86	2.72	3.26	3.2	3.66	2.84	3.1	2.1	0.56	0.34	0.28	0.62	0.28	0.38	0.48	0.42	0.3	0.28	0.44	0.4	0.18	0.02	0.0	0.0	0.0	0.0	0.0	0.0	0.0	0.0	0.0	0.0	0.0	0.0	0.0	0.0	0.0	0.0	0.0	0.0	0.0	0.0	0.0	0.0	0.0	0.0	0.0	0.0	0.0	0.0	0.0	0.0	0.0	0.0	0.0	0.0	0.0	0.0	0.0	0.0	0.0	0.0	0.0	0.0	0.0	0.0	0.0	
130.24	151.4	155.04	134.92	96.74	87.92	96.24	94.14	90.0	84.4	69.06	67.64	67.98	36.16	33.56	33.48	32.82	27.06	24.22	25.66	25.7	25.66	21.54	8.94	8.32	8.7	7.56	8.32	7.46	8.38	3.8	3.08	3.38	2.98	2.82	3.4	3.2	2.88	3.28	2.56	0.52	0.44	0.38	0.34	0.32	0.42	0.28	0.28	0.28	0.5	0.3	0.32	0.32	0.0	0.0	0.0	0.0	0.0	0.0	0.0	0.0	0.0	0.0	0.0	0.0	0.0	0.0	0.0	0.0	0.0	0.0	0.0	0.0	0.0	0.0	0.0	0.0	0.0	0.0	0.0	0.0	0.0	0.0	0.0	0.0	0.0	0.0	0.0	0.0	0.0	0.0	0.0	0.0	0.0	0.0	0.0	0.0	0.0	0.0	
