0.01	0.5149494949494949	1.0198989898989899	1.5248484848484847	2.0297979797979795	2.5347474747474745	3.039696969696969	3.544646464646464	4.049595959595959	4.554545454545454	5.059494949494949	5.564444444444444	6.0693939393939385	6.574343434343434	7.0792929292929285	7.584242424242424	8.089191919191919	8.594141414141413	9.099090909090908	9.604040404040404	10.108989898989899	10.613939393939393	11.118888888888888	11.623838383838383	12.128787878787877	12.633737373737373	13.138686868686868	13.643636363636363	14.148585858585857	14.653535353535352	15.158484848484848	15.663434343434343	16.16838383838384	16.673333333333336	17.17828282828283	17.683232323232325	18.188181818181818	18.693131313131314	19.19808080808081	19.703030303030303	20.2079797979798	20.712929292929292	21.21787878787879	21.722828282828285	22.227777777777778	22.732727272727274	23.237676767676767	23.742626262626263	24.247575757575756	24.752525252525253	25.25747474747475	25.762424242424242	26.267373737373738	26.77232323232323	27.277272727272727	27.782222222222224	28.287171717171717	28.792121212121213	29.297070707070706	29.802020202020202	30.3069696969697	30.81191919191919	31.316868686868688	31.82181818181818	32.32676767676767	32.831717171717166	33.336666666666666	33.84161616161616	34.34656565656565	34.851515151515144	35.356464646464644	35.86141414141414	36.36636363636363	36.87131313131313	37.37626262626262	37.881212121212116	38.386161616161615	38.89111111111111	39.3960606060606	39.901010101010094	40.405959595959594	40.91090909090909	41.41585858585858	41.92080808080808	42.42575757575757	42.930707070707065	43.435656565656565	43.94060606060606	44.44555555555555	44.95050505050504	45.45545454545454	45.960404040404036	46.46535353535353	46.97030303030303	47.47525252525252	47.980202020202015	48.48515151515151	48.99010101010101	49.4950505050505	50.0	
28.94	33.02	33.26	29.84	20.58	18.24	21.88	20.8	18.44	19.26	15.5	15.2	14.14	7.92	7.3	7.12	7.66	5.96	5.54	5.22	5.34	5.02	4.34	1.52	1.7	1.78	1.44	1.3	1.58	1.5	0.72	0.58	0.58	0.62	0.58	0.66	0.74	0.6	0.58	0.56	0.12	0.08	0.14	0.08	0.06	0.06	0.04	0.02	0.06	0.04	0.04	0.08	0.0	0.0	0.0	0.0	0.0	0.0	0.0	0.0	0.0	0.0	0.0	0.0	0.0	0.0	0.0	0.0	0.0	0.0	0.0	0.0	0.0	0.0	0.0	0.0	0.0	0.0	0.0	0.0	0.0	0.0	0.0	0.0	0.0	0.0	0.0	0.0	0.0	0.0	0.0	0.0	0.0	0.0	0.0	0.0	0.0	0.0	0.0	
27.42	33.96	33.26	29.5	20.4	19.64	20.22	20.1	19.1	18.4	14.94	14.78	13.76	7.46	7.02	6.86	7.24	6.12	5.1	5.1	5.22	5.54	4.4	1.72	1.5	2.04	1.7	1.46	1.68	1.46	0.68	0.58	0.6	0.64	0.52	0.6	0.74	0.66	0.72	0.62	0.08	0.04	0.08	0.08	0.08	0.04	0.02	0.08	0.02	0.1	0.16	0.04	0.02	0.04	0.0	0.0	0.0	0.0	0.0	0.0	0.0	0.0	0.0	0.0	0.0	0.0	0.0	0.0	0.0	0.0	0.0	0.0	0.0	0.0	0.0	0.0	0.0	0.0	0.0	0.0	0.0	0.0	0.0	0.0	0.0	0.0	0.0	0.0	0.0	0.0	0.0	0.0	0.0	0.0	0.0	0.0	0.0	0.0	0.0	
27.1	31.1	31.94	28.72	21.08	19.02	19.78	19.04	18.82	17.36	14.32	13.76	13.98	7.96	6.42	6.64	7.16	5.24	4.8	4.9	4.96	4.86	4.54	1.64	1.6	1.58	1.52	1.52	1.68	1.68	0.78	0.48	0.7	0.46	0.54	0.62	0.76	0.64	0.58	0.6	0.06	0.02	0.04	0.08	0.06	0.04	0.0	0.06	0.04	0.06	0.1	0.08	0.1	0.0	0.0	0.0	0.0	0.0	0.0	0.0	0.0	0.0	0.0	0.0	0.0	0.0	0.0	0.0	0.0	0.0	0.0	0.0	0.0	0.0	0.0	0.0	0.0	0.0	0.0	0.0	0.0	0.0	0.0	0.0	0.0	0.0	0.0	0.0	0.0	0.0	0.0	0.0	0.0	0.0	0.0	0.0	0.0	0.0	0.0	
25.78	30.6	31.76	29.22	20.44	17.82	20.04	17.92	17.78	16.52	13.64	14.38	12.42	6.86	5.96	6.74	6.2	5.16	4.7	4.54	5.52	4.46	4.6	1.66	1.48	1.32	1.6	1.52	1.86	1.34	0.8	0.6	0.44	0.62	0.52	0.56	0.6	0.4	0.5	0.52	0.14	0.04	0.0	0.06	0.04	0.08	0.04	0.04	0.0	0.06	0.1	0.06	0.04	0.02	0.0	0.0	0.0	0.0	0.0	0.0	0.0	0.0	0.0	0.0	0.0	0.0	0.0	0.0	0.0	0.0	0.0	0.0	0.0	0.0	0.0	0.0	0.0	0.0	0.0	0.0	0.0	0.0	0.0	0.0	0.0	0.0	0.0	0.0	0.0	0.0	0.0	0.0	0.0	0.0	0.0	0.0	0.0	0.0	0.0	
24.7	31.2	32.88	28.5	19.48	18.24	18.44	17.94	16.92	17.9	14.3	13.54	13.66	7.86	6.52	6.34	6.66	6.06	5.22	4.5	5.0	4.98	4.22	1.3	1.5	1.62	1.44	1.74	1.36	1.68	0.72	0.58	0.54	0.46	0.54	0.52	0.52	0.5	0.56	0.32	0.08	0.04	0.06	0.02	0.12	0.04	0.04	0.04	0.02	0.1	0.0	0.1	0.04	0.0	0.0	0.0	0.0	0.0	0.0	0.0	0.0	0.0	0.0	0.0	0.0	0.0	0.0	0.0	0.0	0.0	0.0	0.0	0.0	0.0	0.0	0.0	0.0	0.0	0.0	0.0	0.0	0.0	0.0	0.0	0.0	0.0	0.0	0.0	0.0	0.0	0.0	0.0	0.0	0.0	0.0	0.0	0.0	0.0	0.0	
25.6	30.38	31.08	28.02	19.86	17.4	19.08	18.82	17.8	17.32	13.7	13.94	13.94	7.54	7.52	5.7	7.22	5.52	4.56	4.52	4.52	4.92	4.2	1.42	1.18	1.5	1.54	1.58	1.62	1.36	0.7	0.68	0.66	0.52	0.54	0.68	0.56	0.48	0.52	0.58	0.08	0.08	0.04	0.02	0.06	0.06	0.12	0.1	0.06	0.04	0.06	0.06	0.02	0.0	0.0	0.0	0.0	0.0	0.0	0.0	0.0	0.0	0.0	0.0	0.0	0.0	0.0	0.0	0.0	0.0	0.0	0.0	0.0	0.0	0.0	0.0	0.0	0.0	0.0	0.0	0.0	0.0	0.0	0.0	0.0	0.0	0.0	0.0	0.0	0.0	0.0	0.0	0.0	0.0	0.0	0.0	0.0	0.0	0.0	
24.42	30.48	31.36	29.18	19.9	18.84	17.44	17.36	17.92	17.0	14.6	13.64	13.2	7.5	6.36	5.86	5.62	5.04	4.6	4.76	4.74	4.74	4.6	1.58	1.64	1.42	1.44	1.66	1.32	1.1	0.72	0.56	0.74	0.5	0.56	0.46	0.56	0.52	0.46	0.38	0.12	0.04	0.06	0.0	0.02	0.0	0.08	0.04	0.02	0.06	0.06	0.08	0.04	0.0	0.0	0.0	0.0	0.0	0.0	0.0	0.0	0.0	0.0	0.0	0.0	0.0	0.0	0.0	0.0	0.0	0.0	0.0	0.0	0.0	0.0	0.0	0.0	0.0	0.0	0.0	0.0	0.0	0.0	0.0	0.0	0.0	0.0	0.0	0.0	0.0	0.0	0.0	0.0	0.0	0.0	0.0	0.0	0.0	0.0	
23.56	27.6	31.18	26.4	19.28	16.92	17.52	17.68	16.98	16.96	13.52	12.92	12.9	6.78	6.34	6.14	5.48	5.48	4.3	5.38	4.24	4.26	4.1	1.38	1.62	1.32	1.24	1.38	1.44	1.38	0.68	0.46	0.5	0.56	0.48	0.4	0.34	0.48	0.6	0.44	0.1	0.06	0.04	0.08	0.06	0.0	0.02	0.06	0.08	0.12	0.06	0.06	0.02	0.0	0.0	0.0	0.0	0.0	0.0	0.0	0.0	0.0	0.0	0.0	0.0	0.0	0.0	0.0	0.0	0.0	0.0	0.0	0.0	0.0	0.0	0.0	0.0	0.0	0.0	0.0	0.0	0.0	0.0	0.0	0.0	0.0	0.0	0.0	0.0	0.0	0.0	0.0	0.0	0.0	0.0	0.0	0.0	0.0	0.0	
23.82	27.54	31.94	26.52	17.92	17.66	18.08	18.32	16.6	17.26	12.86	13.04	12.84	7.08	5.88	5.7	5.52	4.78	4.52	4.52	4.56	4.52	3.38	1.7	1.2	1.36	1.36	1.32	1.4	1.36	1.0	0.54	0.54	0.5	0.4	0.46	0.5	0.66	0.44	0.26	0.16	0.04	0.06	0.04	0.08	0.1	0.08	0.02	0.08	0.02	0.06	0.06	0.04	0.0	0.0	0.0	0.0	0.0	0.0	0.0	0.0	0.0	0.0	0.0	0.0	0.0	0.0	0.0	0.0	0.0	0.0	0.0	0.0	0.0	0.0	0.0	0.0	0.0	0.0	0.0	0.0	0.0	0.0	0.0	0.0	0.0	0.0	0.0	0.0	0.0	0.0	0.0	0.0	0.0	0.0	0.0	0.0	0.0	0.0	
23.48	28.22	29.16	25.2	18.58	15.38	18.78	17.42	16.2	15.78	12.7	12.14	13.02	6.4	5.72	6.1	5.7	4.98	4.36	4.54	4.28	4.06	3.56	1.34	1.4	1.1	1.36	1.54	1.16	1.04	0.54	0.36	0.54	0.62	0.46	0.54	0.46	0.62	0.6	0.36	0.14	0.12	0.06	0.06	0.04	0.04	0.02	0.08	0.02	0.02	0.02	0.06	0.08	0.0	0.0	0.0	0.0	0.0	0.0	0.0	0.0	0.0	0.0	0.0	0.0	0.0	0.0	0.0	0.0	0.0	0.0	0.0	0.0	0.0	0.0	0.0	0.0	0.0	0.0	0.0	0.0	0.0	0.0	0.0	0.0	0.0	0.0	0.0	0.0	0.0	0.0	0.0	0.0	0.0	0.0	0.0	0.0	0.0	0.0	
23.36	28.44	28.02	25.76	18.32	15.56	18.0	18.2	15.96	15.74	12.42	12.24	11.7	6.94	5.66	6.0	5.64	4.06	4.62	4.04	3.96	4.14	3.98	1.52	1.28	1.32	1.08	1.16	1.3	1.18	0.76	0.54	0.4	0.62	0.36	0.42	0.66	0.48	0.44	0.32	0.02	0.04	0.04	0.0	0.06	0.06	0.06	0.08	0.1	0.04	0.02	0.06	0.02	0.0	0.0	0.0	0.0	0.0	0.0	0.0	0.0	0.0	0.0	0.0	0.0	0.0	0.0	0.0	0.0	0.0	0.0	0.0	0.0	0.0	0.0	0.0	0.0	0.0	0.0	0.0	0.0	0.0	0.0	0.0	0.0	0.0	0.0	0.0	0.0	0.0	0.0	0.0	0.0	0.0	0.0	0.0	0.0	0.0	0.0	
22.84	26.64	29.16	26.2	18.04	16.18	17.5	16.7	17.06	16.18	12.54	12.12	11.32	6.14	5.36	5.64	5.9	4.62	4.36	4.56	4.68	4.42	3.78	1.28	1.14	0.92	1.14	1.3	1.2	1.36	0.64	0.46	0.5	0.5	0.32	0.56	0.46	0.42	0.5	0.3	0.02	0.02	0.04	0.04	0.04	0.04	0.12	0.04	0.06	0.02	0.06	0.08	0.0	0.0	0.0	0.0	0.0	0.0	0.0	0.0	0.0	0.0	0.0	0.0	0.0	0.0	0.0	0.0	0.0	0.0	0.0	0.0	0.0	0.0	0.0	0.0	0.0	0.0	0.0	0.0	0.0	0.0	0.0	0.0	0.0	0.0	0.0	0.0	0.0	0.0	0.0	0.0	0.0	0.0	0.0	0.0	0.0	0.0	0.0	
21.78	26.9	28.06	25.96	16.56	15.42	15.76	14.64	15.14	15.74	12.46	12.14	11.9	6.06	5.88	6.0	5.42	4.56	4.56	4.36	4.5	4.2	3.58	1.52	1.22	1.32	1.34	1.42	1.34	1.12	0.64	0.4	0.44	0.34	0.44	0.5	0.66	0.52	0.36	0.4	0.06	0.1	0.06	0.08	0.0	0.02	0.02	0.04	0.1	0.04	0.06	0.04	0.04	0.04	0.0	0.0	0.0	0.0	0.0	0.0	0.0	0.0	0.0	0.0	0.0	0.0	0.0	0.0	0.0	0.0	0.0	0.0	0.0	0.0	0.0	0.0	0.0	0.0	0.0	0.0	0.0	0.0	0.0	0.0	0.0	0.0	0.0	0.0	0.0	0.0	0.0	0.0	0.0	0.0	0.0	0.0	0.0	0.0	0.0	
21.86	26.14	27.0	23.6	17.8	15.2	15.92	16.22	15.74	14.32	11.48	11.8	11.18	6.34	5.6	5.14	5.62	4.82	3.98	3.94	4.1	3.52	4.0	1.36	1.36	1.44	1.2	0.96	1.14	1.14	0.72	0.26	0.4	0.32	0.7	0.4	0.46	0.46	0.48	0.38	0.06	0.04	0.04	0.04	0.06	0.04	0.02	0.02	0.04	0.0	0.04	0.04	0.02	0.0	0.0	0.0	0.0	0.0	0.0	0.0	0.0	0.0	0.0	0.0	0.0	0.0	0.0	0.0	0.0	0.0	0.0	0.0	0.0	0.0	0.0	0.0	0.0	0.0	0.0	0.0	0.0	0.0	0.0	0.0	0.0	0.0	0.0	0.0	0.0	0.0	0.0	0.0	0.0	0.0	0.0	0.0	0.0	0.0	0.0	
20.66	25.48	27.3	24.68	16.8	13.86	17.2	15.66	14.96	13.92	11.44	11.44	11.32	6.08	6.08	5.38	4.96	4.62	3.6	3.78	4.1	4.1	3.9	1.44	1.44	1.2	1.46	1.1	1.1	0.9	0.5	0.52	0.54	0.66	0.4	0.42	0.44	0.4	0.42	0.42	0.12	0.02	0.02	0.08	0.04	0.1	0.0	0.08	0.1	0.04	0.04	0.08	0.0	0.0	0.0	0.0	0.0	0.0	0.0	0.0	0.0	0.0	0.0	0.0	0.0	0.0	0.0	0.0	0.0	0.0	0.0	0.0	0.0	0.0	0.0	0.0	0.0	0.0	0.0	0.0	0.0	0.0	0.0	0.0	0.0	0.0	0.0	0.0	0.0	0.0	0.0	0.0	0.0	0.0	0.0	0.0	0.0	0.0	0.0	
21.92	25.18	28.26	23.78	17.04	14.36	16.02	15.42	14.26	14.28	12.36	12.16	10.48	6.4	5.48	6.44	5.22	3.78	3.98	4.06	4.34	3.92	3.4	1.42	1.14	1.28	1.24	1.24	1.24	1.16	0.6	0.52	0.52	0.34	0.58	0.4	0.3	0.54	0.32	0.26	0.08	0.06	0.1	0.04	0.1	0.08	0.06	0.02	0.06	0.06	0.04	0.06	0.04	0.0	0.0	0.0	0.0	0.0	0.0	0.0	0.0	0.0	0.0	0.0	0.0	0.0	0.0	0.0	0.0	0.0	0.0	0.0	0.0	0.0	0.0	0.0	0.0	0.0	0.0	0.0	0.0	0.0	0.0	0.0	0.0	0.0	0.0	0.0	0.0	0.0	0.0	0.0	0.0	0.0	0.0	0.0	0.0	0.0	0.0	
18.98	24.0	27.04	23.16	16.76	14.3	15.22	15.48	14.18	14.84	11.16	10.88	10.88	5.28	5.46	5.6	4.66	4.18	4.32	4.28	3.64	4.2	3.66	1.24	1.3	1.44	1.0	1.16	1.16	1.36	0.3	0.42	0.6	0.48	0.38	0.36	0.38	0.36	0.42	0.44	0.12	0.12	0.04	0.04	0.06	0.02	0.1	0.06	0.06	0.0	0.06	0.04	0.02	0.0	0.0	0.0	0.0	0.0	0.0	0.0	0.0	0.0	0.0	0.0	0.0	0.0	0.0	0.0	0.0	0.0	0.0	0.0	0.0	0.0	0.0	0.0	0.0	0.0	0.0	0.0	0.0	0.0	0.0	0.0	0.0	0.0	0.0	0.0	0.0	0.0	0.0	0.0	0.0	0.0	0.0	0.0	0.0	0.0	0.0	
20.48	25.16	26.26	23.02	16.22	14.44	15.54	15.78	14.86	13.76	12.02	11.06	11.04	5.7	4.24	4.9	4.82	4.12	3.62	3.78	4.02	3.66	3.34	0.94	1.24	1.1	1.26	0.92	1.14	1.12	0.56	0.32	0.36	0.36	0.46	0.38	0.44	0.34	0.46	0.34	0.08	0.04	0.04	0.02	0.04	0.0	0.04	0.08	0.06	0.08	0.04	0.0	0.04	0.0	0.0	0.0	0.0	0.0	0.0	0.0	0.0	0.0	0.0	0.0	0.0	0.0	0.0	0.0	0.0	0.0	0.0	0.0	0.0	0.0	0.0	0.0	0.0	0.0	0.0	0.0	0.0	0.0	0.0	0.0	0.0	0.0	0.0	0.0	0.0	0.0	0.0	0.0	0.0	0.0	0.0	0.0	0.0	0.0	0.0	
20.8	24.38	26.18	23.16	15.28	14.2	14.38	15.26	14.42	13.6	10.94	10.58	11.26	5.78	4.4	4.58	5.22	4.04	3.64	3.8	3.9	3.84	2.88	1.02	1.28	0.9	1.26	1.22	0.84	1.2	0.56	0.44	0.6	0.26	0.44	0.48	0.36	0.4	0.26	0.22	0.16	0.0	0.02	0.08	0.04	0.04	0.04	0.04	0.1	0.06	0.06	0.02	0.04	0.02	0.0	0.0	0.0	0.0	0.0	0.0	0.0	0.0	0.0	0.0	0.0	0.0	0.0	0.0	0.0	0.0	0.0	0.0	0.0	0.0	0.0	0.0	0.0	0.0	0.0	0.0	0.0	0.0	0.0	0.0	0.0	0.0	0.0	0.0	0.0	0.0	0.0	0.0	0.0	0.0	0.0	0.0	0.0	0.0	0.0	
19.92	23.96	24.46	22.7	15.52	14.5	14.58	14.72	13.8	13.26	10.74	10.46	10.3	5.36	5.22	4.9	5.08	4.18	4.16	3.36	3.54	3.66	3.64	0.94	1.04	1.36	1.34	0.72	1.1	1.1	0.66	0.52	0.34	0.48	0.48	0.62	0.38	0.26	0.46	0.42	0.04	0.06	0.06	0.1	0.04	0.06	0.08	0.1	0.02	0.04	0.04	0.0	0.0	0.0	0.0	0.0	0.0	0.0	0.0	0.0	0.0	0.0	0.0	0.0	0.0	0.0	0.0	0.0	0.0	0.0	0.0	0.0	0.0	0.0	0.0	0.0	0.0	0.0	0.0	0.0	0.0	0.0	0.0	0.0	0.0	0.0	0.0	0.0	0.0	0.0	0.0	0.0	0.0	0.0	0.0	0.0	0.0	0.0	0.0	
21.02	23.72	23.34	22.58	15.66	13.58	14.38	14.96	15.7	14.12	10.08	11.4	10.74	5.56	4.26	4.68	4.82	4.12	3.68	3.4	4.28	4.0	3.04	1.32	1.26	1.14	0.92	1.02	1.3	1.1	0.76	0.4	0.34	0.48	0.4	0.36	0.34	0.4	0.4	0.38	0.04	0.04	0.02	0.08	0.12	0.0	0.06	0.08	0.0	0.12	0.08	0.04	0.04	0.0	0.0	0.0	0.0	0.0	0.0	0.0	0.0	0.0	0.0	0.0	0.0	0.0	0.0	0.0	0.0	0.0	0.0	0.0	0.0	0.0	0.0	0.0	0.0	0.0	0.0	0.0	0.0	0.0	0.0	0.0	0.0	0.0	0.0	0.0	0.0	0.0	0.0	0.0	0.0	0.0	0.0	0.0	0.0	0.0	0.0	
20.76	23.96	23.54	22.06	15.02	13.38	14.7	14.76	13.66	14.02	11.26	10.86	10.32	5.56	4.72	5.12	5.0	4.08	4.22	3.74	3.46	3.7	3.28	0.98	1.2	1.02	0.8	1.12	1.08	1.16	0.56	0.38	0.56	0.5	0.5	0.34	0.32	0.66	0.24	0.44	0.1	0.06	0.04	0.06	0.1	0.06	0.0	0.0	0.0	0.04	0.02	0.06	0.04	0.0	0.0	0.0	0.0	0.0	0.0	0.0	0.0	0.0	0.0	0.0	0.0	0.0	0.0	0.0	0.0	0.0	0.0	0.0	0.0	0.0	0.0	0.0	0.0	0.0	0.0	0.0	0.0	0.0	0.0	0.0	0.0	0.0	0.0	0.0	0.0	0.0	0.0	0.0	0.0	0.0	0.0	0.0	0.0	0.0	0.0	
19.94	24.74	25.82	21.96	15.88	13.54	14.08	14.06	14.08	12.74	11.8	10.76	10.2	5.08	5.4	4.62	5.38	4.4	3.8	3.72	3.46	3.86	2.94	1.18	1.3	1.08	1.04	1.12	1.04	1.1	0.52	0.4	0.34	0.44	0.4	0.26	0.58	0.38	0.3	0.26	0.1	0.02	0.06	0.0	0.04	0.04	0.0	0.06	0.04	0.06	0.02	0.02	0.0	0.0	0.0	0.0	0.0	0.0	0.0	0.0	0.0	0.0	0.0	0.0	0.0	0.0	0.0	0.0	0.0	0.0	0.0	0.0	0.0	0.0	0.0	0.0	0.0	0.0	0.0	0.0	0.0	0.0	0.0	0.0	0.0	0.0	0.0	0.0	0.0	0.0	0.0	0.0	0.0	0.0	0.0	0.0	0.0	0.0	0.0	
19.46	23.36	24.32	22.42	15.44	13.56	14.56	14.1	13.54	13.36	10.52	10.44	10.4	5.14	5.12	4.78	5.06	3.78	3.88	3.48	3.52	3.8	3.38	1.28	0.72	1.28	1.16	0.92	1.24	1.14	0.58	0.3	0.34	0.36	0.3	0.46	0.24	0.44	0.24	0.4	0.04	0.04	0.0	0.04	0.02	0.0	0.04	0.02	0.06	0.08	0.06	0.04	0.0	0.0	0.0	0.0	0.0	0.0	0.0	0.0	0.0	0.0	0.0	0.0	0.0	0.0	0.0	0.0	0.0	0.0	0.0	0.0	0.0	0.0	0.0	0.0	0.0	0.0	0.0	0.0	0.0	0.0	0.0	0.0	0.0	0.0	0.0	0.0	0.0	0.0	0.0	0.0	0.0	0.0	0.0	0.0	0.0	0.0	0.0	
18.78	22.36	24.78	20.78	14.36	13.42	14.18	14.34	13.12	12.36	9.86	10.6	11.16	5.58	5.32	4.92	4.86	3.78	3.24	3.8	3.4	3.48	2.74	1.12	1.1	0.8	1.14	1.54	1.08	1.08	0.56	0.42	0.54	0.32	0.3	0.48	0.38	0.46	0.34	0.24	0.06	0.04	0.0	0.02	0.06	0.04	0.0	0.06	0.0	0.0	0.04	0.08	0.04	0.0	0.0	0.0	0.0	0.0	0.0	0.0	0.0	0.0	0.0	0.0	0.0	0.0	0.0	0.0	0.0	0.0	0.0	0.0	0.0	0.0	0.0	0.0	0.0	0.0	0.0	0.0	0.0	0.0	0.0	0.0	0.0	0.0	0.0	0.0	0.0	0.0	0.0	0.0	0.0	0.0	0.0	0.0	0.0	0.0	0.0	
18.5	23.16	23.62	21.32	14.16	13.62	14.12	13.8	13.08	12.78	10.04	9.08	9.2	5.38	4.72	4.52	4.64	3.96	3.36	3.44	3.42	3.76	3.0	1.12	1.14	1.16	1.04	1.1	1.14	0.94	0.46	0.28	0.62	0.36	0.4	0.32	0.38	0.24	0.3	0.3	0.1	0.0	0.0	0.06	0.08	0.14	0.06	0.04	0.02	0.02	0.02	0.04	0.0	0.0	0.0	0.0	0.0	0.0	0.0	0.0	0.0	0.0	0.0	0.0	0.0	0.0	0.0	0.0	0.0	0.0	0.0	0.0	0.0	0.0	0.0	0.0	0.0	0.0	0.0	0.0	0.0	0.0	0.0	0.0	0.0	0.0	0.0	0.0	0.0	0.0	0.0	0.0	0.0	0.0	0.0	0.0	0.0	0.0	0.0	
17.96	22.74	24.68	20.82	14.32	13.52	14.64	13.66	13.3	13.0	9.82	9.32	9.68	5.02	4.82	4.78	3.94	4.1	3.34	3.3	3.32	3.32	3.18	1.12	0.98	1.32	1.04	0.98	0.98	0.98	0.54	0.26	0.46	0.42	0.26	0.2	0.5	0.3	0.46	0.38	0.02	0.08	0.08	0.02	0.04	0.06	0.08	0.02	0.0	0.04	0.02	0.08	0.04	0.02	0.0	0.0	0.0	0.0	0.0	0.0	0.0	0.0	0.0	0.0	0.0	0.0	0.0	0.0	0.0	0.0	0.0	0.0	0.0	0.0	0.0	0.0	0.0	0.0	0.0	0.0	0.0	0.0	0.0	0.0	0.0	0.0	0.0	0.0	0.0	0.0	0.0	0.0	0.0	0.0	0.0	0.0	0.0	0.0	0.0	
17.82	22.4	23.66	20.08	15.38	12.92	14.06	15.02	12.28	12.76	10.84	10.24	9.48	4.86	4.46	4.86	4.26	3.48	3.26	3.2	3.22	3.6	3.12	1.08	1.04	0.74	1.04	1.1	0.98	0.88	0.3	0.28	0.3	0.48	0.3	0.36	0.3	0.4	0.2	0.18	0.02	0.02	0.0	0.04	0.08	0.06	0.08	0.06	0.02	0.04	0.06	0.04	0.04	0.0	0.0	0.0	0.0	0.0	0.0	0.0	0.0	0.0	0.0	0.0	0.0	0.0	0.0	0.0	0.0	0.0	0.0	0.0	0.0	0.0	0.0	0.0	0.0	0.0	0.0	0.0	0.0	0.0	0.0	0.0	0.0	0.0	0.0	0.0	0.0	0.0	0.0	0.0	0.0	0.0	0.0	0.0	0.0	0.0	0.0	
19.14	22.34	22.92	21.76	15.22	12.7	14.42	12.68	12.5	12.68	10.08	9.68	10.12	5.18	4.4	4.24	4.46	3.48	3.22	3.24	3.18	3.18	2.82	1.12	1.24	0.9	0.8	1.08	1.26	1.12	0.58	0.36	0.32	0.54	0.34	0.34	0.3	0.34	0.42	0.42	0.02	0.0	0.0	0.02	0.02	0.02	0.1	0.02	0.0	0.04	0.04	0.02	0.0	0.0	0.0	0.0	0.0	0.0	0.0	0.0	0.0	0.0	0.0	0.0	0.0	0.0	0.0	0.0	0.0	0.0	0.0	0.0	0.0	0.0	0.0	0.0	0.0	0.0	0.0	0.0	0.0	0.0	0.0	0.0	0.0	0.0	0.0	0.0	0.0	0.0	0.0	0.0	0.0	0.0	0.0	0.0	0.0	0.0	0.0	
18.64	21.94	21.66	19.36	14.28	12.74	13.78	13.18	12.72	11.78	10.44	9.06	9.54	5.08	4.88	4.24	4.5	4.08	2.92	3.12	3.32	3.68	2.78	1.06	1.0	0.84	1.16	1.24	1.14	1.12	0.44	0.26	0.26	0.44	0.46	0.36	0.46	0.3	0.48	0.36	0.08	0.08	0.02	0.02	0.08	0.06	0.06	0.04	0.06	0.1	0.02	0.04	0.04	0.0	0.0	0.0	0.0	0.0	0.0	0.0	0.0	0.0	0.0	0.0	0.0	0.0	0.0	0.0	0.0	0.0	0.0	0.0	0.0	0.0	0.0	0.0	0.0	0.0	0.0	0.0	0.0	0.0	0.0	0.0	0.0	0.0	0.0	0.0	0.0	0.0	0.0	0.0	0.0	0.0	0.0	0.0	0.0	0.0	0.0	
17.52	21.48	21.96	19.66	13.84	12.76	14.88	13.12	12.38	12.14	9.36	9.22	9.36	4.9	4.1	4.26	3.98	3.58	3.38	3.56	3.24	2.92	2.7	1.02	0.94	1.2	1.04	0.96	0.86	0.92	0.56	0.38	0.4	0.38	0.36	0.34	0.3	0.48	0.36	0.22	0.08	0.06	0.0	0.0	0.04	0.04	0.06	0.02	0.04	0.12	0.02	0.02	0.02	0.0	0.0	0.0	0.0	0.0	0.0	0.0	0.0	0.0	0.0	0.0	0.0	0.0	0.0	0.0	0.0	0.0	0.0	0.0	0.0	0.0	0.0	0.0	0.0	0.0	0.0	0.0	0.0	0.0	0.0	0.0	0.0	0.0	0.0	0.0	0.0	0.0	0.0	0.0	0.0	0.0	0.0	0.0	0.0	0.0	0.0	
17.52	22.12	20.82	20.28	14.9	11.82	13.04	12.28	12.1	12.18	9.34	9.84	8.98	4.62	4.92	4.28	4.52	3.68	3.24	3.4	3.1	3.38	2.88	1.0	0.8	1.26	1.12	0.8	1.2	0.74	0.34	0.32	0.34	0.42	0.36	0.28	0.22	0.52	0.3	0.26	0.06	0.06	0.06	0.08	0.02	0.04	0.0	0.02	0.02	0.08	0.06	0.1	0.0	0.02	0.0	0.0	0.0	0.0	0.0	0.0	0.0	0.0	0.0	0.0	0.0	0.0	0.0	0.0	0.0	0.0	0.0	0.0	0.0	0.0	0.0	0.0	0.0	0.0	0.0	0.0	0.0	0.0	0.0	0.0	0.0	0.0	0.0	0.0	0.0	0.0	0.0	0.0	0.0	0.0	0.0	0.0	0.0	0.0	0.0	
18.46	20.84	21.96	19.72	14.16	11.6	13.9	12.9	12.62	12.24	9.94	9.78	8.88	4.84	4.48	4.06	4.06	3.34	3.4	3.18	2.96	3.32	3.04	1.24	0.88	0.7	0.76	1.0	0.86	1.04	0.62	0.32	0.24	0.26	0.36	0.32	0.36	0.36	0.36	0.36	0.08	0.04	0.0	0.02	0.06	0.1	0.0	0.02	0.02	0.02	0.04	0.06	0.0	0.0	0.0	0.0	0.0	0.0	0.0	0.0	0.0	0.0	0.0	0.0	0.0	0.0	0.0	0.0	0.0	0.0	0.0	0.0	0.0	0.0	0.0	0.0	0.0	0.0	0.0	0.0	0.0	0.0	0.0	0.0	0.0	0.0	0.0	0.0	0.0	0.0	0.0	0.0	0.0	0.0	0.0	0.0	0.0	0.0	0.0	
16.06	20.34	21.24	20.0	12.84	13.18	12.82	12.96	11.46	11.22	9.72	9.34	8.84	4.84	4.82	3.86	4.54	3.5	3.62	2.98	3.2	3.1	2.5	1.08	0.7	0.88	0.98	0.92	0.82	0.82	0.76	0.58	0.38	0.44	0.18	0.36	0.38	0.32	0.3	0.34	0.04	0.04	0.02	0.02	0.0	0.02	0.0	0.04	0.0	0.06	0.02	0.06	0.04	0.0	0.0	0.0	0.0	0.0	0.0	0.0	0.0	0.0	0.0	0.0	0.0	0.0	0.0	0.0	0.0	0.0	0.0	0.0	0.0	0.0	0.0	0.0	0.0	0.0	0.0	0.0	0.0	0.0	0.0	0.0	0.0	0.0	0.0	0.0	0.0	0.0	0.0	0.0	0.0	0.0	0.0	0.0	0.0	0.0	0.0	
17.62	21.0	21.92	20.0	13.74	11.96	13.02	13.22	12.3	11.0	9.08	10.14	8.38	4.72	4.52	3.8	4.04	3.1	3.04	3.16	3.32	2.7	2.86	1.06	0.94	1.38	0.82	1.02	1.04	0.9	0.54	0.42	0.4	0.28	0.38	0.42	0.24	0.26	0.26	0.2	0.08	0.04	0.02	0.08	0.0	0.08	0.04	0.0	0.08	0.04	0.02	0.04	0.02	0.0	0.0	0.0	0.0	0.0	0.0	0.0	0.0	0.0	0.0	0.0	0.0	0.0	0.0	0.0	0.0	0.0	0.0	0.0	0.0	0.0	0.0	0.0	0.0	0.0	0.0	0.0	0.0	0.0	0.0	0.0	0.0	0.0	0.0	0.0	0.0	0.0	0.0	0.0	0.0	0.0	0.0	0.0	0.0	0.0	0.0	
17.02	21.4	21.92	19.44	14.7	12.34	13.54	11.98	11.66	12.4	9.3	10.36	9.02	4.86	3.8	4.18	4.42	3.48	3.44	3.56	3.18	2.94	2.62	0.78	0.96	1.26	0.78	0.98	1.08	1.0	0.4	0.28	0.46	0.46	0.2	0.26	0.22	0.34	0.44	0.22	0.04	0.0	0.02	0.04	0.0	0.02	0.02	0.04	0.08	0.0	0.08	0.04	0.06	0.0	0.0	0.0	0.0	0.0	0.0	0.0	0.0	0.0	0.0	0.0	0.0	0.0	0.0	0.0	0.0	0.0	0.0	0.0	0.0	0.0	0.0	0.0	0.0	0.0	0.0	0.0	0.0	0.0	0.0	0.0	0.0	0.0	0.0	0.0	0.0	0.0	0.0	0.0	0.0	0.0	0.0	0.0	0.0	0.0	0.0	
17.32	20.58	21.36	19.6	13.36	11.0	13.72	13.0	11.8	11.7	9.88	9.3	9.44	4.64	4.3	4.12	4.74	3.5	3.26	3.26	2.8	3.18	2.86	0.84	0.7	1.04	1.2	0.88	0.94	1.02	0.44	0.22	0.42	0.42	0.3	0.32	0.24	0.36	0.28	0.4	0.06	0.0	0.04	0.0	0.04	0.06	0.02	0.04	0.04	0.02	0.02	0.02	0.04	0.0	0.0	0.0	0.0	0.0	0.0	0.0	0.0	0.0	0.0	0.0	0.0	0.0	0.0	0.0	0.0	0.0	0.0	0.0	0.0	0.0	0.0	0.0	0.0	0.0	0.0	0.0	0.0	0.0	0.0	0.0	0.0	0.0	0.0	0.0	0.0	0.0	0.0	0.0	0.0	0.0	0.0	0.0	0.0	0.0	0.0	
17.5	19.62	21.48	18.32	13.46	11.2	12.32	12.46	11.36	10.64	8.58	8.76	8.94	4.24	3.86	4.12	3.58	3.16	3.16	2.76	2.78	2.62	3.2	0.92	0.76	0.92	0.98	0.84	1.08	0.88	0.32	0.4	0.26	0.28	0.26	0.34	0.32	0.34	0.32	0.2	0.08	0.06	0.08	0.02	0.02	0.0	0.04	0.06	0.04	0.02	0.12	0.04	0.0	0.0	0.0	0.0	0.0	0.0	0.0	0.0	0.0	0.0	0.0	0.0	0.0	0.0	0.0	0.0	0.0	0.0	0.0	0.0	0.0	0.0	0.0	0.0	0.0	0.0	0.0	0.0	0.0	0.0	0.0	0.0	0.0	0.0	0.0	0.0	0.0	0.0	0.0	0.0	0.0	0.0	0.0	0.0	0.0	0.0	0.0	
16.56	19.66	21.64	18.32	13.28	11.2	12.14	12.12	11.96	11.18	9.6	9.62	8.52	4.6	3.58	4.62	4.2	3.16	3.24	2.82	2.66	3.1	2.52	0.64	0.96	0.92	1.1	0.76	0.68	0.88	0.54	0.26	0.38	0.24	0.32	0.3	0.46	0.4	0.22	0.38	0.04	0.0	0.02	0.02	0.02	0.04	0.02	0.0	0.04	0.02	0.02	0.08	0.0	0.0	0.0	0.0	0.0	0.0	0.0	0.0	0.0	0.0	0.0	0.0	0.0	0.0	0.0	0.0	0.0	0.0	0.0	0.0	0.0	0.0	0.0	0.0	0.0	0.0	0.0	0.0	0.0	0.0	0.0	0.0	0.0	0.0	0.0	0.0	0.0	0.0	0.0	0.0	0.0	0.0	0.0	0.0	0.0	0.0	0.0	
17.08	19.62	21.44	18.82	12.6	11.26	12.34	10.66	10.92	12.16	9.28	8.94	9.3	4.68	4.06	4.66	4.0	3.36	3.26	2.86	3.52	2.72	2.58	0.8	1.06	1.0	0.82	0.72	0.88	0.84	0.34	0.42	0.26	0.2	0.34	0.38	0.28	0.34	0.4	0.24	0.06	0.04	0.0	0.0	0.04	0.0	0.02	0.02	0.02	0.08	0.02	0.02	0.1	0.0	0.0	0.0	0.0	0.0	0.0	0.0	0.0	0.0	0.0	0.0	0.0	0.0	0.0	0.0	0.0	0.0	0.0	0.0	0.0	0.0	0.0	0.0	0.0	0.0	0.0	0.0	0.0	0.0	0.0	0.0	0.0	0.0	0.0	0.0	0.0	0.0	0.0	0.0	0.0	0.0	0.0	0.0	0.0	0.0	0.0	
16.32	19.18	20.62	18.58	13.92	10.88	11.84	11.26	11.66	10.9	8.86	8.74	8.56	4.46	3.92	3.38	3.86	3.34	3.0	3.08	3.06	2.94	2.76	0.82	1.1	0.98	1.16	0.86	0.92	0.9	0.54	0.2	0.4	0.26	0.44	0.46	0.34	0.36	0.52	0.22	0.0	0.04	0.06	0.06	0.0	0.02	0.0	0.04	0.02	0.02	0.0	0.02	0.06	0.0	0.0	0.0	0.0	0.0	0.0	0.0	0.0	0.0	0.0	0.0	0.0	0.0	0.0	0.0	0.0	0.0	0.0	0.0	0.0	0.0	0.0	0.0	0.0	0.0	0.0	0.0	0.0	0.0	0.0	0.0	0.0	0.0	0.0	0.0	0.0	0.0	0.0	0.0	0.0	0.0	0.0	0.0	0.0	0.0	0.0	
16.38	20.26	21.38	17.8	12.92	11.54	12.06	11.72	11.68	11.22	9.04	8.64	8.4	4.72	3.94	3.46	4.16	3.1	3.06	3.04	2.62	2.68	2.12	1.0	1.02	1.0	0.94	0.98	1.0	0.92	0.56	0.2	0.34	0.58	0.32	0.22	0.4	0.36	0.32	0.3	0.1	0.02	0.02	0.02	0.02	0.02	0.04	0.02	0.06	0.02	0.04	0.0	0.06	0.0	0.0	0.0	0.0	0.0	0.0	0.0	0.0	0.0	0.0	0.0	0.0	0.0	0.0	0.0	0.0	0.0	0.0	0.0	0.0	0.0	0.0	0.0	0.0	0.0	0.0	0.0	0.0	0.0	0.0	0.0	0.0	0.0	0.0	0.0	0.0	0.0	0.0	0.0	0.0	0.0	0.0	0.0	0.0	0.0	0.0	
16.26	18.32	20.08	19.22	12.64	11.64	11.92	12.12	11.24	11.18	8.74	8.44	8.14	4.14	4.02	4.16	4.0	2.66	2.6	3.1	3.22	2.92	2.44	0.82	0.92	0.76	0.98	0.84	1.04	0.84	0.46	0.28	0.52	0.38	0.38	0.36	0.52	0.4	0.36	0.28	0.04	0.04	0.04	0.02	0.02	0.0	0.06	0.02	0.04	0.04	0.02	0.04	0.04	0.0	0.0	0.0	0.0	0.0	0.0	0.0	0.0	0.0	0.0	0.0	0.0	0.0	0.0	0.0	0.0	0.0	0.0	0.0	0.0	0.0	0.0	0.0	0.0	0.0	0.0	0.0	0.0	0.0	0.0	0.0	0.0	0.0	0.0	0.0	0.0	0.0	0.0	0.0	0.0	0.0	0.0	0.0	0.0	0.0	0.0	
15.86	20.26	20.44	17.7	12.82	10.76	11.78	11.42	11.22	10.18	8.54	9.26	9.04	4.4	3.76	3.36	3.82	3.32	2.84	2.72	2.7	2.7	2.48	1.16	0.9	1.0	0.94	0.9	0.86	0.78	0.44	0.18	0.36	0.2	0.32	0.3	0.48	0.18	0.32	0.3	0.06	0.02	0.04	0.06	0.04	0.02	0.02	0.06	0.1	0.1	0.04	0.12	0.0	0.0	0.0	0.0	0.0	0.0	0.0	0.0	0.0	0.0	0.0	0.0	0.0	0.0	0.0	0.0	0.0	0.0	0.0	0.0	0.0	0.0	0.0	0.0	0.0	0.0	0.0	0.0	0.0	0.0	0.0	0.0	0.0	0.0	0.0	0.0	0.0	0.0	0.0	0.0	0.0	0.0	0.0	0.0	0.0	0.0	0.0	
16.34	18.86	19.96	17.06	12.4	10.66	11.76	12.22	11.7	9.84	8.46	8.54	8.56	4.32	3.92	3.56	4.0	3.0	3.2	2.52	3.08	3.08	2.86	1.0	0.86	0.88	0.86	0.9	0.84	0.7	0.34	0.28	0.34	0.36	0.28	0.28	0.24	0.46	0.38	0.28	0.02	0.04	0.04	0.0	0.02	0.04	0.02	0.1	0.0	0.0	0.04	0.08	0.0	0.0	0.0	0.0	0.0	0.0	0.0	0.0	0.0	0.0	0.0	0.0	0.0	0.0	0.0	0.0	0.0	0.0	0.0	0.0	0.0	0.0	0.0	0.0	0.0	0.0	0.0	0.0	0.0	0.0	0.0	0.0	0.0	0.0	0.0	0.0	0.0	0.0	0.0	0.0	0.0	0.0	0.0	0.0	0.0	0.0	0.0	
15.48	18.88	20.82	17.0	12.5	10.02	13.06	10.76	10.8	10.9	8.52	8.02	8.48	4.74	3.5	3.92	4.24	3.28	2.8	2.62	3.04	2.62	2.42	0.74	1.26	1.14	0.9	0.88	0.92	0.92	0.36	0.24	0.26	0.26	0.2	0.26	0.28	0.2	0.28	0.28	0.04	0.02	0.02	0.04	0.0	0.04	0.08	0.02	0.02	0.04	0.06	0.02	0.02	0.0	0.0	0.0	0.0	0.0	0.0	0.0	0.0	0.0	0.0	0.0	0.0	0.0	0.0	0.0	0.0	0.0	0.0	0.0	0.0	0.0	0.0	0.0	0.0	0.0	0.0	0.0	0.0	0.0	0.0	0.0	0.0	0.0	0.0	0.0	0.0	0.0	0.0	0.0	0.0	0.0	0.0	0.0	0.0	0.0	0.0	
16.18	19.14	20.42	17.32	13.4	11.28	11.26	12.2	10.72	11.1	9.02	7.82	8.46	3.96	3.38	3.7	4.0	3.18	2.68	2.92	3.1	2.8	2.24	1.0	0.8	0.76	0.86	0.98	0.7	0.88	0.34	0.24	0.22	0.34	0.44	0.22	0.28	0.26	0.28	0.18	0.04	0.0	0.0	0.04	0.02	0.0	0.1	0.04	0.04	0.04	0.02	0.0	0.02	0.0	0.0	0.0	0.0	0.0	0.0	0.0	0.0	0.0	0.0	0.0	0.0	0.0	0.0	0.0	0.0	0.0	0.0	0.0	0.0	0.0	0.0	0.0	0.0	0.0	0.0	0.0	0.0	0.0	0.0	0.0	0.0	0.0	0.0	0.0	0.0	0.0	0.0	0.0	0.0	0.0	0.0	0.0	0.0	0.0	0.0	
14.72	18.44	20.22	17.56	12.32	10.04	11.48	11.16	11.14	9.94	8.62	8.26	8.24	3.76	4.0	3.9	3.8	3.3	3.16	3.02	2.92	3.04	2.32	1.04	0.96	0.84	0.84	0.92	0.78	0.84	0.38	0.26	0.26	0.16	0.4	0.22	0.3	0.28	0.28	0.36	0.02	0.02	0.04	0.0	0.04	0.04	0.02	0.02	0.0	0.02	0.0	0.08	0.0	0.0	0.0	0.0	0.0	0.0	0.0	0.0	0.0	0.0	0.0	0.0	0.0	0.0	0.0	0.0	0.0	0.0	0.0	0.0	0.0	0.0	0.0	0.0	0.0	0.0	0.0	0.0	0.0	0.0	0.0	0.0	0.0	0.0	0.0	0.0	0.0	0.0	0.0	0.0	0.0	0.0	0.0	0.0	0.0	0.0	0.0	
15.76	17.46	19.18	17.38	12.04	10.62	11.84	11.82	11.22	10.96	7.84	7.62	7.54	4.56	3.7	4.72	3.46	3.04	2.54	2.54	2.86	2.98	2.78	0.94	1.02	0.88	1.04	0.76	0.94	0.76	0.38	0.32	0.36	0.22	0.5	0.2	0.3	0.28	0.38	0.2	0.08	0.02	0.0	0.06	0.02	0.06	0.02	0.08	0.0	0.02	0.02	0.04	0.04	0.0	0.0	0.0	0.0	0.0	0.0	0.0	0.0	0.0	0.0	0.0	0.0	0.0	0.0	0.0	0.0	0.0	0.0	0.0	0.0	0.0	0.0	0.0	0.0	0.0	0.0	0.0	0.0	0.0	0.0	0.0	0.0	0.0	0.0	0.0	0.0	0.0	0.0	0.0	0.0	0.0	0.0	0.0	0.0	0.0	0.0	
15.48	19.24	18.92	16.84	12.04	10.44	10.7	10.28	10.7	11.46	8.44	7.82	7.82	4.02	3.52	3.28	3.22	3.0	2.64	2.56	2.62	2.74	2.26	0.86	0.8	0.94	0.72	0.76	0.7	0.72	0.42	0.34	0.3	0.38	0.32	0.24	0.2	0.2	0.22	0.18	0.0	0.0	0.08	0.0	0.02	0.04	0.08	0.04	0.06	0.06	0.08	0.02	0.04	0.0	0.0	0.0	0.0	0.0	0.0	0.0	0.0	0.0	0.0	0.0	0.0	0.0	0.0	0.0	0.0	0.0	0.0	0.0	0.0	0.0	0.0	0.0	0.0	0.0	0.0	0.0	0.0	0.0	0.0	0.0	0.0	0.0	0.0	0.0	0.0	0.0	0.0	0.0	0.0	0.0	0.0	0.0	0.0	0.0	0.0	
15.12	18.94	20.5	16.92	11.32	9.8	11.26	10.94	10.78	10.2	8.28	7.7	7.62	4.32	3.9	4.02	4.02	3.26	2.62	2.8	2.8	3.24	2.38	0.82	0.78	0.9	0.68	0.68	0.96	0.92	0.5	0.24	0.42	0.32	0.16	0.38	0.28	0.22	0.38	0.1	0.08	0.06	0.0	0.02	0.04	0.06	0.0	0.0	0.12	0.02	0.02	0.02	0.0	0.0	0.0	0.0	0.0	0.0	0.0	0.0	0.0	0.0	0.0	0.0	0.0	0.0	0.0	0.0	0.0	0.0	0.0	0.0	0.0	0.0	0.0	0.0	0.0	0.0	0.0	0.0	0.0	0.0	0.0	0.0	0.0	0.0	0.0	0.0	0.0	0.0	0.0	0.0	0.0	0.0	0.0	0.0	0.0	0.0	0.0	
15.3	16.64	19.48	16.98	11.88	10.18	11.14	11.82	9.96	10.62	7.98	8.44	8.42	4.38	3.44	3.66	3.6	3.18	2.76	2.9	2.96	2.86	2.5	1.12	0.8	0.8	0.86	0.84	0.92	0.78	0.42	0.28	0.26	0.36	0.24	0.38	0.26	0.4	0.34	0.18	0.08	0.06	0.02	0.04	0.04	0.06	0.0	0.06	0.0	0.04	0.04	0.0	0.04	0.0	0.0	0.0	0.0	0.0	0.0	0.0	0.0	0.0	0.0	0.0	0.0	0.0	0.0	0.0	0.0	0.0	0.0	0.0	0.0	0.0	0.0	0.0	0.0	0.0	0.0	0.0	0.0	0.0	0.0	0.0	0.0	0.0	0.0	0.0	0.0	0.0	0.0	0.0	0.0	0.0	0.0	0.0	0.0	0.0	0.0	
14.08	17.98	18.24	17.3	11.72	10.02	11.8	11.2	10.64	9.5	7.38	7.08	8.44	3.88	3.04	3.96	3.12	2.9	2.68	2.6	2.94	2.4	2.24	0.84	0.92	0.66	0.96	1.02	0.78	0.88	0.42	0.36	0.44	0.3	0.2	0.18	0.28	0.24	0.32	0.32	0.0	0.04	0.02	0.04	0.04	0.04	0.02	0.0	0.02	0.02	0.0	0.02	0.0	0.0	0.0	0.0	0.0	0.0	0.0	0.0	0.0	0.0	0.0	0.0	0.0	0.0	0.0	0.0	0.0	0.0	0.0	0.0	0.0	0.0	0.0	0.0	0.0	0.0	0.0	0.0	0.0	0.0	0.0	0.0	0.0	0.0	0.0	0.0	0.0	0.0	0.0	0.0	0.0	0.0	0.0	0.0	0.0	0.0	0.0	
13.72	17.68	18.3	17.18	12.64	10.5	11.06	9.66	10.06	10.34	8.06	8.24	7.92	4.6	3.44	3.88	3.34	3.0	2.54	2.82	2.78	2.5	2.3	0.72	0.6	0.8	0.82	0.74	0.7	0.7	0.48	0.3	0.32	0.32	0.32	0.28	0.28	0.4	0.3	0.16	0.04	0.02	0.08	0.14	0.04	0.02	0.08	0.08	0.06	0.04	0.02	0.02	0.04	0.0	0.0	0.0	0.0	0.0	0.0	0.0	0.0	0.0	0.0	0.0	0.0	0.0	0.0	0.0	0.0	0.0	0.0	0.0	0.0	0.0	0.0	0.0	0.0	0.0	0.0	0.0	0.0	0.0	0.0	0.0	0.0	0.0	0.0	0.0	0.0	0.0	0.0	0.0	0.0	0.0	0.0	0.0	0.0	0.0	0.0	
14.22	18.26	18.8	16.46	12.38	9.92	11.3	10.38	11.46	9.76	8.04	6.98	7.92	4.44	3.24	3.62	3.8	3.22	2.3	2.62	3.3	2.64	2.26	0.6	0.76	0.82	0.82	0.88	0.66	0.78	0.38	0.28	0.38	0.24	0.42	0.24	0.2	0.3	0.16	0.26	0.02	0.08	0.04	0.02	0.02	0.0	0.06	0.02	0.04	0.0	0.0	0.0	0.0	0.0	0.0	0.0	0.0	0.0	0.0	0.0	0.0	0.0	0.0	0.0	0.0	0.0	0.0	0.0	0.0	0.0	0.0	0.0	0.0	0.0	0.0	0.0	0.0	0.0	0.0	0.0	0.0	0.0	0.0	0.0	0.0	0.0	0.0	0.0	0.0	0.0	0.0	0.0	0.0	0.0	0.0	0.0	0.0	0.0	0.0	
14.72	17.74	18.24	16.1	11.24	10.14	11.26	10.2	9.62	9.56	7.62	7.72	7.68	4.0	3.64	3.7	3.42	2.6	2.28	2.66	2.34	2.8	2.34	0.76	0.66	0.66	0.68	0.92	0.78	0.76	0.18	0.38	0.22	0.3	0.18	0.3	0.36	0.32	0.16	0.34	0.08	0.02	0.02	0.0	0.04	0.02	0.0	0.02	0.0	0.08	0.0	0.0	0.02	0.0	0.0	0.0	0.0	0.0	0.0	0.0	0.0	0.0	0.0	0.0	0.0	0.0	0.0	0.0	0.0	0.0	0.0	0.0	0.0	0.0	0.0	0.0	0.0	0.0	0.0	0.0	0.0	0.0	0.0	0.0	0.0	0.0	0.0	0.0	0.0	0.0	0.0	0.0	0.0	0.0	0.0	0.0	0.0	0.0	0.0	
15.08	17.28	18.02	16.22	11.34	10.02	11.08	10.2	10.28	10.4	7.98	8.74	8.18	3.96	3.44	3.26	3.54	2.66	2.36	2.44	2.62	2.86	2.42	0.84	0.9	0.92	0.76	0.62	1.02	0.8	0.36	0.52	0.36	0.32	0.3	0.4	0.3	0.38	0.22	0.18	0.04	0.04	0.0	0.02	0.04	0.02	0.02	0.02	0.0	0.06	0.02	0.08	0.08	0.0	0.0	0.0	0.0	0.0	0.0	0.0	0.0	0.0	0.0	0.0	0.0	0.0	0.0	0.0	0.0	0.0	0.0	0.0	0.0	0.0	0.0	0.0	0.0	0.0	0.0	0.0	0.0	0.0	0.0	0.0	0.0	0.0	0.0	0.0	0.0	0.0	0.0	0.0	0.0	0.0	0.0	0.0	0.0	0.0	0.0	
13.66	15.7	18.76	15.84	10.72	10.52	9.74	10.08	9.9	10.9	6.76	6.98	7.22	4.2	3.4	3.32	3.4	2.72	2.44	2.8	2.72	2.38	2.24	0.92	0.84	0.62	0.58	0.76	0.88	0.94	0.24	0.22	0.36	0.24	0.24	0.18	0.42	0.28	0.3	0.12	0.02	0.04	0.02	0.0	0.0	0.04	0.04	0.04	0.04	0.04	0.04	0.02	0.02	0.0	0.0	0.0	0.0	0.0	0.0	0.0	0.0	0.0	0.0	0.0	0.0	0.0	0.0	0.0	0.0	0.0	0.0	0.0	0.0	0.0	0.0	0.0	0.0	0.0	0.0	0.0	0.0	0.0	0.0	0.0	0.0	0.0	0.0	0.0	0.0	0.0	0.0	0.0	0.0	0.0	0.0	0.0	0.0	0.0	0.0	
13.02	15.48	17.56	14.88	10.32	9.34	10.06	9.14	9.58	8.58	7.82	7.66	7.4	3.46	3.26	3.64	3.22	2.6	2.62	2.46	2.64	2.28	1.68	0.62	0.74	0.76	0.84	0.88	0.84	0.74	0.34	0.32	0.16	0.48	0.28	0.2	0.22	0.46	0.26	0.2	0.06	0.08	0.0	0.02	0.02	0.02	0.0	0.04	0.0	0.04	0.06	0.02	0.0	0.0	0.0	0.0	0.0	0.0	0.0	0.0	0.0	0.0	0.0	0.0	0.0	0.0	0.0	0.0	0.0	0.0	0.0	0.0	0.0	0.0	0.0	0.0	0.0	0.0	0.0	0.0	0.0	0.0	0.0	0.0	0.0	0.0	0.0	0.0	0.0	0.0	0.0	0.0	0.0	0.0	0.0	0.0	0.0	0.0	0.0	
12.98	15.88	16.94	15.56	10.32	9.26	10.28	9.46	9.38	8.8	6.9	7.36	7.1	3.62	2.94	3.32	2.9	3.04	2.62	2.22	2.44	2.62	2.32	0.88	0.68	0.64	0.76	0.72	0.72	0.8	0.32	0.24	0.28	0.26	0.36	0.26	0.22	0.26	0.32	0.16	0.06	0.0	0.02	0.04	0.0	0.0	0.0	0.04	0.02	0.04	0.0	0.04	0.0	0.0	0.0	0.0	0.0	0.0	0.0	0.0	0.0	0.0	0.0	0.0	0.0	0.0	0.0	0.0	0.0	0.0	0.0	0.0	0.0	0.0	0.0	0.0	0.0	0.0	0.0	0.0	0.0	0.0	0.0	0.0	0.0	0.0	0.0	0.0	0.0	0.0	0.0	0.0	0.0	0.0	0.0	0.0	0.0	0.0	0.0	
13.06	16.12	16.58	15.02	9.44	8.8	9.52	9.36	8.4	8.12	7.9	6.98	7.06	2.98	3.4	2.66	2.98	2.12	2.38	2.52	2.52	2.3	1.82	0.86	0.9	0.42	0.66	0.7	0.84	0.6	0.32	0.18	0.4	0.26	0.22	0.32	0.24	0.18	0.32	0.28	0.02	0.1	0.02	0.06	0.06	0.0	0.06	0.02	0.06	0.02	0.0	0.0	0.0	0.0	0.0	0.0	0.0	0.0	0.0	0.0	0.0	0.0	0.0	0.0	0.0	0.0	0.0	0.0	0.0	0.0	0.0	0.0	0.0	0.0	0.0	0.0	0.0	0.0	0.0	0.0	0.0	0.0	0.0	0.0	0.0	0.0	0.0	0.0	0.0	0.0	0.0	0.0	0.0	0.0	0.0	0.0	0.0	0.0	0.0	
12.5	14.64	15.34	15.0	9.4	8.86	9.84	8.74	8.78	8.52	6.32	6.88	6.36	3.46	3.14	3.54	3.08	2.28	2.26	1.86	1.96	1.98	1.92	0.78	0.54	0.5	0.64	0.82	0.64	0.62	0.32	0.24	0.24	0.22	0.18	0.16	0.1	0.28	0.08	0.26	0.02	0.0	0.0	0.0	0.02	0.0	0.02	0.02	0.0	0.04	0.06	0.02	0.02	0.0	0.0	0.0	0.0	0.0	0.0	0.0	0.0	0.0	0.0	0.0	0.0	0.0	0.0	0.0	0.0	0.0	0.0	0.0	0.0	0.0	0.0	0.0	0.0	0.0	0.0	0.0	0.0	0.0	0.0	0.0	0.0	0.0	0.0	0.0	0.0	0.0	0.0	0.0	0.0	0.0	0.0	0.0	0.0	0.0	0.0	
12.02	13.88	15.84	12.8	9.86	8.38	8.94	8.68	7.88	8.38	6.6	6.36	5.7	3.12	2.9	2.78	2.78	2.52	2.14	2.12	2.74	2.12	1.78	0.72	0.78	0.62	0.82	0.44	0.62	0.42	0.28	0.26	0.26	0.28	0.2	0.22	0.26	0.24	0.1	0.16	0.06	0.04	0.04	0.0	0.02	0.0	0.0	0.0	0.0	0.02	0.02	0.02	0.0	0.02	0.0	0.0	0.0	0.0	0.0	0.0	0.0	0.0	0.0	0.0	0.0	0.0	0.0	0.0	0.0	0.0	0.0	0.0	0.0	0.0	0.0	0.0	0.0	0.0	0.0	0.0	0.0	0.0	0.0	0.0	0.0	0.0	0.0	0.0	0.0	0.0	0.0	0.0	0.0	0.0	0.0	0.0	0.0	0.0	0.0	
12.02	15.12	14.7	12.9	9.28	7.3	9.14	8.74	8.26	7.22	6.6	6.0	6.44	3.1	2.5	3.08	2.98	2.12	2.08	1.96	2.32	1.84	1.92	0.52	0.56	0.74	0.46	0.92	0.62	0.46	0.4	0.2	0.22	0.18	0.06	0.18	0.28	0.16	0.16	0.18	0.06	0.0	0.02	0.04	0.06	0.0	0.02	0.02	0.02	0.02	0.02	0.04	0.02	0.0	0.0	0.0	0.0	0.0	0.0	0.0	0.0	0.0	0.0	0.0	0.0	0.0	0.0	0.0	0.0	0.0	0.0	0.0	0.0	0.0	0.0	0.0	0.0	0.0	0.0	0.0	0.0	0.0	0.0	0.0	0.0	0.0	0.0	0.0	0.0	0.0	0.0	0.0	0.0	0.0	0.0	0.0	0.0	0.0	0.0	
11.12	14.2	14.5	12.68	9.12	7.66	8.3	8.22	7.66	7.74	6.2	6.3	5.72	2.84	2.62	2.44	2.98	2.22	2.0	1.9	1.78	2.02	1.78	0.9	0.38	0.7	0.74	0.52	0.46	0.56	0.16	0.22	0.14	0.18	0.22	0.22	0.04	0.34	0.16	0.14	0.04	0.04	0.0	0.02	0.0	0.02	0.06	0.02	0.06	0.04	0.0	0.02	0.0	0.0	0.0	0.0	0.0	0.0	0.0	0.0	0.0	0.0	0.0	0.0	0.0	0.0	0.0	0.0	0.0	0.0	0.0	0.0	0.0	0.0	0.0	0.0	0.0	0.0	0.0	0.0	0.0	0.0	0.0	0.0	0.0	0.0	0.0	0.0	0.0	0.0	0.0	0.0	0.0	0.0	0.0	0.0	0.0	0.0	0.0	
10.82	12.82	14.56	13.3	8.98	6.7	8.12	7.64	7.86	7.84	5.84	6.1	5.8	2.94	2.12	2.68	2.24	2.12	2.1	1.7	1.88	1.92	1.84	0.54	0.5	0.62	0.52	0.62	0.72	0.44	0.26	0.22	0.22	0.2	0.38	0.12	0.22	0.24	0.26	0.2	0.06	0.04	0.04	0.0	0.0	0.0	0.0	0.0	0.04	0.0	0.02	0.0	0.02	0.0	0.0	0.0	0.0	0.0	0.0	0.0	0.0	0.0	0.0	0.0	0.0	0.0	0.0	0.0	0.0	0.0	0.0	0.0	0.0	0.0	0.0	0.0	0.0	0.0	0.0	0.0	0.0	0.0	0.0	0.0	0.0	0.0	0.0	0.0	0.0	0.0	0.0	0.0	0.0	0.0	0.0	0.0	0.0	0.0	0.0	
10.78	12.56	13.14	12.38	8.1	7.44	8.22	8.24	8.04	7.2	6.0	6.16	5.52	2.98	2.48	2.64	2.74	1.94	1.8	1.72	1.74	2.24	1.6	0.6	0.46	0.56	0.72	0.66	0.84	0.5	0.22	0.18	0.14	0.1	0.18	0.12	0.1	0.18	0.08	0.1	0.02	0.0	0.02	0.0	0.06	0.0	0.0	0.0	0.04	0.04	0.02	0.06	0.06	0.0	0.0	0.0	0.0	0.0	0.0	0.0	0.0	0.0	0.0	0.0	0.0	0.0	0.0	0.0	0.0	0.0	0.0	0.0	0.0	0.0	0.0	0.0	0.0	0.0	0.0	0.0	0.0	0.0	0.0	0.0	0.0	0.0	0.0	0.0	0.0	0.0	0.0	0.0	0.0	0.0	0.0	0.0	0.0	0.0	0.0	
10.86	12.96	14.62	12.36	8.42	7.26	7.92	8.26	6.76	7.46	5.22	5.9	5.68	2.9	2.64	2.36	2.46	1.96	2.06	1.86	2.0	1.66	1.7	0.48	0.5	0.6	0.5	0.46	0.58	0.72	0.24	0.24	0.28	0.16	0.14	0.3	0.2	0.24	0.18	0.26	0.02	0.0	0.02	0.02	0.0	0.02	0.04	0.0	0.06	0.0	0.06	0.02	0.02	0.0	0.0	0.0	0.0	0.0	0.0	0.0	0.0	0.0	0.0	0.0	0.0	0.0	0.0	0.0	0.0	0.0	0.0	0.0	0.0	0.0	0.0	0.0	0.0	0.0	0.0	0.0	0.0	0.0	0.0	0.0	0.0	0.0	0.0	0.0	0.0	0.0	0.0	0.0	0.0	0.0	0.0	0.0	0.0	0.0	0.0	
9.52	13.3	14.02	12.46	7.66	6.8	7.82	7.2	6.94	7.28	5.92	5.48	5.46	3.14	2.66	2.58	2.66	2.0	2.02	2.18	1.72	1.88	1.4	0.56	0.58	0.4	0.32	0.44	0.72	0.6	0.28	0.32	0.26	0.16	0.18	0.12	0.12	0.16	0.1	0.08	0.02	0.02	0.02	0.0	0.02	0.0	0.06	0.04	0.0	0.02	0.02	0.12	0.0	0.0	0.0	0.0	0.0	0.0	0.0	0.0	0.0	0.0	0.0	0.0	0.0	0.0	0.0	0.0	0.0	0.0	0.0	0.0	0.0	0.0	0.0	0.0	0.0	0.0	0.0	0.0	0.0	0.0	0.0	0.0	0.0	0.0	0.0	0.0	0.0	0.0	0.0	0.0	0.0	0.0	0.0	0.0	0.0	0.0	0.0	
10.44	11.78	12.5	11.52	8.18	7.0	8.18	7.38	7.48	7.36	4.96	6.1	5.06	2.42	2.54	2.76	2.66	1.66	2.18	1.68	1.64	1.86	1.48	0.36	0.7	0.38	0.5	0.5	0.62	0.52	0.42	0.24	0.18	0.08	0.08	0.18	0.3	0.2	0.14	0.08	0.02	0.06	0.04	0.0	0.0	0.02	0.0	0.0	0.02	0.0	0.0	0.06	0.0	0.0	0.0	0.0	0.0	0.0	0.0	0.0	0.0	0.0	0.0	0.0	0.0	0.0	0.0	0.0	0.0	0.0	0.0	0.0	0.0	0.0	0.0	0.0	0.0	0.0	0.0	0.0	0.0	0.0	0.0	0.0	0.0	0.0	0.0	0.0	0.0	0.0	0.0	0.0	0.0	0.0	0.0	0.0	0.0	0.0	0.0	
9.5	11.66	12.84	11.84	7.32	6.4	7.3	7.66	6.8	7.46	5.72	5.18	4.84	3.2	2.96	2.02	2.3	2.32	1.52	1.9	1.78	1.78	1.58	0.44	0.56	0.62	0.42	0.62	0.62	0.5	0.28	0.18	0.16	0.2	0.14	0.18	0.22	0.12	0.18	0.14	0.02	0.02	0.04	0.04	0.0	0.02	0.0	0.0	0.0	0.06	0.0	0.0	0.02	0.0	0.0	0.0	0.0	0.0	0.0	0.0	0.0	0.0	0.0	0.0	0.0	0.0	0.0	0.0	0.0	0.0	0.0	0.0	0.0	0.0	0.0	0.0	0.0	0.0	0.0	0.0	0.0	0.0	0.0	0.0	0.0	0.0	0.0	0.0	0.0	0.0	0.0	0.0	0.0	0.0	0.0	0.0	0.0	0.0	0.0	
10.08	11.22	12.42	11.4	8.0	6.8	7.26	7.22	7.16	6.64	5.4	5.6	5.18	2.7	2.52	2.52	2.38	1.72	1.24	1.9	1.26	1.48	1.54	0.54	0.62	0.44	0.7	0.46	0.56	0.54	0.3	0.2	0.16	0.16	0.18	0.14	0.1	0.14	0.12	0.14	0.02	0.0	0.0	0.0	0.0	0.02	0.02	0.06	0.0	0.0	0.0	0.02	0.0	0.0	0.0	0.0	0.0	0.0	0.0	0.0	0.0	0.0	0.0	0.0	0.0	0.0	0.0	0.0	0.0	0.0	0.0	0.0	0.0	0.0	0.0	0.0	0.0	0.0	0.0	0.0	0.0	0.0	0.0	0.0	0.0	0.0	0.0	0.0	0.0	0.0	0.0	0.0	0.0	0.0	0.0	0.0	0.0	0.0	0.0	
9.48	10.66	12.46	10.82	6.9	5.56	6.66	6.9	6.7	6.6	5.88	5.78	5.14	2.74	2.58	2.06	2.62	1.98	1.54	1.6	1.26	1.38	1.46	0.56	0.58	0.46	0.5	0.44	0.44	0.34	0.24	0.12	0.18	0.16	0.1	0.14	0.22	0.04	0.26	0.08	0.0	0.04	0.0	0.0	0.04	0.08	0.0	0.04	0.0	0.0	0.0	0.04	0.02	0.0	0.0	0.0	0.0	0.0	0.0	0.0	0.0	0.0	0.0	0.0	0.0	0.0	0.0	0.0	0.0	0.0	0.0	0.0	0.0	0.0	0.0	0.0	0.0	0.0	0.0	0.0	0.0	0.0	0.0	0.0	0.0	0.0	0.0	0.0	0.0	0.0	0.0	0.0	0.0	0.0	0.0	0.0	0.0	0.0	0.0	
8.2	11.38	11.88	10.86	7.5	6.2	6.7	6.8	6.34	6.62	4.94	4.48	4.62	2.26	2.62	2.24	2.14	2.04	1.64	1.58	1.32	1.26	1.48	0.52	0.64	0.28	0.68	0.28	0.62	0.4	0.22	0.28	0.16	0.16	0.22	0.22	0.12	0.24	0.3	0.22	0.0	0.02	0.04	0.02	0.0	0.0	0.0	0.02	0.0	0.04	0.04	0.02	0.0	0.0	0.0	0.0	0.0	0.0	0.0	0.0	0.0	0.0	0.0	0.0	0.0	0.0	0.0	0.0	0.0	0.0	0.0	0.0	0.0	0.0	0.0	0.0	0.0	0.0	0.0	0.0	0.0	0.0	0.0	0.0	0.0	0.0	0.0	0.0	0.0	0.0	0.0	0.0	0.0	0.0	0.0	0.0	0.0	0.0	0.0	
9.42	10.7	10.58	11.1	6.64	6.8	6.42	6.34	6.4	6.56	4.86	4.66	4.98	2.76	2.16	2.44	2.26	1.8	1.84	1.56	1.32	1.5	1.5	0.54	0.36	0.54	0.46	0.44	0.56	0.4	0.12	0.14	0.18	0.16	0.24	0.16	0.1	0.08	0.04	0.14	0.02	0.06	0.08	0.0	0.02	0.0	0.0	0.04	0.04	0.02	0.0	0.0	0.02	0.02	0.0	0.0	0.0	0.0	0.0	0.0	0.0	0.0	0.0	0.0	0.0	0.0	0.0	0.0	0.0	0.0	0.0	0.0	0.0	0.0	0.0	0.0	0.0	0.0	0.0	0.0	0.0	0.0	0.0	0.0	0.0	0.0	0.0	0.0	0.0	0.0	0.0	0.0	0.0	0.0	0.0	0.0	0.0	0.0	0.0	
8.7	10.32	11.0	10.16	6.46	6.72	6.54	7.04	6.22	6.22	4.74	4.48	4.4	2.74	2.1	1.8	2.08	1.64	1.5	1.32	1.78	1.84	1.6	0.56	0.48	0.4	0.34	0.46	0.36	0.46	0.12	0.14	0.12	0.08	0.12	0.26	0.14	0.08	0.08	0.1	0.04	0.0	0.06	0.02	0.0	0.0	0.0	0.06	0.06	0.0	0.04	0.0	0.0	0.0	0.0	0.0	0.0	0.0	0.0	0.0	0.0	0.0	0.0	0.0	0.0	0.0	0.0	0.0	0.0	0.0	0.0	0.0	0.0	0.0	0.0	0.0	0.0	0.0	0.0	0.0	0.0	0.0	0.0	0.0	0.0	0.0	0.0	0.0	0.0	0.0	0.0	0.0	0.0	0.0	0.0	0.0	0.0	0.0	0.0	
8.38	9.72	10.94	10.94	6.72	5.56	6.46	6.76	5.58	5.8	4.3	5.1	4.84	2.46	1.9	1.96	1.88	1.7	1.4	1.5	1.54	1.46	1.46	0.54	0.48	0.36	0.34	0.42	0.54	0.36	0.26	0.1	0.24	0.16	0.2	0.1	0.16	0.12	0.32	0.18	0.02	0.0	0.06	0.0	0.0	0.0	0.02	0.0	0.0	0.02	0.06	0.0	0.0	0.0	0.0	0.0	0.0	0.0	0.0	0.0	0.0	0.0	0.0	0.0	0.0	0.0	0.0	0.0	0.0	0.0	0.0	0.0	0.0	0.0	0.0	0.0	0.0	0.0	0.0	0.0	0.0	0.0	0.0	0.0	0.0	0.0	0.0	0.0	0.0	0.0	0.0	0.0	0.0	0.0	0.0	0.0	0.0	0.0	0.0	
8.34	10.36	11.02	11.22	6.74	5.88	6.4	6.38	5.6	6.18	4.54	4.3	4.76	2.64	1.96	2.22	1.86	1.7	1.52	1.86	1.56	1.44	1.16	0.48	0.48	0.32	0.34	0.38	0.48	0.36	0.2	0.08	0.12	0.18	0.1	0.16	0.2	0.2	0.04	0.06	0.04	0.02	0.04	0.06	0.0	0.0	0.0	0.02	0.0	0.02	0.02	0.0	0.06	0.0	0.0	0.0	0.0	0.0	0.0	0.0	0.0	0.0	0.0	0.0	0.0	0.0	0.0	0.0	0.0	0.0	0.0	0.0	0.0	0.0	0.0	0.0	0.0	0.0	0.0	0.0	0.0	0.0	0.0	0.0	0.0	0.0	0.0	0.0	0.0	0.0	0.0	0.0	0.0	0.0	0.0	0.0	0.0	0.0	0.0	
8.34	10.02	11.54	10.6	6.9	5.82	6.3	6.26	5.68	5.86	4.64	4.44	4.4	1.98	1.98	1.84	2.28	1.48	1.52	1.58	1.38	1.6	1.04	0.56	0.4	0.52	0.44	0.56	0.48	0.36	0.2	0.12	0.14	0.16	0.08	0.14	0.24	0.1	0.14	0.2	0.02	0.02	0.0	0.0	0.0	0.0	0.04	0.0	0.02	0.02	0.0	0.06	0.0	0.0	0.0	0.0	0.0	0.0	0.0	0.0	0.0	0.0	0.0	0.0	0.0	0.0	0.0	0.0	0.0	0.0	0.0	0.0	0.0	0.0	0.0	0.0	0.0	0.0	0.0	0.0	0.0	0.0	0.0	0.0	0.0	0.0	0.0	0.0	0.0	0.0	0.0	0.0	0.0	0.0	0.0	0.0	0.0	0.0	0.0	
8.02	9.38	10.46	9.5	6.58	5.6	6.3	6.66	5.28	5.18	3.84	3.98	4.38	2.08	2.06	2.28	2.12	1.82	1.26	1.48	1.2	1.34	1.32	0.36	0.36	0.52	0.4	0.38	0.42	0.42	0.3	0.14	0.26	0.14	0.2	0.06	0.14	0.2	0.2	0.06	0.02	0.0	0.0	0.02	0.02	0.0	0.04	0.0	0.0	0.02	0.0	0.0	0.0	0.0	0.0	0.0	0.0	0.0	0.0	0.0	0.0	0.0	0.0	0.0	0.0	0.0	0.0	0.0	0.0	0.0	0.0	0.0	0.0	0.0	0.0	0.0	0.0	0.0	0.0	0.0	0.0	0.0	0.0	0.0	0.0	0.0	0.0	0.0	0.0	0.0	0.0	0.0	0.0	0.0	0.0	0.0	0.0	0.0	0.0	
8.08	10.34	11.24	9.28	7.44	5.86	6.24	5.84	5.36	5.54	5.02	3.8	4.38	1.9	1.82	1.42	2.36	1.68	1.52	1.18	1.3	1.4	1.5	0.44	0.26	0.56	0.6	0.42	0.44	0.4	0.22	0.24	0.06	0.16	0.14	0.18	0.14	0.14	0.06	0.08	0.02	0.0	0.0	0.02	0.04	0.0	0.02	0.0	0.0	0.02	0.02	0.02	0.02	0.0	0.0	0.0	0.0	0.0	0.0	0.0	0.0	0.0	0.0	0.0	0.0	0.0	0.0	0.0	0.0	0.0	0.0	0.0	0.0	0.0	0.0	0.0	0.0	0.0	0.0	0.0	0.0	0.0	0.0	0.0	0.0	0.0	0.0	0.0	0.0	0.0	0.0	0.0	0.0	0.0	0.0	0.0	0.0	0.0	0.0	
7.98	9.0	10.06	9.8	5.76	5.48	5.88	5.62	5.44	5.42	4.32	4.26	4.22	2.32	1.98	1.72	2.12	1.6	1.36	1.22	1.26	1.18	1.2	0.42	0.4	0.42	0.54	0.38	0.44	0.38	0.24	0.12	0.18	0.1	0.22	0.18	0.14	0.18	0.18	0.14	0.02	0.02	0.02	0.02	0.02	0.04	0.0	0.04	0.02	0.06	0.02	0.0	0.0	0.0	0.0	0.0	0.0	0.0	0.0	0.0	0.0	0.0	0.0	0.0	0.0	0.0	0.0	0.0	0.0	0.0	0.0	0.0	0.0	0.0	0.0	0.0	0.0	0.0	0.0	0.0	0.0	0.0	0.0	0.0	0.0	0.0	0.0	0.0	0.0	0.0	0.0	0.0	0.0	0.0	0.0	0.0	0.0	0.0	0.0	
7.84	9.1	10.42	9.38	6.26	5.36	5.86	5.44	5.2	5.46	3.7	4.32	3.84	2.08	1.78	1.96	1.8	1.42	1.26	1.4	1.38	1.32	1.14	0.5	0.62	0.58	0.26	0.4	0.3	0.4	0.24	0.18	0.1	0.16	0.08	0.12	0.2	0.1	0.2	0.04	0.06	0.0	0.02	0.02	0.02	0.02	0.02	0.0	0.02	0.0	0.0	0.0	0.02	0.0	0.0	0.0	0.0	0.0	0.0	0.0	0.0	0.0	0.0	0.0	0.0	0.0	0.0	0.0	0.0	0.0	0.0	0.0	0.0	0.0	0.0	0.0	0.0	0.0	0.0	0.0	0.0	0.0	0.0	0.0	0.0	0.0	0.0	0.0	0.0	0.0	0.0	0.0	0.0	0.0	0.0	0.0	0.0	0.0	0.0	
7.46	10.14	10.5	9.74	5.78	5.82	5.74	6.3	5.84	5.18	4.14	4.82	4.74	2.3	1.88	1.92	1.84	1.38	1.32	1.02	1.18	1.5	1.06	0.46	0.48	0.42	0.48	0.4	0.42	0.46	0.2	0.12	0.12	0.1	0.12	0.14	0.14	0.18	0.1	0.16	0.06	0.02	0.04	0.04	0.04	0.04	0.0	0.04	0.0	0.0	0.02	0.0	0.0	0.0	0.0	0.0	0.0	0.0	0.0	0.0	0.0	0.0	0.0	0.0	0.0	0.0	0.0	0.0	0.0	0.0	0.0	0.0	0.0	0.0	0.0	0.0	0.0	0.0	0.0	0.0	0.0	0.0	0.0	0.0	0.0	0.0	0.0	0.0	0.0	0.0	0.0	0.0	0.0	0.0	0.0	0.0	0.0	0.0	0.0	
7.62	9.78	10.18	9.12	6.02	5.5	5.4	5.08	5.14	5.74	4.06	3.64	3.76	1.8	1.46	2.0	1.78	1.52	1.4	1.54	1.14	1.38	1.3	0.36	0.28	0.4	0.42	0.22	0.38	0.24	0.22	0.18	0.14	0.14	0.12	0.14	0.12	0.12	0.12	0.16	0.02	0.02	0.02	0.04	0.0	0.04	0.0	0.0	0.0	0.0	0.02	0.02	0.0	0.0	0.0	0.0	0.0	0.0	0.0	0.0	0.0	0.0	0.0	0.0	0.0	0.0	0.0	0.0	0.0	0.0	0.0	0.0	0.0	0.0	0.0	0.0	0.0	0.0	0.0	0.0	0.0	0.0	0.0	0.0	0.0	0.0	0.0	0.0	0.0	0.0	0.0	0.0	0.0	0.0	0.0	0.0	0.0	0.0	0.0	
8.06	8.94	10.52	8.62	6.2	5.16	6.28	5.62	4.98	5.14	3.88	3.74	4.02	2.12	1.56	2.0	1.76	1.28	1.2	1.34	1.36	1.42	0.94	0.38	0.38	0.46	0.42	0.26	0.52	0.3	0.22	0.06	0.2	0.18	0.12	0.14	0.12	0.14	0.12	0.1	0.02	0.04	0.02	0.0	0.0	0.0	0.04	0.02	0.02	0.02	0.0	0.0	0.02	0.0	0.0	0.0	0.0	0.0	0.0	0.0	0.0	0.0	0.0	0.0	0.0	0.0	0.0	0.0	0.0	0.0	0.0	0.0	0.0	0.0	0.0	0.0	0.0	0.0	0.0	0.0	0.0	0.0	0.0	0.0	0.0	0.0	0.0	0.0	0.0	0.0	0.0	0.0	0.0	0.0	0.0	0.0	0.0	0.0	0.0	
7.5	9.42	9.16	8.52	5.64	5.16	5.82	5.66	5.16	4.92	3.9	4.02	3.9	1.82	1.78	2.1	1.62	1.38	1.28	1.22	1.26	1.44	1.5	0.54	0.58	0.32	0.46	0.26	0.46	0.38	0.14	0.12	0.06	0.04	0.2	0.1	0.12	0.12	0.12	0.1	0.02	0.04	0.02	0.02	0.02	0.02	0.0	0.04	0.0	0.04	0.0	0.0	0.0	0.0	0.0	0.0	0.0	0.0	0.0	0.0	0.0	0.0	0.0	0.0	0.0	0.0	0.0	0.0	0.0	0.0	0.0	0.0	0.0	0.0	0.0	0.0	0.0	0.0	0.0	0.0	0.0	0.0	0.0	0.0	0.0	0.0	0.0	0.0	0.0	0.0	0.0	0.0	0.0	0.0	0.0	0.0	0.0	0.0	0.0	
7.08	8.46	9.64	8.68	5.9	4.74	5.16	5.3	5.34	5.16	4.18	4.2	3.54	2.28	1.82	1.66	1.72	1.32	1.34	1.24	0.96	1.18	0.92	0.52	0.42	0.4	0.52	0.4	0.2	0.28	0.1	0.18	0.16	0.12	0.2	0.14	0.08	0.18	0.2	0.04	0.04	0.0	0.0	0.0	0.0	0.0	0.0	0.02	0.02	0.02	0.0	0.0	0.0	0.0	0.0	0.0	0.0	0.0	0.0	0.0	0.0	0.0	0.0	0.0	0.0	0.0	0.0	0.0	0.0	0.0	0.0	0.0	0.0	0.0	0.0	0.0	0.0	0.0	0.0	0.0	0.0	0.0	0.0	0.0	0.0	0.0	0.0	0.0	0.0	0.0	0.0	0.0	0.0	0.0	0.0	0.0	0.0	0.0	0.0	
7.5	7.78	9.34	8.12	6.04	4.92	5.38	5.38	4.5	4.86	3.5	4.08	4.08	1.62	1.8	1.4	1.84	1.54	1.56	1.08	1.36	1.4	1.08	0.42	0.24	0.34	0.42	0.36	0.28	0.3	0.12	0.08	0.26	0.1	0.26	0.0	0.04	0.16	0.04	0.18	0.04	0.0	0.02	0.02	0.02	0.0	0.02	0.02	0.0	0.0	0.02	0.04	0.04	0.0	0.0	0.0	0.0	0.0	0.0	0.0	0.0	0.0	0.0	0.0	0.0	0.0	0.0	0.0	0.0	0.0	0.0	0.0	0.0	0.0	0.0	0.0	0.0	0.0	0.0	0.0	0.0	0.0	0.0	0.0	0.0	0.0	0.0	0.0	0.0	0.0	0.0	0.0	0.0	0.0	0.0	0.0	0.0	0.0	0.0	
7.58	8.22	9.08	8.5	5.54	4.8	5.48	4.92	4.64	4.6	4.22	4.0	3.58	1.72	1.56	1.74	1.3	1.08	1.46	1.16	1.2	1.16	1.1	0.36	0.3	0.36	0.36	0.28	0.38	0.34	0.2	0.1	0.14	0.18	0.16	0.14	0.18	0.12	0.18	0.16	0.02	0.0	0.0	0.04	0.02	0.02	0.0	0.0	0.02	0.02	0.02	0.0	0.0	0.0	0.0	0.0	0.0	0.0	0.0	0.0	0.0	0.0	0.0	0.0	0.0	0.0	0.0	0.0	0.0	0.0	0.0	0.0	0.0	0.0	0.0	0.0	0.0	0.0	0.0	0.0	0.0	0.0	0.0	0.0	0.0	0.0	0.0	0.0	0.0	0.0	0.0	0.0	0.0	0.0	0.0	0.0	0.0	0.0	0.0	
7.0	8.5	9.04	8.3	5.48	4.58	5.94	5.04	5.14	4.94	4.16	3.74	3.72	1.46	1.64	2.2	1.64	1.36	1.22	1.24	0.96	1.26	1.2	0.4	0.36	0.36	0.22	0.34	0.52	0.32	0.12	0.06	0.08	0.02	0.12	0.06	0.08	0.16	0.06	0.1	0.02	0.0	0.02	0.02	0.0	0.0	0.06	0.0	0.02	0.0	0.04	0.0	0.0	0.0	0.0	0.0	0.0	0.0	0.0	0.0	0.0	0.0	0.0	0.0	0.0	0.0	0.0	0.0	0.0	0.0	0.0	0.0	0.0	0.0	0.0	0.0	0.0	0.0	0.0	0.0	0.0	0.0	0.0	0.0	0.0	0.0	0.0	0.0	0.0	0.0	0.0	0.0	0.0	0.0	0.0	0.0	0.0	0.0	0.0	
6.64	7.82	9.48	9.0	5.52	4.12	4.92	4.78	4.56	4.72	3.28	3.5	3.9	1.58	1.72	1.72	1.4	1.28	1.12	1.14	1.3	1.26	1.0	0.42	0.28	0.28	0.48	0.26	0.12	0.34	0.14	0.1	0.1	0.12	0.12	0.18	0.08	0.04	0.18	0.08	0.0	0.04	0.06	0.04	0.02	0.02	0.02	0.02	0.04	0.0	0.04	0.06	0.0	0.0	0.0	0.0	0.0	0.0	0.0	0.0	0.0	0.0	0.0	0.0	0.0	0.0	0.0	0.0	0.0	0.0	0.0	0.0	0.0	0.0	0.0	0.0	0.0	0.0	0.0	0.0	0.0	0.0	0.0	0.0	0.0	0.0	0.0	0.0	0.0	0.0	0.0	0.0	0.0	0.0	0.0	0.0	0.0	0.0	0.0	
7.4	8.34	9.0	7.92	5.52	4.5	5.06	5.28	4.88	4.38	3.14	3.92	3.8	1.78	1.48	1.6	1.48	1.2	0.96	1.36	1.28	0.96	1.16	0.24	0.38	0.46	0.36	0.46	0.32	0.42	0.14	0.02	0.1	0.06	0.1	0.1	0.1	0.16	0.08	0.08	0.0	0.0	0.02	0.0	0.08	0.04	0.0	0.0	0.04	0.02	0.02	0.04	0.02	0.0	0.0	0.0	0.0	0.0	0.0	0.0	0.0	0.0	0.0	0.0	0.0	0.0	0.0	0.0	0.0	0.0	0.0	0.0	0.0	0.0	0.0	0.0	0.0	0.0	0.0	0.0	0.0	0.0	0.0	0.0	0.0	0.0	0.0	0.0	0.0	0.0	0.0	0.0	0.0	0.0	0.0	0.0	0.0	0.0	0.0	
5.64	8.22	8.58	8.2	5.3	4.4	5.5	4.44	3.78	4.68	3.28	3.48	3.72	1.8	1.64	1.54	1.66	1.46	1.3	1.1	1.1	1.1	1.04	0.4	0.38	0.46	0.42	0.26	0.34	0.16	0.18	0.16	0.12	0.12	0.08	0.14	0.2	0.12	0.12	0.06	0.02	0.02	0.02	0.0	0.0	0.04	0.04	0.0	0.02	0.0	0.04	0.04	0.0	0.0	0.0	0.0	0.0	0.0	0.0	0.0	0.0	0.0	0.0	0.0	0.0	0.0	0.0	0.0	0.0	0.0	0.0	0.0	0.0	0.0	0.0	0.0	0.0	0.0	0.0	0.0	0.0	0.0	0.0	0.0	0.0	0.0	0.0	0.0	0.0	0.0	0.0	0.0	0.0	0.0	0.0	0.0	0.0	0.0	0.0	
6.8	8.18	8.86	8.26	5.16	4.66	5.08	4.56	4.98	4.18	3.5	3.54	3.54	1.72	1.6	1.56	1.72	1.34	1.22	1.04	1.32	1.16	1.04	0.44	0.44	0.28	0.36	0.42	0.16	0.42	0.16	0.06	0.06	0.14	0.14	0.14	0.06	0.14	0.14	0.12	0.04	0.02	0.0	0.0	0.0	0.0	0.04	0.0	0.0	0.0	0.02	0.02	0.0	0.0	0.0	0.0	0.0	0.0	0.0	0.0	0.0	0.0	0.0	0.0	0.0	0.0	0.0	0.0	0.0	0.0	0.0	0.0	0.0	0.0	0.0	0.0	0.0	0.0	0.0	0.0	0.0	0.0	0.0	0.0	0.0	0.0	0.0	0.0	0.0	0.0	0.0	0.0	0.0	0.0	0.0	0.0	0.0	0.0	0.0	
6.3	7.52	8.92	7.22	5.2	4.26	5.38	4.52	4.48	4.6	3.3	3.52	3.34	1.74	2.02	1.6	1.32	1.36	0.96	1.26	1.34	1.06	1.04	0.4	0.4	0.24	0.24	0.22	0.38	0.24	0.1	0.12	0.1	0.08	0.06	0.22	0.1	0.1	0.16	0.08	0.0	0.0	0.04	0.0	0.02	0.04	0.02	0.06	0.0	0.0	0.0	0.0	0.0	0.0	0.0	0.0	0.0	0.0	0.0	0.0	0.0	0.0	0.0	0.0	0.0	0.0	0.0	0.0	0.0	0.0	0.0	0.0	0.0	0.0	0.0	0.0	0.0	0.0	0.0	0.0	0.0	0.0	0.0	0.0	0.0	0.0	0.0	0.0	0.0	0.0	0.0	0.0	0.0	0.0	0.0	0.0	0.0	0.0	0.0	
6.36	7.66	8.22	7.68	4.82	4.16	5.08	4.56	4.9	4.04	3.98	3.44	3.68	1.8	1.28	1.5	1.06	1.44	0.92	1.2	1.06	1.1	0.9	0.32	0.3	0.24	0.38	0.16	0.2	0.24	0.22	0.12	0.12	0.1	0.08	0.1	0.16	0.08	0.2	0.0	0.02	0.02	0.02	0.02	0.02	0.04	0.0	0.0	0.0	0.0	0.02	0.0	0.0	0.0	0.0	0.0	0.0	0.0	0.0	0.0	0.0	0.0	0.0	0.0	0.0	0.0	0.0	0.0	0.0	0.0	0.0	0.0	0.0	0.0	0.0	0.0	0.0	0.0	0.0	0.0	0.0	0.0	0.0	0.0	0.0	0.0	0.0	0.0	0.0	0.0	0.0	0.0	0.0	0.0	0.0	0.0	0.0	0.0	0.0	
