0.01	0.514949494949	1.0198989899	1.52484848485	2.0297979798	2.53474747475	3.0396969697	3.54464646465	4.0495959596	4.55454545455	5.05949494949	5.56444444444	6.06939393939	6.57434343434	7.07929292929	7.58424242424	8.08919191919	8.59414141414	9.09909090909	9.60404040404	10.108989899	10.6139393939	11.1188888889	11.6238383838	12.1287878788	12.6337373737	13.1386868687	13.6436363636	14.1485858586	14.6535353535	15.1584848485	15.6634343434	16.1683838384	16.6733333333	17.1782828283	17.6832323232	18.1881818182	18.6931313131	19.1980808081	19.703030303	20.207979798	20.7129292929	21.2178787879	21.7228282828	22.2277777778	22.7327272727	23.2376767677	23.7426262626	24.2475757576	24.7525252525	25.2574747475	25.7624242424	26.2673737374	26.7723232323	27.2772727273	27.7822222222	28.2871717172	28.7921212121	29.2970707071	29.802020202	30.306969697	30.8119191919	31.3168686869	31.8218181818	32.3267676768	32.8317171717	33.3366666667	33.8416161616	34.3465656566	34.8515151515	35.3564646465	35.8614141414	36.3663636364	36.8713131313	37.3762626263	37.8812121212	38.3861616162	38.8911111111	39.3960606061	39.901010101	40.405959596	40.9109090909	41.4158585859	41.9208080808	42.4257575758	42.9307070707	43.4356565657	43.9406060606	44.4455555556	44.9505050505	45.4554545455	45.9604040404	46.4653535354	46.9703030303	47.4752525253	47.9802020202	48.4851515152	48.9901010101	49.4950505051	50.0	
119.142	120.5	130.318	117.816	84.44	83.672	82.94	79.058	75.88	75.218	74.222	53.99	44.558	32.606	28.978	27.088	26.254	23.0	22.152	20.966	20.814	19.308	17.606	10.244	8.844	6.146	5.808	5.694	5.438	5.156	4.62	4.05	4.0	3.788	3.264	2.668	1.304	0.766	0.744	0.742	0.7	0.682	0.61	0.608	0.308	0.218	0.06	0.03	0.018	0.006	0.0	0.0	0.0	0.0	0.0	0.0	0.0	0.0	0.0	0.0	0.0	0.0	0.0	0.0	0.0	0.0	0.0	0.0	0.0	0.0	0.0	0.0	0.0	0.0	0.0	0.0	0.0	0.0	0.0	0.0	0.0	0.0	0.0	0.0	0.0	0.0	0.0	0.0	0.0	0.0	0.0	0.0	0.0	0.0	0.0	0.0	0.0	0.0	0.0	
120.24	121.086	130.336	118.17	84.348	83.858	83.092	79.792	76.572	75.556	74.814	54.56	44.654	32.888	29.292	26.86	26.368	22.824	22.526	21.314	21.01	20.162	17.744	10.404	8.978	6.092	6.142	5.58	5.506	5.192	4.508	4.128	4.0	3.842	3.234	2.786	1.358	0.782	0.724	0.816	0.744	0.736	0.66	0.524	0.32	0.214	0.048	0.032	0.016	0.006	0.0	0.0	0.0	0.0	0.0	0.0	0.0	0.0	0.0	0.0	0.0	0.0	0.0	0.0	0.0	0.0	0.0	0.0	0.0	0.0	0.0	0.0	0.0	0.0	0.0	0.0	0.0	0.0	0.0	0.0	0.0	0.0	0.0	0.0	0.0	0.0	0.0	0.0	0.0	0.0	0.0	0.0	0.0	0.0	0.0	0.0	0.0	0.0	0.0	
120.264	120.506	130.284	117.9	84.938	84.234	83.694	80.744	76.932	75.834	75.334	55.326	44.268	32.998	29.218	26.136	26.538	23.484	22.99	21.934	21.312	19.67	18.08	10.268	8.998	6.158	5.936	5.774	5.546	5.228	4.776	4.096	3.9	3.986	3.234	2.75	1.312	0.832	0.774	0.768	0.742	0.77	0.72	0.67	0.364	0.226	0.066	0.048	0.016	0.012	0.0	0.0	0.0	0.0	0.0	0.0	0.0	0.0	0.0	0.0	0.0	0.0	0.0	0.0	0.0	0.0	0.0	0.0	0.0	0.0	0.0	0.0	0.0	0.0	0.0	0.0	0.0	0.0	0.0	0.0	0.0	0.0	0.0	0.0	0.0	0.0	0.0	0.0	0.0	0.0	0.0	0.0	0.0	0.0	0.0	0.0	0.0	0.0	0.0	
118.94	119.656	128.842	116.448	83.576	84.306	82.762	79.584	76.744	74.976	74.074	54.556	45.002	32.92	29.082	26.534	26.026	23.032	22.548	21.57	20.978	19.874	17.86	10.382	9.302	6.016	6.024	5.924	5.662	5.126	4.77	4.414	4.284	3.98	3.22	2.818	1.274	0.824	0.754	0.648	0.724	0.682	0.73	0.592	0.334	0.276	0.05	0.036	0.02	0.016	0.0	0.0	0.0	0.0	0.0	0.0	0.0	0.0	0.0	0.0	0.0	0.0	0.0	0.0	0.0	0.0	0.0	0.0	0.0	0.0	0.0	0.0	0.0	0.0	0.0	0.0	0.0	0.0	0.0	0.0	0.0	0.0	0.0	0.0	0.0	0.0	0.0	0.0	0.0	0.0	0.0	0.0	0.0	0.0	0.0	0.0	0.0	0.0	0.0	
117.468	117.218	125.56	114.402	82.056	82.334	81.132	78.302	74.332	74.048	73.888	54.37	43.972	32.126	28.41	26.28	25.6	22.88	22.658	21.308	20.766	19.924	17.152	10.218	8.468	6.03	5.772	5.792	5.38	5.144	4.612	4.106	4.036	3.892	3.26	2.7	1.284	0.714	0.73	0.792	0.696	0.64	0.658	0.578	0.346	0.28	0.06	0.022	0.018	0.004	0.0	0.0	0.0	0.0	0.0	0.0	0.0	0.0	0.0	0.0	0.0	0.0	0.0	0.0	0.0	0.0	0.0	0.0	0.0	0.0	0.0	0.0	0.0	0.0	0.0	0.0	0.0	0.0	0.0	0.0	0.0	0.0	0.0	0.0	0.0	0.0	0.0	0.0	0.0	0.0	0.0	0.0	0.0	0.0	0.0	0.0	0.0	0.0	0.0	
116.26	115.748	125.484	113.1	81.27	80.634	80.008	77.146	74.28	72.784	73.364	53.418	43.302	31.996	28.274	25.972	25.44	23.058	22.194	21.008	21.462	19.114	17.428	10.13	8.624	6.004	5.87	5.742	5.538	5.446	4.586	4.086	3.874	4.018	3.156	2.684	1.236	0.76	0.79	0.734	0.724	0.708	0.698	0.592	0.304	0.236	0.06	0.032	0.02	0.006	0.0	0.0	0.0	0.0	0.0	0.0	0.0	0.0	0.0	0.0	0.0	0.0	0.0	0.0	0.0	0.0	0.0	0.0	0.0	0.0	0.0	0.0	0.0	0.0	0.0	0.0	0.0	0.0	0.0	0.0	0.0	0.0	0.0	0.0	0.0	0.0	0.0	0.0	0.0	0.0	0.0	0.0	0.0	0.0	0.0	0.0	0.0	0.0	0.0	
116.334	116.54	124.542	112.598	81.046	81.426	79.97	76.974	73.16	73.4	71.846	52.738	43.192	31.972	28.138	25.532	25.448	22.45	22.334	20.636	21.084	19.516	17.164	10.154	8.842	6.026	5.818	5.624	5.146	5.272	4.606	4.152	4.01	3.806	3.252	2.638	1.298	0.822	0.686	0.714	0.702	0.67	0.676	0.604	0.344	0.242	0.046	0.038	0.022	0.016	0.0	0.0	0.0	0.0	0.0	0.0	0.0	0.0	0.0	0.0	0.0	0.0	0.0	0.0	0.0	0.0	0.0	0.0	0.0	0.0	0.0	0.0	0.0	0.0	0.0	0.0	0.0	0.0	0.0	0.0	0.0	0.0	0.0	0.0	0.0	0.0	0.0	0.0	0.0	0.0	0.0	0.0	0.0	0.0	0.0	0.0	0.0	0.0	0.0	
113.692	115.566	122.556	111.998	80.988	80.158	79.484	76.298	73.044	72.266	71.552	52.946	43.316	32.178	28.442	25.96	25.2	22.486	21.828	20.948	20.7	19.074	17.088	10.164	8.644	5.948	5.682	5.772	5.312	5.258	4.588	4.168	4.094	3.964	3.226	2.85	1.28	0.802	0.736	0.714	0.672	0.664	0.642	0.66	0.368	0.214	0.052	0.038	0.012	0.018	0.0	0.0	0.0	0.0	0.0	0.0	0.0	0.0	0.0	0.0	0.0	0.0	0.0	0.0	0.0	0.0	0.0	0.0	0.0	0.0	0.0	0.0	0.0	0.0	0.0	0.0	0.0	0.0	0.0	0.0	0.0	0.0	0.0	0.0	0.0	0.0	0.0	0.0	0.0	0.0	0.0	0.0	0.0	0.0	0.0	0.0	0.0	0.0	0.0	
114.356	114.16	121.964	111.292	80.398	80.274	78.53	75.744	72.28	71.734	71.622	51.94	42.992	31.524	27.82	25.658	25.35	22.55	21.946	21.126	20.52	19.166	17.204	10.24	8.866	5.774	5.764	5.528	5.19	5.002	4.55	4.126	4.056	3.918	3.1	2.716	1.288	0.762	0.75	0.734	0.7	0.714	0.66	0.664	0.296	0.256	0.046	0.034	0.02	0.01	0.0	0.0	0.0	0.0	0.0	0.0	0.0	0.0	0.0	0.0	0.0	0.0	0.0	0.0	0.0	0.0	0.0	0.0	0.0	0.0	0.0	0.0	0.0	0.0	0.0	0.0	0.0	0.0	0.0	0.0	0.0	0.0	0.0	0.0	0.0	0.0	0.0	0.0	0.0	0.0	0.0	0.0	0.0	0.0	0.0	0.0	0.0	0.0	0.0	
113.648	114.494	122.092	110.754	80.102	79.538	79.544	75.61	72.444	72.166	71.394	52.758	42.414	31.542	27.734	25.51	25.21	22.432	22.074	21.022	20.522	19.646	17.042	10.08	8.788	5.774	5.73	5.56	5.342	5.086	4.59	4.172	3.874	4.034	3.198	2.678	1.38	0.692	0.774	0.694	0.658	0.684	0.666	0.614	0.326	0.256	0.052	0.022	0.022	0.016	0.0	0.0	0.0	0.0	0.0	0.0	0.0	0.0	0.0	0.0	0.0	0.0	0.0	0.0	0.0	0.0	0.0	0.0	0.0	0.0	0.0	0.0	0.0	0.0	0.0	0.0	0.0	0.0	0.0	0.0	0.0	0.0	0.0	0.0	0.0	0.0	0.0	0.0	0.0	0.0	0.0	0.0	0.0	0.0	0.0	0.0	0.0	0.0	0.0	
114.03	113.17	121.706	109.85	79.548	78.79	78.6	75.828	72.09	71.908	71.32	51.678	42.19	31.222	27.618	25.514	24.906	22.362	21.914	20.88	20.482	19.078	16.844	10.146	8.892	5.764	5.786	5.614	5.418	5.026	4.764	4.182	4.064	3.864	3.0	2.694	1.346	0.786	0.738	0.748	0.704	0.618	0.642	0.624	0.326	0.228	0.036	0.034	0.02	0.004	0.0	0.0	0.0	0.0	0.0	0.0	0.0	0.0	0.0	0.0	0.0	0.0	0.0	0.0	0.0	0.0	0.0	0.0	0.0	0.0	0.0	0.0	0.0	0.0	0.0	0.0	0.0	0.0	0.0	0.0	0.0	0.0	0.0	0.0	0.0	0.0	0.0	0.0	0.0	0.0	0.0	0.0	0.0	0.0	0.0	0.0	0.0	0.0	0.0	
113.47	112.558	120.784	109.392	79.07	78.558	78.342	75.294	71.784	70.49	70.63	52.196	42.924	31.904	28.068	25.632	25.164	22.498	21.716	20.728	20.564	19.314	17.004	9.99	8.642	5.828	5.692	5.736	5.344	5.026	4.626	4.148	3.806	3.902	3.11	2.69	1.254	0.738	0.688	0.716	0.704	0.682	0.654	0.59	0.308	0.252	0.04	0.034	0.02	0.008	0.0	0.0	0.0	0.0	0.0	0.0	0.0	0.0	0.0	0.0	0.0	0.0	0.0	0.0	0.0	0.0	0.0	0.0	0.0	0.0	0.0	0.0	0.0	0.0	0.0	0.0	0.0	0.0	0.0	0.0	0.0	0.0	0.0	0.0	0.0	0.0	0.0	0.0	0.0	0.0	0.0	0.0	0.0	0.0	0.0	0.0	0.0	0.0	0.0	
113.672	113.262	120.894	109.438	78.898	78.778	78.372	75.16	71.76	70.832	70.432	51.894	42.492	31.468	28.232	25.544	25.1	22.21	22.494	20.972	20.31	18.906	17.112	10.03	8.658	5.93	5.73	5.674	5.44	5.12	4.486	4.12	3.96	3.912	3.314	2.758	1.316	0.738	0.722	0.752	0.74	0.664	0.682	0.59	0.316	0.222	0.062	0.026	0.014	0.008	0.002	0.0	0.0	0.0	0.0	0.0	0.0	0.0	0.0	0.0	0.0	0.0	0.0	0.0	0.0	0.0	0.0	0.0	0.0	0.0	0.0	0.0	0.0	0.0	0.0	0.0	0.0	0.0	0.0	0.0	0.0	0.0	0.0	0.0	0.0	0.0	0.0	0.0	0.0	0.0	0.0	0.0	0.0	0.0	0.0	0.0	0.0	0.0	0.0	
112.854	113.176	119.312	108.176	79.384	78.896	78.154	75.248	72.294	71.562	70.778	51.874	42.392	31.366	27.992	25.516	24.772	22.592	21.958	20.942	20.538	19.15	16.918	9.75	8.454	6.114	5.7	5.496	5.358	5.032	4.466	4.08	4.05	3.878	3.12	2.69	1.36	0.79	0.76	0.726	0.732	0.654	0.714	0.626	0.324	0.226	0.064	0.024	0.028	0.0	0.0	0.0	0.0	0.0	0.0	0.0	0.0	0.0	0.0	0.0	0.0	0.0	0.0	0.0	0.0	0.0	0.0	0.0	0.0	0.0	0.0	0.0	0.0	0.0	0.0	0.0	0.0	0.0	0.0	0.0	0.0	0.0	0.0	0.0	0.0	0.0	0.0	0.0	0.0	0.0	0.0	0.0	0.0	0.0	0.0	0.0	0.0	0.0	0.0	
113.064	113.594	120.036	107.502	78.536	79.598	77.464	75.07	70.892	71.404	70.362	51.656	42.126	31.322	28.198	25.36	24.482	22.672	22.362	20.828	20.454	18.79	16.988	10.068	8.686	6.102	5.93	5.444	5.168	5.204	4.606	4.222	3.93	3.79	3.32	2.694	1.26	0.772	0.752	0.682	0.702	0.708	0.66	0.528	0.326	0.252	0.076	0.032	0.018	0.01	0.0	0.0	0.0	0.0	0.0	0.0	0.0	0.0	0.0	0.0	0.0	0.0	0.0	0.0	0.0	0.0	0.0	0.0	0.0	0.0	0.0	0.0	0.0	0.0	0.0	0.0	0.0	0.0	0.0	0.0	0.0	0.0	0.0	0.0	0.0	0.0	0.0	0.0	0.0	0.0	0.0	0.0	0.0	0.0	0.0	0.0	0.0	0.0	0.0	
112.736	113.668	119.744	108.182	78.746	77.798	77.528	74.194	70.758	71.176	70.284	52.032	41.9	31.14	28.134	25.544	24.954	22.748	21.774	20.876	20.622	19.218	16.802	10.202	8.702	5.91	5.81	5.504	5.446	5.196	4.736	4.174	3.878	3.962	3.106	2.718	1.288	0.74	0.756	0.766	0.68	0.696	0.644	0.638	0.346	0.272	0.052	0.02	0.018	0.014	0.0	0.0	0.0	0.0	0.0	0.0	0.0	0.0	0.0	0.0	0.0	0.0	0.0	0.0	0.0	0.0	0.0	0.0	0.0	0.0	0.0	0.0	0.0	0.0	0.0	0.0	0.0	0.0	0.0	0.0	0.0	0.0	0.0	0.0	0.0	0.0	0.0	0.0	0.0	0.0	0.0	0.0	0.0	0.0	0.0	0.0	0.0	0.0	0.0	
112.164	112.496	119.822	108.342	78.84	78.642	77.648	75.088	71.878	70.23	70.728	51.332	42.522	30.802	27.992	25.518	24.862	22.308	22.046	21.096	20.364	19.118	17.014	10.576	8.926	5.774	5.666	5.51	5.344	5.096	4.492	4.048	3.922	3.842	3.208	2.738	1.27	0.746	0.754	0.7	0.766	0.688	0.686	0.612	0.368	0.242	0.058	0.02	0.022	0.014	0.006	0.0	0.0	0.0	0.0	0.0	0.0	0.0	0.0	0.0	0.0	0.0	0.0	0.0	0.0	0.0	0.0	0.0	0.0	0.0	0.0	0.0	0.0	0.0	0.0	0.0	0.0	0.0	0.0	0.0	0.0	0.0	0.0	0.0	0.0	0.0	0.0	0.0	0.0	0.0	0.0	0.0	0.0	0.0	0.0	0.0	0.0	0.0	0.0	
112.218	112.812	119.822	108.238	79.5	77.982	77.53	74.924	72.064	70.924	70.504	51.636	42.398	31.33	28.092	25.414	25.186	22.326	21.694	21.142	20.864	19.398	17.398	9.938	8.646	6.18	5.778	5.694	5.444	5.124	4.64	4.192	3.946	3.892	3.072	2.73	1.424	0.778	0.714	0.722	0.66	0.732	0.67	0.618	0.366	0.22	0.05	0.02	0.01	0.01	0.0	0.0	0.0	0.0	0.0	0.0	0.0	0.0	0.0	0.0	0.0	0.0	0.0	0.0	0.0	0.0	0.0	0.0	0.0	0.0	0.0	0.0	0.0	0.0	0.0	0.0	0.0	0.0	0.0	0.0	0.0	0.0	0.0	0.0	0.0	0.0	0.0	0.0	0.0	0.0	0.0	0.0	0.0	0.0	0.0	0.0	0.0	0.0	0.0	
112.734	111.558	118.258	108.666	78.588	78.026	77.118	74.676	71.586	70.49	69.934	51.77	42.056	31.076	27.42	25.442	25.262	22.554	22.218	20.628	20.508	18.882	17.35	9.884	8.916	5.892	5.722	5.53	5.298	5.158	4.276	4.174	4.008	3.944	3.106	2.76	1.314	0.774	0.728	0.726	0.706	0.64	0.654	0.614	0.356	0.252	0.064	0.026	0.02	0.008	0.0	0.0	0.0	0.0	0.0	0.0	0.0	0.0	0.0	0.0	0.0	0.0	0.0	0.0	0.0	0.0	0.0	0.0	0.0	0.0	0.0	0.0	0.0	0.0	0.0	0.0	0.0	0.0	0.0	0.0	0.0	0.0	0.0	0.0	0.0	0.0	0.0	0.0	0.0	0.0	0.0	0.0	0.0	0.0	0.0	0.0	0.0	0.0	0.0	
111.412	111.97	118.642	106.128	77.464	77.342	77.202	73.734	71.686	70.638	69.374	51.254	41.55	30.994	27.806	25.246	24.764	22.626	21.574	20.37	20.156	19.192	16.89	10.096	8.546	5.956	5.63	5.58	5.158	5.068	4.572	4.0	4.074	3.848	3.178	2.584	1.268	0.886	0.734	0.68	0.708	0.658	0.702	0.58	0.404	0.226	0.076	0.018	0.026	0.002	0.0	0.0	0.0	0.0	0.0	0.0	0.0	0.0	0.0	0.0	0.0	0.0	0.0	0.0	0.0	0.0	0.0	0.0	0.0	0.0	0.0	0.0	0.0	0.0	0.0	0.0	0.0	0.0	0.0	0.0	0.0	0.0	0.0	0.0	0.0	0.0	0.0	0.0	0.0	0.0	0.0	0.0	0.0	0.0	0.0	0.0	0.0	0.0	0.0	
111.498	111.456	118.542	106.562	77.076	77.176	76.91	73.792	70.74	70.382	69.89	51.184	41.286	31.148	27.414	25.014	24.838	22.01	22.21	20.72	20.056	19.102	17.064	10.212	8.902	5.822	5.674	5.436	5.258	5.092	4.54	4.144	3.928	3.858	3.3	2.824	1.284	0.774	0.688	0.656	0.734	0.674	0.714	0.644	0.33	0.22	0.07	0.034	0.022	0.008	0.002	0.0	0.0	0.0	0.0	0.0	0.0	0.0	0.0	0.0	0.0	0.0	0.0	0.0	0.0	0.0	0.0	0.0	0.0	0.0	0.0	0.0	0.0	0.0	0.0	0.0	0.0	0.0	0.0	0.0	0.0	0.0	0.0	0.0	0.0	0.0	0.0	0.0	0.0	0.0	0.0	0.0	0.0	0.0	0.0	0.0	0.0	0.0	0.0	
110.686	111.342	116.716	106.21	76.738	77.394	77.012	73.56	70.252	70.702	69.878	50.894	42.136	30.494	27.446	25.274	24.248	21.912	21.524	20.38	20.202	19.146	16.954	9.87	8.388	5.838	5.692	5.434	5.354	4.92	4.614	4.086	4.06	3.852	3.17	2.668	1.342	0.742	0.784	0.686	0.7	0.704	0.624	0.554	0.35	0.274	0.078	0.038	0.01	0.016	0.002	0.0	0.0	0.0	0.0	0.0	0.0	0.0	0.0	0.0	0.0	0.0	0.0	0.0	0.0	0.0	0.0	0.0	0.0	0.0	0.0	0.0	0.0	0.0	0.0	0.0	0.0	0.0	0.0	0.0	0.0	0.0	0.0	0.0	0.0	0.0	0.0	0.0	0.0	0.0	0.0	0.0	0.0	0.0	0.0	0.0	0.0	0.0	0.0	
109.64	109.678	116.546	105.678	76.856	75.96	75.514	72.712	70.854	69.45	69.288	50.408	41.376	30.154	27.462	25.388	24.472	22.238	21.238	20.392	20.238	18.516	17.114	10.132	8.378	6.026	5.644	5.676	5.406	4.984	4.462	4.026	3.988	3.698	3.0	2.696	1.216	0.648	0.672	0.728	0.724	0.738	0.658	0.598	0.358	0.246	0.046	0.018	0.016	0.006	0.0	0.0	0.0	0.0	0.0	0.0	0.0	0.0	0.0	0.0	0.0	0.0	0.0	0.0	0.0	0.0	0.0	0.0	0.0	0.0	0.0	0.0	0.0	0.0	0.0	0.0	0.0	0.0	0.0	0.0	0.0	0.0	0.0	0.0	0.0	0.0	0.0	0.0	0.0	0.0	0.0	0.0	0.0	0.0	0.0	0.0	0.0	0.0	0.0	
110.08	109.496	115.73	104.53	76.878	75.682	75.398	73.108	70.398	69.272	69.008	50.33	41.272	30.586	27.0	24.962	24.444	21.718	21.644	20.212	20.16	18.792	16.64	9.612	8.8	5.778	5.592	5.468	5.286	5.116	4.622	4.06	3.882	3.758	3.102	2.662	1.33	0.782	0.73	0.79	0.702	0.668	0.682	0.616	0.306	0.29	0.066	0.03	0.012	0.01	0.002	0.0	0.0	0.0	0.0	0.0	0.0	0.0	0.0	0.0	0.0	0.0	0.0	0.0	0.0	0.0	0.0	0.0	0.0	0.0	0.0	0.0	0.0	0.0	0.0	0.0	0.0	0.0	0.0	0.0	0.0	0.0	0.0	0.0	0.0	0.0	0.0	0.0	0.0	0.0	0.0	0.0	0.0	0.0	0.0	0.0	0.0	0.0	0.0	
108.756	109.218	115.242	104.614	76.292	76.13	74.694	72.678	69.718	68.91	68.778	50.124	41.112	30.258	26.772	24.916	24.55	22.14	21.586	20.18	20.146	18.974	16.532	9.772	8.71	5.678	5.562	5.346	5.302	4.866	4.352	4.082	3.84	3.854	3.184	2.61	1.2	0.7	0.724	0.732	0.66	0.7	0.676	0.612	0.35	0.236	0.05	0.028	0.022	0.008	0.0	0.0	0.0	0.0	0.0	0.0	0.0	0.0	0.0	0.0	0.0	0.0	0.0	0.0	0.0	0.0	0.0	0.0	0.0	0.0	0.0	0.0	0.0	0.0	0.0	0.0	0.0	0.0	0.0	0.0	0.0	0.0	0.0	0.0	0.0	0.0	0.0	0.0	0.0	0.0	0.0	0.0	0.0	0.0	0.0	0.0	0.0	0.0	0.0	
107.854	109.016	114.26	103.696	75.238	75.536	74.762	71.342	68.93	68.84	68.292	49.95	40.824	30.032	26.886	25.246	23.564	22.066	21.37	19.864	20.052	18.782	16.694	9.852	8.256	5.63	5.568	5.524	5.058	4.99	4.228	4.076	3.896	3.796	2.984	2.608	1.306	0.78	0.722	0.748	0.696	0.69	0.67	0.572	0.334	0.218	0.048	0.014	0.01	0.014	0.0	0.0	0.0	0.0	0.0	0.0	0.0	0.0	0.0	0.0	0.0	0.0	0.0	0.0	0.0	0.0	0.0	0.0	0.0	0.0	0.0	0.0	0.0	0.0	0.0	0.0	0.0	0.0	0.0	0.0	0.0	0.0	0.0	0.0	0.0	0.0	0.0	0.0	0.0	0.0	0.0	0.0	0.0	0.0	0.0	0.0	0.0	0.0	0.0	
107.16	108.174	112.942	103.28	75.04	74.604	73.902	72.21	68.79	68.422	67.582	49.776	40.44	29.954	26.544	24.318	23.804	22.17	21.102	20.292	19.462	18.822	16.708	9.838	8.192	5.652	5.576	5.52	5.206	4.918	4.586	3.91	4.124	3.756	3.08	2.692	1.358	0.784	0.768	0.718	0.668	0.702	0.682	0.652	0.336	0.226	0.052	0.036	0.008	0.008	0.0	0.0	0.0	0.0	0.0	0.0	0.0	0.0	0.0	0.0	0.0	0.0	0.0	0.0	0.0	0.0	0.0	0.0	0.0	0.0	0.0	0.0	0.0	0.0	0.0	0.0	0.0	0.0	0.0	0.0	0.0	0.0	0.0	0.0	0.0	0.0	0.0	0.0	0.0	0.0	0.0	0.0	0.0	0.0	0.0	0.0	0.0	0.0	0.0	
107.406	107.698	113.308	103.09	74.948	74.872	74.454	71.652	68.04	67.76	67.392	49.214	40.366	30.256	26.524	24.534	24.48	21.71	21.23	19.912	19.968	18.644	16.292	9.888	8.484	5.686	5.524	5.532	5.142	5.002	4.368	3.938	3.94	3.81	3.034	2.634	1.198	0.79	0.736	0.72	0.666	0.698	0.608	0.588	0.346	0.246	0.056	0.018	0.034	0.012	0.0	0.0	0.0	0.0	0.0	0.0	0.0	0.0	0.0	0.0	0.0	0.0	0.0	0.0	0.0	0.0	0.0	0.0	0.0	0.0	0.0	0.0	0.0	0.0	0.0	0.0	0.0	0.0	0.0	0.0	0.0	0.0	0.0	0.0	0.0	0.0	0.0	0.0	0.0	0.0	0.0	0.0	0.0	0.0	0.0	0.0	0.0	0.0	0.0	
108.032	106.39	113.458	102.552	74.772	75.182	74.382	71.734	68.166	68.076	67.092	49.12	40.224	29.818	26.512	24.474	24.14	21.704	21.282	20.116	19.812	18.626	16.394	9.78	8.53	5.588	5.608	5.38	5.148	5.092	4.464	4.038	3.884	3.768	3.046	2.756	1.372	0.74	0.674	0.71	0.648	0.664	0.704	0.558	0.302	0.262	0.068	0.05	0.018	0.01	0.002	0.0	0.0	0.0	0.0	0.0	0.0	0.0	0.0	0.0	0.0	0.0	0.0	0.0	0.0	0.0	0.0	0.0	0.0	0.0	0.0	0.0	0.0	0.0	0.0	0.0	0.0	0.0	0.0	0.0	0.0	0.0	0.0	0.0	0.0	0.0	0.0	0.0	0.0	0.0	0.0	0.0	0.0	0.0	0.0	0.0	0.0	0.0	0.0	
107.586	107.942	113.32	103.538	75.736	74.94	74.282	71.564	69.434	68.354	67.686	49.76	40.354	30.05	26.968	24.66	24.034	21.638	20.95	20.446	19.788	18.512	16.83	9.782	8.556	5.644	5.384	5.52	5.252	4.898	4.57	4.046	3.976	3.8	3.044	2.802	1.4	0.698	0.756	0.646	0.668	0.726	0.694	0.618	0.34	0.238	0.076	0.03	0.008	0.004	0.0	0.0	0.0	0.0	0.0	0.0	0.0	0.0	0.0	0.0	0.0	0.0	0.0	0.0	0.0	0.0	0.0	0.0	0.0	0.0	0.0	0.0	0.0	0.0	0.0	0.0	0.0	0.0	0.0	0.0	0.0	0.0	0.0	0.0	0.0	0.0	0.0	0.0	0.0	0.0	0.0	0.0	0.0	0.0	0.0	0.0	0.0	0.0	0.0	
108.232	107.942	114.04	103.248	75.258	74.966	74.894	71.996	68.68	68.05	67.852	49.59	41.074	30.594	26.408	24.634	24.222	21.728	21.592	20.252	19.704	18.56	16.994	10.002	8.572	5.816	5.59	5.332	5.3	5.022	4.534	3.904	3.898	3.956	3.154	2.658	1.366	0.728	0.722	0.75	0.658	0.722	0.648	0.584	0.336	0.232	0.046	0.044	0.02	0.012	0.002	0.0	0.0	0.0	0.0	0.0	0.0	0.0	0.0	0.0	0.0	0.0	0.0	0.0	0.0	0.0	0.0	0.0	0.0	0.0	0.0	0.0	0.0	0.0	0.0	0.0	0.0	0.0	0.0	0.0	0.0	0.0	0.0	0.0	0.0	0.0	0.0	0.0	0.0	0.0	0.0	0.0	0.0	0.0	0.0	0.0	0.0	0.0	0.0	
109.082	108.96	115.344	104.686	76.466	75.218	74.386	72.99	69.008	68.592	68.756	49.858	40.8	30.69	26.72	25.104	24.8	21.928	21.664	20.438	19.884	18.758	16.796	9.734	8.604	5.698	5.632	5.592	5.466	5.014	4.542	4.07	4.098	3.804	3.094	2.706	1.246	0.782	0.726	0.78	0.712	0.608	0.668	0.586	0.352	0.226	0.04	0.032	0.014	0.012	0.002	0.0	0.0	0.0	0.0	0.0	0.0	0.0	0.0	0.0	0.0	0.0	0.0	0.0	0.0	0.0	0.0	0.0	0.0	0.0	0.0	0.0	0.0	0.0	0.0	0.0	0.0	0.0	0.0	0.0	0.0	0.0	0.0	0.0	0.0	0.0	0.0	0.0	0.0	0.0	0.0	0.0	0.0	0.0	0.0	0.0	0.0	0.0	0.0	
109.214	109.764	115.326	104.052	76.628	75.276	75.958	72.866	69.616	68.796	68.352	50.284	41.142	30.586	27.302	24.698	24.56	21.588	21.674	20.116	20.072	18.99	16.908	10.178	8.536	5.824	5.59	5.468	5.282	4.874	4.59	4.118	3.886	3.81	3.148	2.666	1.29	0.74	0.728	0.704	0.67	0.702	0.674	0.568	0.308	0.24	0.056	0.028	0.018	0.008	0.002	0.0	0.0	0.0	0.0	0.0	0.0	0.0	0.0	0.0	0.0	0.0	0.0	0.0	0.0	0.0	0.0	0.0	0.0	0.0	0.0	0.0	0.0	0.0	0.0	0.0	0.0	0.0	0.0	0.0	0.0	0.0	0.0	0.0	0.0	0.0	0.0	0.0	0.0	0.0	0.0	0.0	0.0	0.0	0.0	0.0	0.0	0.0	0.0	
109.738	110.66	116.638	105.846	76.348	76.46	76.11	73.3	70.672	69.478	69.028	50.43	41.742	31.214	27.298	25.114	24.782	21.79	21.484	20.494	20.126	18.868	16.832	10.198	8.612	5.764	5.834	5.586	5.424	5.03	4.59	4.168	3.942	4.028	3.154	2.66	1.31	0.728	0.73	0.758	0.68	0.646	0.666	0.586	0.34	0.278	0.056	0.02	0.016	0.004	0.0	0.0	0.0	0.0	0.0	0.0	0.0	0.0	0.0	0.0	0.0	0.0	0.0	0.0	0.0	0.0	0.0	0.0	0.0	0.0	0.0	0.0	0.0	0.0	0.0	0.0	0.0	0.0	0.0	0.0	0.0	0.0	0.0	0.0	0.0	0.0	0.0	0.0	0.0	0.0	0.0	0.0	0.0	0.0	0.0	0.0	0.0	0.0	0.0	
110.674	110.662	117.428	105.85	77.298	77.092	76.14	73.852	70.004	70.33	69.624	50.576	42.226	30.47	27.176	25.604	24.438	21.888	21.962	20.928	20.264	19.418	17.058	9.85	8.732	5.944	5.772	5.422	5.316	5.088	4.504	4.14	4.098	3.96	3.122	2.734	1.24	0.764	0.76	0.786	0.73	0.656	0.624	0.566	0.378	0.238	0.07	0.038	0.028	0.008	0.002	0.0	0.0	0.0	0.0	0.0	0.0	0.0	0.0	0.0	0.0	0.0	0.0	0.0	0.0	0.0	0.0	0.0	0.0	0.0	0.0	0.0	0.0	0.0	0.0	0.0	0.0	0.0	0.0	0.0	0.0	0.0	0.0	0.0	0.0	0.0	0.0	0.0	0.0	0.0	0.0	0.0	0.0	0.0	0.0	0.0	0.0	0.0	0.0	
111.662	111.196	116.852	107.904	77.522	77.224	76.836	74.502	71.662	70.326	69.63	51.694	41.754	30.794	27.304	25.408	25.004	22.516	21.892	20.644	20.472	19.262	17.412	10.244	8.828	5.856	5.776	5.736	5.432	5.108	4.456	4.18	4.024	3.928	3.21	2.73	1.196	0.752	0.708	0.758	0.686	0.646	0.716	0.624	0.286	0.226	0.054	0.036	0.024	0.004	0.0	0.0	0.0	0.0	0.0	0.0	0.0	0.0	0.0	0.0	0.0	0.0	0.0	0.0	0.0	0.0	0.0	0.0	0.0	0.0	0.0	0.0	0.0	0.0	0.0	0.0	0.0	0.0	0.0	0.0	0.0	0.0	0.0	0.0	0.0	0.0	0.0	0.0	0.0	0.0	0.0	0.0	0.0	0.0	0.0	0.0	0.0	0.0	0.0	
111.778	112.678	117.97	107.342	77.738	78.148	77.058	73.982	71.038	70.826	69.892	51.304	42.674	30.86	28.064	25.256	25.178	22.572	22.298	20.828	20.388	19.536	17.094	10.326	8.864	6.05	5.716	5.55	5.646	5.178	4.512	4.156	4.106	3.982	3.224	2.758	1.388	0.728	0.688	0.736	0.756	0.664	0.718	0.56	0.336	0.24	0.058	0.04	0.012	0.006	0.0	0.0	0.0	0.0	0.0	0.0	0.0	0.0	0.0	0.0	0.0	0.0	0.0	0.0	0.0	0.0	0.0	0.0	0.0	0.0	0.0	0.0	0.0	0.0	0.0	0.0	0.0	0.0	0.0	0.0	0.0	0.0	0.0	0.0	0.0	0.0	0.0	0.0	0.0	0.0	0.0	0.0	0.0	0.0	0.0	0.0	0.0	0.0	0.0	
112.082	112.524	118.426	106.924	78.998	78.026	76.986	75.068	71.534	71.126	70.266	51.608	42.748	31.41	28.202	25.778	25.218	22.662	22.148	20.982	20.67	19.646	17.436	10.186	8.986	5.794	5.712	5.582	5.54	5.076	4.508	4.256	4.16	4.058	3.238	2.838	1.334	0.782	0.764	0.756	0.736	0.71	0.718	0.646	0.36	0.27	0.06	0.034	0.02	0.004	0.0	0.0	0.0	0.0	0.0	0.0	0.0	0.0	0.0	0.0	0.0	0.0	0.0	0.0	0.0	0.0	0.0	0.0	0.0	0.0	0.0	0.0	0.0	0.0	0.0	0.0	0.0	0.0	0.0	0.0	0.0	0.0	0.0	0.0	0.0	0.0	0.0	0.0	0.0	0.0	0.0	0.0	0.0	0.0	0.0	0.0	0.0	0.0	0.0	
113.026	113.28	118.04	107.744	78.284	77.9	77.422	75.282	72.318	71.55	70.98	52.434	42.586	31.38	28.02	25.726	24.898	22.468	22.586	21.23	20.776	19.576	17.274	10.124	8.978	5.946	5.734	5.7	5.256	5.362	4.656	4.13	4.184	4.028	3.238	2.804	1.31	0.722	0.766	0.736	0.656	0.644	0.622	0.638	0.398	0.232	0.07	0.03	0.022	0.012	0.0	0.0	0.0	0.0	0.0	0.0	0.0	0.0	0.0	0.0	0.0	0.0	0.0	0.0	0.0	0.0	0.0	0.0	0.0	0.0	0.0	0.0	0.0	0.0	0.0	0.0	0.0	0.0	0.0	0.0	0.0	0.0	0.0	0.0	0.0	0.0	0.0	0.0	0.0	0.0	0.0	0.0	0.0	0.0	0.0	0.0	0.0	0.0	0.0	
113.008	113.128	118.47	108.548	78.946	78.238	78.39	74.942	72.258	71.892	70.964	52.498	43.136	31.136	27.31	26.058	25.13	22.878	22.736	21.344	21.014	19.558	17.496	10.374	9.024	6.016	5.746	5.672	5.476	5.178	4.694	4.374	4.172	3.97	3.146	2.786	1.286	0.74	0.782	0.746	0.706	0.74	0.626	0.608	0.384	0.242	0.06	0.036	0.02	0.008	0.0	0.0	0.0	0.0	0.0	0.0	0.0	0.0	0.0	0.0	0.0	0.0	0.0	0.0	0.0	0.0	0.0	0.0	0.0	0.0	0.0	0.0	0.0	0.0	0.0	0.0	0.0	0.0	0.0	0.0	0.0	0.0	0.0	0.0	0.0	0.0	0.0	0.0	0.0	0.0	0.0	0.0	0.0	0.0	0.0	0.0	0.0	0.0	0.0	
113.646	113.952	120.332	108.708	79.516	79.396	78.556	75.202	72.484	71.518	71.05	52.28	42.964	31.692	27.918	25.684	24.892	22.806	22.022	20.936	20.534	19.246	17.474	10.366	8.786	6.19	5.878	5.706	5.484	5.35	4.742	4.092	4.122	3.99	3.256	2.732	1.352	0.85	0.682	0.76	0.708	0.704	0.644	0.632	0.36	0.24	0.064	0.04	0.01	0.012	0.006	0.0	0.0	0.0	0.0	0.0	0.0	0.0	0.0	0.0	0.0	0.0	0.0	0.0	0.0	0.0	0.0	0.0	0.0	0.0	0.0	0.0	0.0	0.0	0.0	0.0	0.0	0.0	0.0	0.0	0.0	0.0	0.0	0.0	0.0	0.0	0.0	0.0	0.0	0.0	0.0	0.0	0.0	0.0	0.0	0.0	0.0	0.0	0.0	
113.936	113.662	120.122	108.772	79.756	79.024	78.308	74.898	72.534	70.998	71.196	52.568	42.992	31.56	27.966	25.946	25.59	22.886	22.464	21.636	20.846	19.46	17.338	10.186	8.938	6.186	5.774	5.69	5.53	5.364	4.522	4.238	4.086	4.018	3.12	2.84	1.304	0.784	0.754	0.782	0.698	0.742	0.692	0.606	0.336	0.25	0.078	0.038	0.018	0.014	0.002	0.0	0.0	0.0	0.0	0.0	0.0	0.0	0.0	0.0	0.0	0.0	0.0	0.0	0.0	0.0	0.0	0.0	0.0	0.0	0.0	0.0	0.0	0.0	0.0	0.0	0.0	0.0	0.0	0.0	0.0	0.0	0.0	0.0	0.0	0.0	0.0	0.0	0.0	0.0	0.0	0.0	0.0	0.0	0.0	0.0	0.0	0.0	0.0	
113.708	114.18	119.96	109.418	79.974	79.108	78.286	75.366	72.05	72.418	71.56	52.98	42.986	31.57	28.114	26.088	25.424	23.276	22.496	21.088	20.922	19.504	17.854	10.226	8.73	6.03	6.03	5.578	5.426	5.184	4.874	4.294	4.148	4.014	3.166	2.784	1.486	0.842	0.794	0.72	0.73	0.65	0.688	0.632	0.332	0.248	0.072	0.026	0.02	0.012	0.0	0.0	0.0	0.0	0.0	0.0	0.0	0.0	0.0	0.0	0.0	0.0	0.0	0.0	0.0	0.0	0.0	0.0	0.0	0.0	0.0	0.0	0.0	0.0	0.0	0.0	0.0	0.0	0.0	0.0	0.0	0.0	0.0	0.0	0.0	0.0	0.0	0.0	0.0	0.0	0.0	0.0	0.0	0.0	0.0	0.0	0.0	0.0	0.0	
113.376	112.87	120.096	110.04	78.702	79.234	78.332	75.66	73.17	71.45	71.528	52.32	42.982	31.848	28.294	25.944	25.714	22.874	22.508	21.908	20.962	19.868	17.708	10.194	8.96	6.188	6.038	5.682	5.384	5.384	4.786	4.256	4.054	3.85	3.326	2.788	1.388	0.832	0.728	0.71	0.722	0.736	0.712	0.586	0.392	0.244	0.076	0.022	0.018	0.01	0.0	0.0	0.0	0.0	0.0	0.0	0.0	0.0	0.0	0.0	0.0	0.0	0.0	0.0	0.0	0.0	0.0	0.0	0.0	0.0	0.0	0.0	0.0	0.0	0.0	0.0	0.0	0.0	0.0	0.0	0.0	0.0	0.0	0.0	0.0	0.0	0.0	0.0	0.0	0.0	0.0	0.0	0.0	0.0	0.0	0.0	0.0	0.0	0.0	
114.62	114.358	120.81	109.788	79.704	79.3	78.486	75.962	72.602	72.346	71.84	52.844	43.242	31.75	28.142	26.016	25.724	23.016	22.694	21.526	21.148	19.818	17.808	10.404	8.796	6.15	6.038	5.786	5.458	5.232	4.616	4.226	4.05	3.876	3.244	2.768	1.384	0.772	0.818	0.736	0.718	0.656	0.628	0.526	0.412	0.22	0.044	0.028	0.016	0.014	0.0	0.0	0.0	0.0	0.0	0.0	0.0	0.0	0.0	0.0	0.0	0.0	0.0	0.0	0.0	0.0	0.0	0.0	0.0	0.0	0.0	0.0	0.0	0.0	0.0	0.0	0.0	0.0	0.0	0.0	0.0	0.0	0.0	0.0	0.0	0.0	0.0	0.0	0.0	0.0	0.0	0.0	0.0	0.0	0.0	0.0	0.0	0.0	0.0	
113.954	114.67	121.33	109.822	79.608	80.1	79.27	75.582	72.61	71.834	72.038	52.528	43.262	31.934	28.532	26.222	25.65	22.844	22.398	21.218	20.82	19.542	17.34	10.256	8.938	5.888	5.822	5.77	5.352	5.186	4.71	4.302	4.094	3.968	3.372	2.758	1.4	0.77	0.754	0.732	0.692	0.708	0.686	0.534	0.334	0.228	0.042	0.02	0.026	0.014	0.0	0.0	0.0	0.0	0.0	0.0	0.0	0.0	0.0	0.0	0.0	0.0	0.0	0.0	0.0	0.0	0.0	0.0	0.0	0.0	0.0	0.0	0.0	0.0	0.0	0.0	0.0	0.0	0.0	0.0	0.0	0.0	0.0	0.0	0.0	0.0	0.0	0.0	0.0	0.0	0.0	0.0	0.0	0.0	0.0	0.0	0.0	0.0	0.0	
114.192	114.704	121.09	110.384	80.55	79.612	78.562	75.606	72.776	71.588	70.988	53.284	43.272	32.212	27.794	26.044	25.63	22.58	22.772	21.556	20.79	19.794	17.216	10.228	8.782	6.06	5.904	5.82	5.436	5.336	4.762	4.37	4.056	3.972	3.22	2.792	1.38	0.788	0.73	0.726	0.696	0.73	0.624	0.594	0.338	0.276	0.064	0.024	0.014	0.01	0.0	0.0	0.0	0.0	0.0	0.0	0.0	0.0	0.0	0.0	0.0	0.0	0.0	0.0	0.0	0.0	0.0	0.0	0.0	0.0	0.0	0.0	0.0	0.0	0.0	0.0	0.0	0.0	0.0	0.0	0.0	0.0	0.0	0.0	0.0	0.0	0.0	0.0	0.0	0.0	0.0	0.0	0.0	0.0	0.0	0.0	0.0	0.0	0.0	
114.662	114.912	121.232	109.446	80.198	80.18	78.884	76.038	73.29	72.83	71.602	53.036	42.818	32.29	28.46	26.222	25.666	22.794	22.834	21.266	21.154	19.762	17.644	10.392	9.02	6.066	5.888	5.666	5.376	5.352	4.634	4.082	4.22	3.964	3.224	2.7	1.44	0.802	0.728	0.77	0.778	0.784	0.732	0.638	0.326	0.196	0.06	0.026	0.018	0.012	0.004	0.0	0.0	0.0	0.0	0.0	0.0	0.0	0.0	0.0	0.0	0.0	0.0	0.0	0.0	0.0	0.0	0.0	0.0	0.0	0.0	0.0	0.0	0.0	0.0	0.0	0.0	0.0	0.0	0.0	0.0	0.0	0.0	0.0	0.0	0.0	0.0	0.0	0.0	0.0	0.0	0.0	0.0	0.0	0.0	0.0	0.0	0.0	0.0	
114.73	114.194	121.068	110.684	80.53	79.286	78.816	75.73	73.358	72.486	72.58	52.572	43.35	32.164	28.176	26.114	25.406	23.072	21.87	21.556	21.11	19.948	17.342	10.56	8.932	6.012	5.934	5.804	5.47	5.348	4.702	4.18	3.948	3.898	3.306	2.616	1.324	0.73	0.734	0.72	0.778	0.714	0.736	0.588	0.34	0.21	0.052	0.022	0.012	0.01	0.0	0.0	0.0	0.0	0.0	0.0	0.0	0.0	0.0	0.0	0.0	0.0	0.0	0.0	0.0	0.0	0.0	0.0	0.0	0.0	0.0	0.0	0.0	0.0	0.0	0.0	0.0	0.0	0.0	0.0	0.0	0.0	0.0	0.0	0.0	0.0	0.0	0.0	0.0	0.0	0.0	0.0	0.0	0.0	0.0	0.0	0.0	0.0	0.0	
114.37	114.964	122.024	110.04	79.852	80.208	79.956	75.832	73.076	72.158	72.234	53.308	43.62	31.902	28.482	26.216	25.802	22.738	22.512	21.394	20.942	19.564	17.448	10.332	9.006	6.038	6.024	5.718	5.474	5.282	4.756	4.194	4.1	4.052	3.366	2.676	1.336	0.786	0.746	0.774	0.818	0.66	0.64	0.644	0.344	0.25	0.062	0.032	0.018	0.014	0.0	0.0	0.0	0.0	0.0	0.0	0.0	0.0	0.0	0.0	0.0	0.0	0.0	0.0	0.0	0.0	0.0	0.0	0.0	0.0	0.0	0.0	0.0	0.0	0.0	0.0	0.0	0.0	0.0	0.0	0.0	0.0	0.0	0.0	0.0	0.0	0.0	0.0	0.0	0.0	0.0	0.0	0.0	0.0	0.0	0.0	0.0	0.0	0.0	
114.71	115.528	121.906	110.61	80.256	80.304	78.844	76.406	73.096	73.186	71.928	52.948	43.686	31.982	28.6	26.208	25.438	23.082	22.444	21.34	21.122	19.83	17.402	10.18	9.096	5.964	5.822	5.574	5.454	5.284	4.712	4.132	4.328	3.89	3.238	2.698	1.276	0.788	0.82	0.816	0.694	0.656	0.746	0.56	0.35	0.218	0.058	0.034	0.032	0.014	0.0	0.0	0.0	0.0	0.0	0.0	0.0	0.0	0.0	0.0	0.0	0.0	0.0	0.0	0.0	0.0	0.0	0.0	0.0	0.0	0.0	0.0	0.0	0.0	0.0	0.0	0.0	0.0	0.0	0.0	0.0	0.0	0.0	0.0	0.0	0.0	0.0	0.0	0.0	0.0	0.0	0.0	0.0	0.0	0.0	0.0	0.0	0.0	0.0	
115.008	116.106	122.662	110.524	80.28	79.9	79.206	76.294	72.942	72.484	72.286	52.82	43.76	31.47	28.462	26.196	25.622	22.834	22.504	21.278	20.896	19.64	17.428	10.356	8.828	5.842	5.882	5.666	5.392	5.21	4.78	4.274	4.142	3.918	3.308	2.606	1.348	0.788	0.804	0.672	0.746	0.696	0.674	0.724	0.316	0.252	0.052	0.028	0.022	0.01	0.002	0.0	0.0	0.0	0.0	0.0	0.0	0.0	0.0	0.0	0.0	0.0	0.0	0.0	0.0	0.0	0.0	0.0	0.0	0.0	0.0	0.0	0.0	0.0	0.0	0.0	0.0	0.0	0.0	0.0	0.0	0.0	0.0	0.0	0.0	0.0	0.0	0.0	0.0	0.0	0.0	0.0	0.0	0.0	0.0	0.0	0.0	0.0	0.0	
115.334	114.898	121.558	110.898	79.732	79.928	78.754	76.106	73.33	72.234	71.844	53.66	43.692	32.21	28.114	26.476	25.358	23.006	22.88	21.472	21.544	19.688	17.43	10.4	9.03	6.184	5.974	5.766	5.52	5.142	4.872	4.062	3.976	3.868	3.198	2.688	1.284	0.828	0.77	0.706	0.728	0.694	0.744	0.612	0.36	0.24	0.058	0.048	0.01	0.016	0.0	0.0	0.0	0.0	0.0	0.0	0.0	0.0	0.0	0.0	0.0	0.0	0.0	0.0	0.0	0.0	0.0	0.0	0.0	0.0	0.0	0.0	0.0	0.0	0.0	0.0	0.0	0.0	0.0	0.0	0.0	0.0	0.0	0.0	0.0	0.0	0.0	0.0	0.0	0.0	0.0	0.0	0.0	0.0	0.0	0.0	0.0	0.0	0.0	
115.308	115.242	122.54	110.758	80.94	79.992	80.3	76.606	73.024	73.304	71.864	52.914	42.958	31.682	28.286	25.47	25.412	23.064	22.322	21.304	20.886	19.96	17.336	10.138	8.692	5.876	5.692	5.68	5.416	5.16	4.762	4.132	4.044	3.97	3.248	2.76	1.184	0.82	0.686	0.818	0.666	0.734	0.712	0.59	0.302	0.196	0.064	0.044	0.028	0.012	0.0	0.0	0.0	0.0	0.0	0.0	0.0	0.0	0.0	0.0	0.0	0.0	0.0	0.0	0.0	0.0	0.0	0.0	0.0	0.0	0.0	0.0	0.0	0.0	0.0	0.0	0.0	0.0	0.0	0.0	0.0	0.0	0.0	0.0	0.0	0.0	0.0	0.0	0.0	0.0	0.0	0.0	0.0	0.0	0.0	0.0	0.0	0.0	0.0	
115.38	114.592	123.176	110.94	80.898	79.808	79.91	76.042	72.494	72.522	72.23	52.992	43.602	32.464	28.312	26.512	25.91	23.352	22.688	21.364	21.282	19.576	17.5	10.264	9.014	6.09	5.88	5.804	5.318	5.102	4.69	4.092	4.052	3.996	3.31	2.766	1.348	0.808	0.76	0.778	0.718	0.722	0.696	0.642	0.286	0.23	0.062	0.02	0.016	0.012	0.0	0.0	0.0	0.0	0.0	0.0	0.0	0.0	0.0	0.0	0.0	0.0	0.0	0.0	0.0	0.0	0.0	0.0	0.0	0.0	0.0	0.0	0.0	0.0	0.0	0.0	0.0	0.0	0.0	0.0	0.0	0.0	0.0	0.0	0.0	0.0	0.0	0.0	0.0	0.0	0.0	0.0	0.0	0.0	0.0	0.0	0.0	0.0	0.0	
115.68	114.656	123.634	111.91	80.356	80.634	79.682	76.09	73.638	73.014	72.698	53.948	44.054	32.028	28.488	26.13	26.006	23.194	22.354	21.25	20.884	19.646	17.644	10.39	8.854	5.908	5.822	5.662	5.652	5.238	4.682	4.182	4.052	3.98	3.208	2.752	1.27	0.79	0.748	0.724	0.664	0.698	0.754	0.614	0.348	0.232	0.082	0.02	0.01	0.006	0.002	0.0	0.0	0.0	0.0	0.0	0.0	0.0	0.0	0.0	0.0	0.0	0.0	0.0	0.0	0.0	0.0	0.0	0.0	0.0	0.0	0.0	0.0	0.0	0.0	0.0	0.0	0.0	0.0	0.0	0.0	0.0	0.0	0.0	0.0	0.0	0.0	0.0	0.0	0.0	0.0	0.0	0.0	0.0	0.0	0.0	0.0	0.0	0.0	
