0.01	0.514949494949	1.0198989899	1.52484848485	2.0297979798	2.53474747475	3.0396969697	3.54464646465	4.0495959596	4.55454545455	5.05949494949	5.56444444444	6.06939393939	6.57434343434	7.07929292929	7.58424242424	8.08919191919	8.59414141414	9.09909090909	9.60404040404	10.108989899	10.6139393939	11.1188888889	11.6238383838	12.1287878788	12.6337373737	13.1386868687	13.6436363636	14.1485858586	14.6535353535	15.1584848485	15.6634343434	16.1683838384	16.6733333333	17.1782828283	17.6832323232	18.1881818182	18.6931313131	19.1980808081	19.703030303	20.207979798	20.7129292929	21.2178787879	21.7228282828	22.2277777778	22.7327272727	23.2376767677	23.7426262626	24.2475757576	24.7525252525	25.2574747475	25.7624242424	26.2673737374	26.7723232323	27.2772727273	27.7822222222	28.2871717172	28.7921212121	29.2970707071	29.802020202	30.306969697	30.8119191919	31.3168686869	31.8218181818	32.3267676768	32.8317171717	33.3366666667	33.8416161616	34.3465656566	34.8515151515	35.3564646465	35.8614141414	36.3663636364	36.8713131313	37.3762626263	37.8812121212	38.3861616162	38.8911111111	39.3960606061	39.901010101	40.405959596	40.9109090909	41.4158585859	41.9208080808	42.4257575758	42.9307070707	43.4356565657	43.9406060606	44.4455555556	44.9505050505	45.4554545455	45.9604040404	46.4653535354	46.9703030303	47.4752525253	47.9802020202	48.4851515152	48.9901010101	49.4950505051	50.0	
35.18	36.98	39.08	36.4	26.38	25.36	24.24	24.7	21.22	23.88	22.06	17.32	13.6	8.78	8.6	8.18	7.1	6.56	6.08	6.06	6.16	5.12	5.18	2.42	2.46	1.64	1.18	1.56	1.46	0.98	1.04	0.96	1.0	0.86	0.6	0.8	0.26	0.24	0.22	0.08	0.24	0.12	0.18	0.14	0.06	0.02	0.0	0.0	0.0	0.0	0.0	0.0	0.0	0.0	0.0	0.0	0.0	0.0	0.0	0.0	0.0	0.0	0.0	0.0	0.0	0.0	0.0	0.0	0.0	0.0	0.0	0.0	0.0	0.0	0.0	0.0	0.0	0.0	0.0	0.0	0.0	0.0	0.0	0.0	0.0	0.0	0.0	0.0	0.0	0.0	0.0	0.0	0.0	0.0	0.0	0.0	0.0	0.0	0.0	
34.06	34.64	41.04	36.38	26.52	25.9	24.6	22.02	22.72	22.6	22.34	17.34	13.08	9.24	8.0	7.62	6.96	6.28	5.48	5.44	5.56	5.44	4.2	2.52	1.98	1.46	1.46	1.38	1.0	1.36	1.12	0.88	0.88	1.18	0.88	0.7	0.18	0.1	0.14	0.12	0.14	0.12	0.16	0.08	0.04	0.06	0.0	0.0	0.0	0.0	0.0	0.0	0.0	0.0	0.0	0.0	0.0	0.0	0.0	0.0	0.0	0.0	0.0	0.0	0.0	0.0	0.0	0.0	0.0	0.0	0.0	0.0	0.0	0.0	0.0	0.0	0.0	0.0	0.0	0.0	0.0	0.0	0.0	0.0	0.0	0.0	0.0	0.0	0.0	0.0	0.0	0.0	0.0	0.0	0.0	0.0	0.0	0.0	0.0	
33.0	33.66	38.44	36.3	24.94	25.18	24.12	22.84	21.78	20.9	21.34	15.78	13.14	8.96	8.1	6.84	7.36	6.04	6.18	5.38	5.76	4.88	3.64	2.12	2.24	1.66	1.2	1.36	1.66	1.42	0.9	0.96	0.72	0.9	0.76	0.46	0.34	0.14	0.1	0.18	0.18	0.1	0.24	0.12	0.08	0.08	0.0	0.0	0.02	0.0	0.0	0.0	0.0	0.0	0.0	0.0	0.0	0.0	0.0	0.0	0.0	0.0	0.0	0.0	0.0	0.0	0.0	0.0	0.0	0.0	0.0	0.0	0.0	0.0	0.0	0.0	0.0	0.0	0.0	0.0	0.0	0.0	0.0	0.0	0.0	0.0	0.0	0.0	0.0	0.0	0.0	0.0	0.0	0.0	0.0	0.0	0.0	0.0	0.0	
33.92	32.58	38.66	34.58	22.76	23.58	23.74	22.88	21.2	20.28	20.66	15.02	11.98	8.86	7.24	7.24	6.8	5.68	5.18	5.8	5.52	5.28	4.16	2.34	1.74	1.26	1.56	1.08	1.04	1.48	0.88	1.0	1.08	0.96	0.72	0.72	0.3	0.14	0.14	0.18	0.2	0.16	0.14	0.08	0.1	0.12	0.0	0.0	0.0	0.0	0.0	0.0	0.0	0.0	0.0	0.0	0.0	0.0	0.0	0.0	0.0	0.0	0.0	0.0	0.0	0.0	0.0	0.0	0.0	0.0	0.0	0.0	0.0	0.0	0.0	0.0	0.0	0.0	0.0	0.0	0.0	0.0	0.0	0.0	0.0	0.0	0.0	0.0	0.0	0.0	0.0	0.0	0.0	0.0	0.0	0.0	0.0	0.0	0.0	
31.24	33.54	38.62	32.84	23.6	21.52	22.52	22.02	20.52	21.04	19.9	14.92	13.0	8.24	7.26	6.72	6.4	5.58	5.2	5.2	5.26	4.88	4.38	2.3	1.54	1.42	0.92	1.24	1.24	1.46	0.88	0.62	0.96	0.8	0.86	0.44	0.28	0.14	0.12	0.22	0.1	0.2	0.08	0.16	0.04	0.08	0.02	0.0	0.0	0.0	0.0	0.0	0.0	0.0	0.0	0.0	0.0	0.0	0.0	0.0	0.0	0.0	0.0	0.0	0.0	0.0	0.0	0.0	0.0	0.0	0.0	0.0	0.0	0.0	0.0	0.0	0.0	0.0	0.0	0.0	0.0	0.0	0.0	0.0	0.0	0.0	0.0	0.0	0.0	0.0	0.0	0.0	0.0	0.0	0.0	0.0	0.0	0.0	0.0	
31.48	32.3	36.56	33.1	23.08	22.32	21.58	21.5	21.56	20.0	19.32	14.16	12.7	8.68	7.0	6.66	6.46	5.6	5.62	5.84	5.0	4.42	3.62	2.24	2.24	1.26	1.02	1.02	1.34	1.12	0.94	0.98	0.7	0.66	0.52	0.66	0.28	0.12	0.06	0.1	0.22	0.1	0.16	0.12	0.04	0.02	0.0	0.0	0.0	0.0	0.0	0.0	0.0	0.0	0.0	0.0	0.0	0.0	0.0	0.0	0.0	0.0	0.0	0.0	0.0	0.0	0.0	0.0	0.0	0.0	0.0	0.0	0.0	0.0	0.0	0.0	0.0	0.0	0.0	0.0	0.0	0.0	0.0	0.0	0.0	0.0	0.0	0.0	0.0	0.0	0.0	0.0	0.0	0.0	0.0	0.0	0.0	0.0	0.0	
30.46	30.7	36.62	32.54	24.1	20.74	21.32	21.18	20.68	18.94	18.98	13.92	11.46	8.6	6.78	6.06	6.72	5.74	5.54	4.42	5.38	4.94	4.06	2.0	1.68	1.3	1.5	1.0	1.1	1.22	1.16	0.74	0.78	0.94	0.66	0.58	0.42	0.22	0.16	0.22	0.08	0.14	0.18	0.12	0.04	0.04	0.0	0.0	0.0	0.0	0.0	0.0	0.0	0.0	0.0	0.0	0.0	0.0	0.0	0.0	0.0	0.0	0.0	0.0	0.0	0.0	0.0	0.0	0.0	0.0	0.0	0.0	0.0	0.0	0.0	0.0	0.0	0.0	0.0	0.0	0.0	0.0	0.0	0.0	0.0	0.0	0.0	0.0	0.0	0.0	0.0	0.0	0.0	0.0	0.0	0.0	0.0	0.0	0.0	
29.76	30.4	34.54	32.92	22.1	21.32	21.22	19.54	19.16	18.96	19.12	13.38	11.54	8.18	6.92	5.96	5.98	6.34	5.26	4.8	4.48	4.38	4.2	2.16	2.0	1.24	1.18	0.94	0.96	1.16	0.92	0.74	0.68	0.62	0.7	0.44	0.32	0.2	0.18	0.14	0.12	0.16	0.1	0.06	0.02	0.02	0.0	0.0	0.0	0.02	0.0	0.0	0.0	0.0	0.0	0.0	0.0	0.0	0.0	0.0	0.0	0.0	0.0	0.0	0.0	0.0	0.0	0.0	0.0	0.0	0.0	0.0	0.0	0.0	0.0	0.0	0.0	0.0	0.0	0.0	0.0	0.0	0.0	0.0	0.0	0.0	0.0	0.0	0.0	0.0	0.0	0.0	0.0	0.0	0.0	0.0	0.0	0.0	0.0	
29.52	29.0	33.98	31.34	21.88	21.5	19.5	19.26	18.7	19.2	19.3	14.2	11.3	8.1	7.14	6.66	6.52	5.84	5.32	4.42	4.34	4.48	4.02	2.14	1.48	1.06	1.4	1.22	0.94	1.02	0.74	0.64	0.58	0.62	0.38	0.46	0.2	0.16	0.24	0.1	0.14	0.04	0.18	0.18	0.04	0.04	0.0	0.0	0.0	0.0	0.0	0.0	0.0	0.0	0.0	0.0	0.0	0.0	0.0	0.0	0.0	0.0	0.0	0.0	0.0	0.0	0.0	0.0	0.0	0.0	0.0	0.0	0.0	0.0	0.0	0.0	0.0	0.0	0.0	0.0	0.0	0.0	0.0	0.0	0.0	0.0	0.0	0.0	0.0	0.0	0.0	0.0	0.0	0.0	0.0	0.0	0.0	0.0	0.0	
28.2	31.02	34.14	31.04	19.94	21.66	20.4	19.76	18.2	18.58	18.86	13.2	11.74	7.62	6.76	6.02	5.58	5.46	4.88	4.4	4.6	4.44	3.72	1.8	2.08	1.46	1.74	1.02	1.16	0.78	1.16	0.88	0.66	0.96	0.64	0.6	0.26	0.14	0.16	0.04	0.18	0.06	0.08	0.12	0.02	0.04	0.0	0.0	0.0	0.0	0.0	0.0	0.0	0.0	0.0	0.0	0.0	0.0	0.0	0.0	0.0	0.0	0.0	0.0	0.0	0.0	0.0	0.0	0.0	0.0	0.0	0.0	0.0	0.0	0.0	0.0	0.0	0.0	0.0	0.0	0.0	0.0	0.0	0.0	0.0	0.0	0.0	0.0	0.0	0.0	0.0	0.0	0.0	0.0	0.0	0.0	0.0	0.0	0.0	
29.04	28.64	32.66	30.12	19.78	21.4	19.32	19.24	17.74	17.58	17.22	13.12	12.1	7.58	6.44	6.52	5.4	5.06	5.42	4.34	4.68	4.7	3.96	2.0	1.62	1.34	1.32	1.26	1.06	0.76	0.84	0.84	0.66	0.7	0.58	0.4	0.2	0.16	0.06	0.1	0.1	0.02	0.12	0.02	0.0	0.06	0.0	0.0	0.02	0.0	0.0	0.0	0.0	0.0	0.0	0.0	0.0	0.0	0.0	0.0	0.0	0.0	0.0	0.0	0.0	0.0	0.0	0.0	0.0	0.0	0.0	0.0	0.0	0.0	0.0	0.0	0.0	0.0	0.0	0.0	0.0	0.0	0.0	0.0	0.0	0.0	0.0	0.0	0.0	0.0	0.0	0.0	0.0	0.0	0.0	0.0	0.0	0.0	0.0	
27.68	29.72	32.48	30.88	19.56	19.72	20.92	17.78	17.28	17.72	17.68	13.58	10.9	7.42	6.78	6.1	6.0	4.54	4.7	4.96	4.4	4.42	3.44	2.02	1.3	1.26	1.0	1.02	1.08	1.1	1.04	0.54	0.7	0.46	0.4	0.48	0.16	0.18	0.16	0.14	0.1	0.2	0.12	0.12	0.1	0.04	0.02	0.0	0.0	0.0	0.0	0.0	0.0	0.0	0.0	0.0	0.0	0.0	0.0	0.0	0.0	0.0	0.0	0.0	0.0	0.0	0.0	0.0	0.0	0.0	0.0	0.0	0.0	0.0	0.0	0.0	0.0	0.0	0.0	0.0	0.0	0.0	0.0	0.0	0.0	0.0	0.0	0.0	0.0	0.0	0.0	0.0	0.0	0.0	0.0	0.0	0.0	0.0	0.0	
27.28	28.36	32.12	28.14	20.18	19.32	18.52	17.92	16.94	17.02	16.94	13.14	10.1	7.52	6.3	5.66	5.6	4.64	5.26	3.82	4.26	4.06	4.1	1.98	1.58	0.96	1.24	1.32	0.74	0.72	0.94	0.84	0.78	0.54	0.4	0.56	0.2	0.24	0.04	0.12	0.08	0.1	0.1	0.1	0.04	0.1	0.02	0.0	0.0	0.0	0.0	0.0	0.0	0.0	0.0	0.0	0.0	0.0	0.0	0.0	0.0	0.0	0.0	0.0	0.0	0.0	0.0	0.0	0.0	0.0	0.0	0.0	0.0	0.0	0.0	0.0	0.0	0.0	0.0	0.0	0.0	0.0	0.0	0.0	0.0	0.0	0.0	0.0	0.0	0.0	0.0	0.0	0.0	0.0	0.0	0.0	0.0	0.0	0.0	
28.18	26.28	31.96	28.16	19.34	18.16	19.08	18.34	17.84	16.22	17.16	12.66	11.08	7.34	5.56	5.96	5.52	4.98	4.7	4.58	4.48	4.22	2.98	1.7	1.48	0.98	1.14	1.2	0.96	0.96	0.82	0.6	0.66	0.56	0.64	0.54	0.26	0.14	0.16	0.02	0.04	0.16	0.1	0.12	0.06	0.04	0.0	0.02	0.0	0.0	0.0	0.0	0.0	0.0	0.0	0.0	0.0	0.0	0.0	0.0	0.0	0.0	0.0	0.0	0.0	0.0	0.0	0.0	0.0	0.0	0.0	0.0	0.0	0.0	0.0	0.0	0.0	0.0	0.0	0.0	0.0	0.0	0.0	0.0	0.0	0.0	0.0	0.0	0.0	0.0	0.0	0.0	0.0	0.0	0.0	0.0	0.0	0.0	0.0	
26.78	27.0	31.68	26.52	20.02	18.54	18.48	18.66	15.26	17.74	16.22	11.74	10.2	7.48	6.66	5.8	5.94	4.6	4.44	4.06	4.08	3.82	3.74	2.08	1.12	1.32	1.32	1.12	1.12	1.02	0.74	0.68	0.4	0.48	0.64	0.24	0.3	0.2	0.08	0.16	0.1	0.04	0.04	0.08	0.06	0.06	0.0	0.0	0.0	0.0	0.0	0.0	0.0	0.0	0.0	0.0	0.0	0.0	0.0	0.0	0.0	0.0	0.0	0.0	0.0	0.0	0.0	0.0	0.0	0.0	0.0	0.0	0.0	0.0	0.0	0.0	0.0	0.0	0.0	0.0	0.0	0.0	0.0	0.0	0.0	0.0	0.0	0.0	0.0	0.0	0.0	0.0	0.0	0.0	0.0	0.0	0.0	0.0	0.0	
26.62	27.68	31.08	28.3	19.54	18.84	18.34	16.74	15.74	16.74	17.22	12.74	9.68	6.72	6.0	5.02	5.46	4.64	4.2	4.12	4.5	3.82	2.8	1.86	1.48	1.08	1.16	1.04	1.3	0.84	0.98	0.66	0.7	0.6	0.56	0.5	0.26	0.14	0.12	0.12	0.12	0.1	0.12	0.08	0.04	0.0	0.0	0.02	0.0	0.02	0.0	0.0	0.0	0.0	0.0	0.0	0.0	0.0	0.0	0.0	0.0	0.0	0.0	0.0	0.0	0.0	0.0	0.0	0.0	0.0	0.0	0.0	0.0	0.0	0.0	0.0	0.0	0.0	0.0	0.0	0.0	0.0	0.0	0.0	0.0	0.0	0.0	0.0	0.0	0.0	0.0	0.0	0.0	0.0	0.0	0.0	0.0	0.0	0.0	
26.66	26.04	28.86	27.62	18.98	18.72	18.54	17.48	15.56	15.64	15.3	11.98	9.46	7.0	5.86	4.82	5.7	5.02	4.58	4.44	4.22	3.64	3.36	1.72	1.44	1.0	1.08	1.14	1.06	0.96	0.64	0.52	0.78	0.64	0.42	0.44	0.3	0.12	0.12	0.16	0.1	0.12	0.14	0.04	0.06	0.06	0.02	0.0	0.0	0.0	0.0	0.0	0.0	0.0	0.0	0.0	0.0	0.0	0.0	0.0	0.0	0.0	0.0	0.0	0.0	0.0	0.0	0.0	0.0	0.0	0.0	0.0	0.0	0.0	0.0	0.0	0.0	0.0	0.0	0.0	0.0	0.0	0.0	0.0	0.0	0.0	0.0	0.0	0.0	0.0	0.0	0.0	0.0	0.0	0.0	0.0	0.0	0.0	0.0	
24.32	25.04	29.48	27.0	18.02	17.3	16.78	17.56	15.68	15.74	14.92	12.14	9.22	6.92	6.06	5.48	5.24	4.7	4.14	4.24	4.2	3.44	3.04	1.5	1.22	1.2	0.98	0.88	0.9	0.9	0.68	0.72	0.56	0.72	0.62	0.36	0.24	0.06	0.06	0.18	0.06	0.14	0.14	0.04	0.02	0.02	0.0	0.0	0.0	0.0	0.0	0.0	0.0	0.0	0.0	0.0	0.0	0.0	0.0	0.0	0.0	0.0	0.0	0.0	0.0	0.0	0.0	0.0	0.0	0.0	0.0	0.0	0.0	0.0	0.0	0.0	0.0	0.0	0.0	0.0	0.0	0.0	0.0	0.0	0.0	0.0	0.0	0.0	0.0	0.0	0.0	0.0	0.0	0.0	0.0	0.0	0.0	0.0	0.0	
25.48	24.96	30.02	25.66	18.26	17.48	17.76	17.5	14.74	16.16	15.94	11.66	9.84	6.64	5.44	5.28	5.14	4.84	3.94	4.4	4.28	3.32	3.18	1.7	1.76	0.92	1.16	0.9	1.12	0.9	0.74	0.84	0.7	0.62	0.48	0.5	0.18	0.08	0.02	0.14	0.08	0.1	0.1	0.1	0.12	0.04	0.0	0.0	0.0	0.02	0.0	0.0	0.0	0.0	0.0	0.0	0.0	0.0	0.0	0.0	0.0	0.0	0.0	0.0	0.0	0.0	0.0	0.0	0.0	0.0	0.0	0.0	0.0	0.0	0.0	0.0	0.0	0.0	0.0	0.0	0.0	0.0	0.0	0.0	0.0	0.0	0.0	0.0	0.0	0.0	0.0	0.0	0.0	0.0	0.0	0.0	0.0	0.0	0.0	
26.68	24.88	28.6	26.14	18.22	17.1	16.88	15.56	14.82	15.5	14.5	11.38	9.52	6.38	5.56	4.84	5.1	4.4	4.3	4.5	4.1	2.98	3.5	1.58	1.66	1.08	1.04	1.04	1.06	0.88	1.02	0.72	0.46	0.58	0.4	0.52	0.28	0.08	0.1	0.1	0.14	0.14	0.14	0.14	0.06	0.02	0.0	0.0	0.0	0.0	0.0	0.0	0.0	0.0	0.0	0.0	0.0	0.0	0.0	0.0	0.0	0.0	0.0	0.0	0.0	0.0	0.0	0.0	0.0	0.0	0.0	0.0	0.0	0.0	0.0	0.0	0.0	0.0	0.0	0.0	0.0	0.0	0.0	0.0	0.0	0.0	0.0	0.0	0.0	0.0	0.0	0.0	0.0	0.0	0.0	0.0	0.0	0.0	0.0	
23.9	24.16	28.04	25.76	18.12	17.26	16.58	16.28	14.88	15.2	15.16	11.74	9.3	6.68	5.32	4.96	4.96	3.84	4.28	4.06	4.12	3.36	2.96	1.72	1.62	1.3	1.32	0.92	0.96	1.1	0.88	0.64	0.64	0.44	0.4	0.24	0.18	0.06	0.16	0.12	0.14	0.2	0.1	0.04	0.02	0.1	0.0	0.0	0.02	0.0	0.0	0.0	0.0	0.0	0.0	0.0	0.0	0.0	0.0	0.0	0.0	0.0	0.0	0.0	0.0	0.0	0.0	0.0	0.0	0.0	0.0	0.0	0.0	0.0	0.0	0.0	0.0	0.0	0.0	0.0	0.0	0.0	0.0	0.0	0.0	0.0	0.0	0.0	0.0	0.0	0.0	0.0	0.0	0.0	0.0	0.0	0.0	0.0	0.0	
23.8	23.48	28.28	24.84	17.84	16.84	17.26	15.28	16.3	13.94	14.84	10.86	9.32	7.18	5.2	5.0	4.58	4.18	4.28	3.3	2.92	3.3	3.34	1.5	1.7	0.96	0.88	0.9	1.18	0.72	0.66	0.46	0.42	0.4	0.48	0.42	0.16	0.14	0.06	0.16	0.16	0.12	0.1	0.02	0.06	0.02	0.02	0.0	0.02	0.0	0.0	0.0	0.0	0.0	0.0	0.0	0.0	0.0	0.0	0.0	0.0	0.0	0.0	0.0	0.0	0.0	0.0	0.0	0.0	0.0	0.0	0.0	0.0	0.0	0.0	0.0	0.0	0.0	0.0	0.0	0.0	0.0	0.0	0.0	0.0	0.0	0.0	0.0	0.0	0.0	0.0	0.0	0.0	0.0	0.0	0.0	0.0	0.0	0.0	
22.46	24.42	29.52	24.46	17.76	16.3	17.16	15.46	14.48	14.72	14.16	10.7	8.78	5.98	5.2	4.78	5.02	4.32	3.88	3.98	3.6	3.36	2.32	1.46	1.34	0.88	1.0	0.94	0.92	0.9	0.74	0.74	0.54	0.6	0.54	0.42	0.22	0.06	0.16	0.14	0.1	0.08	0.1	0.06	0.06	0.02	0.0	0.0	0.0	0.0	0.0	0.0	0.0	0.0	0.0	0.0	0.0	0.0	0.0	0.0	0.0	0.0	0.0	0.0	0.0	0.0	0.0	0.0	0.0	0.0	0.0	0.0	0.0	0.0	0.0	0.0	0.0	0.0	0.0	0.0	0.0	0.0	0.0	0.0	0.0	0.0	0.0	0.0	0.0	0.0	0.0	0.0	0.0	0.0	0.0	0.0	0.0	0.0	0.0	
21.92	23.2	26.82	24.88	17.38	16.1	15.5	15.02	14.62	14.9	14.42	11.5	8.84	6.34	5.76	5.04	4.48	4.04	3.78	3.48	3.86	4.06	3.52	1.7	1.34	1.0	0.92	0.88	0.94	0.78	0.86	0.64	0.64	0.58	0.44	0.3	0.04	0.18	0.12	0.18	0.06	0.04	0.06	0.02	0.04	0.08	0.0	0.0	0.0	0.0	0.0	0.0	0.0	0.0	0.0	0.0	0.0	0.0	0.0	0.0	0.0	0.0	0.0	0.0	0.0	0.0	0.0	0.0	0.0	0.0	0.0	0.0	0.0	0.0	0.0	0.0	0.0	0.0	0.0	0.0	0.0	0.0	0.0	0.0	0.0	0.0	0.0	0.0	0.0	0.0	0.0	0.0	0.0	0.0	0.0	0.0	0.0	0.0	0.0	
22.16	23.16	28.08	23.46	16.18	17.42	15.26	14.76	14.4	14.78	14.32	11.02	8.6	5.76	5.28	4.6	4.56	3.86	3.48	3.38	3.84	3.76	3.1	1.68	1.42	1.06	0.9	0.88	0.92	0.94	0.54	0.52	0.64	0.5	0.36	0.28	0.22	0.12	0.1	0.04	0.08	0.06	0.1	0.18	0.08	0.0	0.02	0.0	0.0	0.0	0.0	0.0	0.0	0.0	0.0	0.0	0.0	0.0	0.0	0.0	0.0	0.0	0.0	0.0	0.0	0.0	0.0	0.0	0.0	0.0	0.0	0.0	0.0	0.0	0.0	0.0	0.0	0.0	0.0	0.0	0.0	0.0	0.0	0.0	0.0	0.0	0.0	0.0	0.0	0.0	0.0	0.0	0.0	0.0	0.0	0.0	0.0	0.0	0.0	
22.26	23.6	27.14	24.12	16.96	15.6	14.84	14.08	14.44	13.98	13.92	10.42	8.64	6.14	4.72	4.8	4.08	3.8	4.04	3.78	3.52	2.84	2.86	1.6	1.5	0.9	0.86	0.72	0.68	0.76	0.68	0.68	0.46	0.68	0.28	0.38	0.04	0.2	0.04	0.08	0.06	0.06	0.16	0.1	0.1	0.02	0.0	0.0	0.0	0.0	0.0	0.0	0.0	0.0	0.0	0.0	0.0	0.0	0.0	0.0	0.0	0.0	0.0	0.0	0.0	0.0	0.0	0.0	0.0	0.0	0.0	0.0	0.0	0.0	0.0	0.0	0.0	0.0	0.0	0.0	0.0	0.0	0.0	0.0	0.0	0.0	0.0	0.0	0.0	0.0	0.0	0.0	0.0	0.0	0.0	0.0	0.0	0.0	0.0	
21.54	22.6	25.82	23.34	16.86	15.78	15.06	15.04	14.62	13.66	15.26	10.54	8.38	6.0	5.2	4.54	4.62	4.42	3.58	3.3	3.28	2.74	2.6	1.7	1.48	0.94	0.88	0.94	0.86	0.72	0.68	0.66	0.5	0.5	0.3	0.3	0.18	0.02	0.1	0.08	0.08	0.06	0.1	0.1	0.02	0.06	0.0	0.0	0.0	0.0	0.0	0.0	0.0	0.0	0.0	0.0	0.0	0.0	0.0	0.0	0.0	0.0	0.0	0.0	0.0	0.0	0.0	0.0	0.0	0.0	0.0	0.0	0.0	0.0	0.0	0.0	0.0	0.0	0.0	0.0	0.0	0.0	0.0	0.0	0.0	0.0	0.0	0.0	0.0	0.0	0.0	0.0	0.0	0.0	0.0	0.0	0.0	0.0	0.0	
23.74	22.82	24.72	22.32	15.84	16.22	14.4	14.74	12.98	14.12	14.06	9.58	8.32	5.5	4.5	4.72	3.84	3.94	3.54	3.66	3.8	2.88	3.08	1.68	1.48	0.96	1.04	0.9	0.86	0.66	0.48	0.54	0.42	0.7	0.5	0.42	0.22	0.08	0.06	0.12	0.12	0.12	0.08	0.04	0.02	0.0	0.0	0.0	0.0	0.0	0.0	0.0	0.0	0.0	0.0	0.0	0.0	0.0	0.0	0.0	0.0	0.0	0.0	0.0	0.0	0.0	0.0	0.0	0.0	0.0	0.0	0.0	0.0	0.0	0.0	0.0	0.0	0.0	0.0	0.0	0.0	0.0	0.0	0.0	0.0	0.0	0.0	0.0	0.0	0.0	0.0	0.0	0.0	0.0	0.0	0.0	0.0	0.0	0.0	
21.1	20.8	24.86	22.86	16.44	15.3	15.36	14.78	13.78	13.62	12.48	10.44	7.7	5.92	4.62	4.16	3.94	3.94	3.82	3.26	3.48	3.16	2.84	1.5	1.44	0.92	0.62	0.9	1.3	0.76	0.56	0.48	0.3	0.44	0.32	0.3	0.22	0.06	0.08	0.12	0.06	0.12	0.04	0.06	0.02	0.02	0.0	0.02	0.0	0.0	0.0	0.0	0.0	0.0	0.0	0.0	0.0	0.0	0.0	0.0	0.0	0.0	0.0	0.0	0.0	0.0	0.0	0.0	0.0	0.0	0.0	0.0	0.0	0.0	0.0	0.0	0.0	0.0	0.0	0.0	0.0	0.0	0.0	0.0	0.0	0.0	0.0	0.0	0.0	0.0	0.0	0.0	0.0	0.0	0.0	0.0	0.0	0.0	0.0	
21.64	21.88	24.06	22.14	15.48	15.22	15.08	14.2	13.68	14.02	13.02	9.96	7.98	5.56	5.08	4.36	3.88	3.22	3.52	3.6	3.42	2.96	2.68	1.34	1.52	0.72	0.9	0.9	0.8	0.48	0.58	0.7	0.46	0.58	0.32	0.26	0.14	0.14	0.08	0.1	0.04	0.06	0.08	0.08	0.08	0.1	0.0	0.0	0.0	0.0	0.0	0.0	0.0	0.0	0.0	0.0	0.0	0.0	0.0	0.0	0.0	0.0	0.0	0.0	0.0	0.0	0.0	0.0	0.0	0.0	0.0	0.0	0.0	0.0	0.0	0.0	0.0	0.0	0.0	0.0	0.0	0.0	0.0	0.0	0.0	0.0	0.0	0.0	0.0	0.0	0.0	0.0	0.0	0.0	0.0	0.0	0.0	0.0	0.0	
20.46	20.48	25.36	23.48	14.8	14.88	14.08	14.48	13.0	13.08	12.96	10.14	7.9	5.56	4.24	4.02	4.12	3.82	3.46	3.16	3.32	3.0	2.6	1.54	1.3	0.96	0.92	0.78	0.78	0.74	0.68	0.48	0.6	0.48	0.42	0.34	0.16	0.08	0.04	0.08	0.12	0.1	0.04	0.1	0.02	0.06	0.02	0.0	0.0	0.0	0.0	0.0	0.0	0.0	0.0	0.0	0.0	0.0	0.0	0.0	0.0	0.0	0.0	0.0	0.0	0.0	0.0	0.0	0.0	0.0	0.0	0.0	0.0	0.0	0.0	0.0	0.0	0.0	0.0	0.0	0.0	0.0	0.0	0.0	0.0	0.0	0.0	0.0	0.0	0.0	0.0	0.0	0.0	0.0	0.0	0.0	0.0	0.0	0.0	
21.34	19.66	24.94	20.74	14.82	13.76	14.5	14.48	14.26	13.3	13.12	8.98	7.9	5.5	5.06	4.32	3.92	3.26	3.2	2.9	3.64	3.1	2.6	1.2	0.92	0.9	0.6	0.86	0.56	0.66	0.72	0.5	0.52	0.58	0.3	0.38	0.2	0.1	0.06	0.14	0.1	0.06	0.08	0.08	0.02	0.0	0.0	0.0	0.0	0.0	0.0	0.0	0.0	0.0	0.0	0.0	0.0	0.0	0.0	0.0	0.0	0.0	0.0	0.0	0.0	0.0	0.0	0.0	0.0	0.0	0.0	0.0	0.0	0.0	0.0	0.0	0.0	0.0	0.0	0.0	0.0	0.0	0.0	0.0	0.0	0.0	0.0	0.0	0.0	0.0	0.0	0.0	0.0	0.0	0.0	0.0	0.0	0.0	0.0	
20.44	21.26	24.56	21.98	14.98	14.6	14.36	14.1	13.82	13.64	11.9	9.76	7.7	5.4	4.94	3.84	4.22	3.88	3.28	3.34	3.3	2.9	2.86	1.54	1.28	0.9	0.84	0.74	0.58	0.68	0.78	0.42	0.36	0.4	0.46	0.24	0.16	0.04	0.1	0.04	0.04	0.1	0.12	0.06	0.02	0.02	0.0	0.0	0.0	0.0	0.0	0.0	0.0	0.0	0.0	0.0	0.0	0.0	0.0	0.0	0.0	0.0	0.0	0.0	0.0	0.0	0.0	0.0	0.0	0.0	0.0	0.0	0.0	0.0	0.0	0.0	0.0	0.0	0.0	0.0	0.0	0.0	0.0	0.0	0.0	0.0	0.0	0.0	0.0	0.0	0.0	0.0	0.0	0.0	0.0	0.0	0.0	0.0	0.0	
19.48	20.3	23.32	21.28	15.0	14.5	14.26	14.34	12.22	13.06	12.58	9.4	8.08	5.16	4.74	4.02	4.3	3.28	3.44	3.54	3.02	2.66	2.42	1.28	1.04	1.16	0.78	0.84	0.66	0.92	0.48	0.46	0.52	0.46	0.38	0.3	0.2	0.22	0.12	0.06	0.06	0.1	0.06	0.08	0.06	0.0	0.0	0.0	0.0	0.0	0.0	0.0	0.0	0.0	0.0	0.0	0.0	0.0	0.0	0.0	0.0	0.0	0.0	0.0	0.0	0.0	0.0	0.0	0.0	0.0	0.0	0.0	0.0	0.0	0.0	0.0	0.0	0.0	0.0	0.0	0.0	0.0	0.0	0.0	0.0	0.0	0.0	0.0	0.0	0.0	0.0	0.0	0.0	0.0	0.0	0.0	0.0	0.0	0.0	
20.14	20.28	23.52	19.92	14.96	14.36	13.84	13.12	12.52	12.58	12.94	8.84	7.56	5.56	4.84	3.8	4.58	3.34	3.42	3.24	3.16	2.76	2.74	1.46	1.02	0.58	0.9	0.76	0.92	0.68	0.54	0.46	0.52	0.28	0.44	0.4	0.06	0.12	0.08	0.08	0.06	0.1	0.12	0.04	0.0	0.06	0.0	0.0	0.0	0.0	0.0	0.0	0.0	0.0	0.0	0.0	0.0	0.0	0.0	0.0	0.0	0.0	0.0	0.0	0.0	0.0	0.0	0.0	0.0	0.0	0.0	0.0	0.0	0.0	0.0	0.0	0.0	0.0	0.0	0.0	0.0	0.0	0.0	0.0	0.0	0.0	0.0	0.0	0.0	0.0	0.0	0.0	0.0	0.0	0.0	0.0	0.0	0.0	0.0	
19.58	20.42	23.24	20.04	14.42	14.02	14.3	13.26	12.62	12.4	12.6	9.36	7.58	5.3	4.52	4.02	4.2	3.64	4.04	3.54	3.3	2.52	2.6	1.42	1.1	0.94	0.92	1.1	0.64	0.78	0.6	0.62	0.54	0.32	0.32	0.38	0.18	0.04	0.16	0.12	0.04	0.08	0.02	0.02	0.02	0.1	0.0	0.0	0.0	0.0	0.0	0.0	0.0	0.0	0.0	0.0	0.0	0.0	0.0	0.0	0.0	0.0	0.0	0.0	0.0	0.0	0.0	0.0	0.0	0.0	0.0	0.0	0.0	0.0	0.0	0.0	0.0	0.0	0.0	0.0	0.0	0.0	0.0	0.0	0.0	0.0	0.0	0.0	0.0	0.0	0.0	0.0	0.0	0.0	0.0	0.0	0.0	0.0	0.0	
18.78	19.22	23.1	20.04	14.68	14.76	13.52	12.98	11.38	12.6	12.7	8.7	8.0	5.18	4.72	3.88	3.66	2.98	3.1	3.66	3.06	3.08	2.42	1.56	1.22	0.68	0.62	0.66	0.78	0.56	0.52	0.3	0.54	0.52	0.2	0.32	0.1	0.04	0.04	0.06	0.06	0.08	0.12	0.06	0.04	0.0	0.0	0.0	0.02	0.0	0.0	0.0	0.0	0.0	0.0	0.0	0.0	0.0	0.0	0.0	0.0	0.0	0.0	0.0	0.0	0.0	0.0	0.0	0.0	0.0	0.0	0.0	0.0	0.0	0.0	0.0	0.0	0.0	0.0	0.0	0.0	0.0	0.0	0.0	0.0	0.0	0.0	0.0	0.0	0.0	0.0	0.0	0.0	0.0	0.0	0.0	0.0	0.0	0.0	
19.44	19.08	21.82	20.34	14.1	13.78	14.0	12.76	11.86	12.54	13.06	8.34	7.36	5.54	4.08	4.04	3.88	3.32	3.24	2.84	2.86	3.32	2.38	1.46	1.06	0.7	0.8	0.86	0.82	0.56	0.7	0.28	0.54	0.48	0.26	0.34	0.28	0.04	0.04	0.04	0.06	0.06	0.0	0.16	0.06	0.04	0.02	0.0	0.0	0.0	0.0	0.0	0.0	0.0	0.0	0.0	0.0	0.0	0.0	0.0	0.0	0.0	0.0	0.0	0.0	0.0	0.0	0.0	0.0	0.0	0.0	0.0	0.0	0.0	0.0	0.0	0.0	0.0	0.0	0.0	0.0	0.0	0.0	0.0	0.0	0.0	0.0	0.0	0.0	0.0	0.0	0.0	0.0	0.0	0.0	0.0	0.0	0.0	0.0	
18.98	19.74	22.12	21.5	14.64	13.26	13.14	11.4	11.66	12.48	12.34	9.2	7.58	4.84	4.12	3.8	3.68	2.82	2.84	3.1	2.94	2.42	2.12	1.22	0.9	0.92	0.84	0.8	0.62	0.66	0.72	0.48	0.36	0.42	0.34	0.28	0.22	0.04	0.06	0.1	0.08	0.06	0.06	0.0	0.1	0.04	0.0	0.0	0.0	0.0	0.0	0.0	0.0	0.0	0.0	0.0	0.0	0.0	0.0	0.0	0.0	0.0	0.0	0.0	0.0	0.0	0.0	0.0	0.0	0.0	0.0	0.0	0.0	0.0	0.0	0.0	0.0	0.0	0.0	0.0	0.0	0.0	0.0	0.0	0.0	0.0	0.0	0.0	0.0	0.0	0.0	0.0	0.0	0.0	0.0	0.0	0.0	0.0	0.0	
19.62	18.72	22.12	20.82	13.38	13.8	11.88	14.06	12.76	11.64	12.32	8.66	7.16	5.62	4.16	3.8	3.68	3.22	3.2	3.18	2.72	2.4	2.22	1.16	1.1	0.84	0.7	0.68	0.64	0.44	0.54	0.36	0.56	0.36	0.22	0.36	0.2	0.1	0.08	0.14	0.06	0.04	0.06	0.04	0.0	0.04	0.04	0.0	0.0	0.0	0.0	0.0	0.0	0.0	0.0	0.0	0.0	0.0	0.0	0.0	0.0	0.0	0.0	0.0	0.0	0.0	0.0	0.0	0.0	0.0	0.0	0.0	0.0	0.0	0.0	0.0	0.0	0.0	0.0	0.0	0.0	0.0	0.0	0.0	0.0	0.0	0.0	0.0	0.0	0.0	0.0	0.0	0.0	0.0	0.0	0.0	0.0	0.0	0.0	
18.9	18.2	21.0	19.62	13.76	13.1	13.52	12.34	11.7	11.14	11.56	8.48	7.5	4.74	4.04	3.92	3.56	2.78	2.84	3.28	2.96	2.56	2.42	1.2	1.16	0.76	0.54	0.8	0.56	0.58	0.64	0.42	0.34	0.48	0.36	0.24	0.04	0.1	0.06	0.14	0.1	0.06	0.08	0.02	0.04	0.02	0.02	0.0	0.0	0.0	0.0	0.0	0.0	0.0	0.0	0.0	0.0	0.0	0.0	0.0	0.0	0.0	0.0	0.0	0.0	0.0	0.0	0.0	0.0	0.0	0.0	0.0	0.0	0.0	0.0	0.0	0.0	0.0	0.0	0.0	0.0	0.0	0.0	0.0	0.0	0.0	0.0	0.0	0.0	0.0	0.0	0.0	0.0	0.0	0.0	0.0	0.0	0.0	0.0	
18.1	18.24	21.64	19.48	13.2	12.48	12.72	12.58	12.64	11.72	11.68	9.1	7.42	5.14	4.56	3.52	3.38	3.56	3.02	2.88	2.82	2.7	2.54	1.0	1.04	0.66	0.6	0.86	0.7	0.64	0.76	0.4	0.42	0.38	0.28	0.38	0.14	0.02	0.08	0.08	0.14	0.02	0.04	0.06	0.0	0.0	0.02	0.0	0.0	0.0	0.0	0.0	0.0	0.0	0.0	0.0	0.0	0.0	0.0	0.0	0.0	0.0	0.0	0.0	0.0	0.0	0.0	0.0	0.0	0.0	0.0	0.0	0.0	0.0	0.0	0.0	0.0	0.0	0.0	0.0	0.0	0.0	0.0	0.0	0.0	0.0	0.0	0.0	0.0	0.0	0.0	0.0	0.0	0.0	0.0	0.0	0.0	0.0	0.0	
18.62	18.66	20.14	19.2	12.56	13.02	12.88	12.48	11.0	11.36	10.82	8.48	6.96	4.78	4.24	3.68	3.34	3.08	3.1	2.88	2.8	2.72	2.44	1.2	1.36	0.52	0.68	0.72	0.86	0.64	0.38	0.44	0.38	0.44	0.3	0.22	0.1	0.06	0.04	0.1	0.04	0.1	0.02	0.08	0.02	0.02	0.0	0.0	0.0	0.0	0.0	0.0	0.0	0.0	0.0	0.0	0.0	0.0	0.0	0.0	0.0	0.0	0.0	0.0	0.0	0.0	0.0	0.0	0.0	0.0	0.0	0.0	0.0	0.0	0.0	0.0	0.0	0.0	0.0	0.0	0.0	0.0	0.0	0.0	0.0	0.0	0.0	0.0	0.0	0.0	0.0	0.0	0.0	0.0	0.0	0.0	0.0	0.0	0.0	
17.92	18.78	21.84	19.16	13.4	13.06	12.7	11.96	10.9	10.98	11.2	8.54	7.06	4.58	4.2	3.54	3.3	2.78	2.64	2.68	3.2	2.88	2.12	1.26	1.06	0.54	0.72	0.7	0.86	0.6	0.7	0.42	0.46	0.5	0.24	0.38	0.1	0.02	0.08	0.0	0.02	0.12	0.06	0.08	0.0	0.02	0.0	0.0	0.0	0.0	0.0	0.0	0.0	0.0	0.0	0.0	0.0	0.0	0.0	0.0	0.0	0.0	0.0	0.0	0.0	0.0	0.0	0.0	0.0	0.0	0.0	0.0	0.0	0.0	0.0	0.0	0.0	0.0	0.0	0.0	0.0	0.0	0.0	0.0	0.0	0.0	0.0	0.0	0.0	0.0	0.0	0.0	0.0	0.0	0.0	0.0	0.0	0.0	0.0	
17.96	17.86	20.12	18.64	12.68	12.8	12.5	12.76	12.08	11.08	11.22	8.24	7.16	4.28	3.88	3.86	3.62	2.98	2.7	3.0	2.96	2.44	2.2	1.14	1.18	0.68	0.68	0.84	0.7	0.7	0.64	0.4	0.42	0.38	0.22	0.22	0.1	0.08	0.08	0.06	0.14	0.06	0.02	0.06	0.1	0.02	0.0	0.0	0.0	0.0	0.0	0.0	0.0	0.0	0.0	0.0	0.0	0.0	0.0	0.0	0.0	0.0	0.0	0.0	0.0	0.0	0.0	0.0	0.0	0.0	0.0	0.0	0.0	0.0	0.0	0.0	0.0	0.0	0.0	0.0	0.0	0.0	0.0	0.0	0.0	0.0	0.0	0.0	0.0	0.0	0.0	0.0	0.0	0.0	0.0	0.0	0.0	0.0	0.0	
17.26	17.66	20.1	19.64	12.94	13.46	12.66	10.96	11.16	11.6	10.62	8.18	6.58	4.12	3.66	3.46	3.52	2.78	3.14	2.98	2.6	2.14	2.48	1.08	1.16	0.98	0.68	0.84	0.68	0.56	0.64	0.46	0.4	0.36	0.26	0.18	0.1	0.02	0.08	0.06	0.04	0.02	0.02	0.08	0.04	0.0	0.0	0.0	0.02	0.0	0.0	0.0	0.0	0.0	0.0	0.0	0.0	0.0	0.0	0.0	0.0	0.0	0.0	0.0	0.0	0.0	0.0	0.0	0.0	0.0	0.0	0.0	0.0	0.0	0.0	0.0	0.0	0.0	0.0	0.0	0.0	0.0	0.0	0.0	0.0	0.0	0.0	0.0	0.0	0.0	0.0	0.0	0.0	0.0	0.0	0.0	0.0	0.0	0.0	
17.34	17.98	21.1	18.14	13.14	12.58	12.26	10.62	11.32	10.92	10.68	7.66	7.22	4.22	3.88	3.42	3.32	2.9	2.16	2.8	2.64	2.42	2.08	1.06	1.2	0.74	0.7	0.86	0.66	0.64	0.44	0.46	0.32	0.42	0.4	0.34	0.14	0.12	0.1	0.04	0.16	0.02	0.04	0.02	0.12	0.0	0.0	0.0	0.0	0.02	0.0	0.0	0.0	0.0	0.0	0.0	0.0	0.0	0.0	0.0	0.0	0.0	0.0	0.0	0.0	0.0	0.0	0.0	0.0	0.0	0.0	0.0	0.0	0.0	0.0	0.0	0.0	0.0	0.0	0.0	0.0	0.0	0.0	0.0	0.0	0.0	0.0	0.0	0.0	0.0	0.0	0.0	0.0	0.0	0.0	0.0	0.0	0.0	0.0	
16.7	17.58	20.08	18.14	12.36	12.46	12.46	11.4	10.2	11.34	10.86	7.9	6.12	4.36	3.88	3.04	3.24	2.78	3.12	2.3	2.52	2.42	1.88	1.1	1.14	0.82	0.6	0.64	0.74	0.78	0.56	0.48	0.54	0.38	0.5	0.32	0.08	0.1	0.08	0.1	0.14	0.1	0.04	0.08	0.04	0.02	0.0	0.02	0.0	0.0	0.02	0.0	0.0	0.0	0.0	0.0	0.0	0.0	0.0	0.0	0.0	0.0	0.0	0.0	0.0	0.0	0.0	0.0	0.0	0.0	0.0	0.0	0.0	0.0	0.0	0.0	0.0	0.0	0.0	0.0	0.0	0.0	0.0	0.0	0.0	0.0	0.0	0.0	0.0	0.0	0.0	0.0	0.0	0.0	0.0	0.0	0.0	0.0	0.0	
16.1	17.4	20.16	17.84	12.48	12.2	11.28	11.68	10.06	10.36	11.76	7.68	6.28	5.02	3.98	3.16	2.78	2.96	3.02	2.94	2.9	2.84	2.06	1.0	0.88	0.74	0.8	0.68	0.54	0.62	0.22	0.34	0.3	0.28	0.3	0.22	0.08	0.02	0.06	0.04	0.02	0.0	0.02	0.06	0.06	0.0	0.0	0.0	0.0	0.0	0.0	0.0	0.0	0.0	0.0	0.0	0.0	0.0	0.0	0.0	0.0	0.0	0.0	0.0	0.0	0.0	0.0	0.0	0.0	0.0	0.0	0.0	0.0	0.0	0.0	0.0	0.0	0.0	0.0	0.0	0.0	0.0	0.0	0.0	0.0	0.0	0.0	0.0	0.0	0.0	0.0	0.0	0.0	0.0	0.0	0.0	0.0	0.0	0.0	
17.72	18.18	20.22	18.3	12.4	13.56	10.82	11.36	10.58	10.92	10.44	7.32	6.22	4.52	3.7	3.8	3.42	3.06	2.32	2.74	2.44	2.2	2.34	1.36	1.18	0.7	0.56	0.84	0.6	0.46	0.56	0.36	0.32	0.36	0.28	0.12	0.16	0.06	0.02	0.12	0.14	0.04	0.14	0.08	0.02	0.04	0.0	0.0	0.0	0.0	0.0	0.0	0.0	0.0	0.0	0.0	0.0	0.0	0.0	0.0	0.0	0.0	0.0	0.0	0.0	0.0	0.0	0.0	0.0	0.0	0.0	0.0	0.0	0.0	0.0	0.0	0.0	0.0	0.0	0.0	0.0	0.0	0.0	0.0	0.0	0.0	0.0	0.0	0.0	0.0	0.0	0.0	0.0	0.0	0.0	0.0	0.0	0.0	0.0	
15.36	16.7	20.24	18.2	11.82	11.76	11.64	11.5	10.72	10.68	10.24	7.76	6.04	4.84	4.04	4.0	3.62	2.6	2.7	2.64	2.26	2.66	1.94	1.18	1.04	0.56	0.44	0.64	0.52	0.48	0.68	0.34	0.56	0.32	0.3	0.38	0.1	0.04	0.04	0.08	0.08	0.1	0.1	0.06	0.02	0.02	0.02	0.02	0.0	0.0	0.0	0.0	0.0	0.0	0.0	0.0	0.0	0.0	0.0	0.0	0.0	0.0	0.0	0.0	0.0	0.0	0.0	0.0	0.0	0.0	0.0	0.0	0.0	0.0	0.0	0.0	0.0	0.0	0.0	0.0	0.0	0.0	0.0	0.0	0.0	0.0	0.0	0.0	0.0	0.0	0.0	0.0	0.0	0.0	0.0	0.0	0.0	0.0	0.0	
15.74	16.9	18.72	17.42	11.58	11.8	11.56	10.96	10.78	10.64	10.36	7.06	6.26	4.48	3.92	3.28	3.2	2.84	2.7	2.92	2.76	2.38	2.04	1.28	1.04	0.5	0.66	0.68	0.68	0.54	0.38	0.44	0.44	0.34	0.3	0.26	0.08	0.1	0.06	0.1	0.06	0.06	0.06	0.12	0.06	0.02	0.0	0.02	0.0	0.0	0.0	0.0	0.0	0.0	0.0	0.0	0.0	0.0	0.0	0.0	0.0	0.0	0.0	0.0	0.0	0.0	0.0	0.0	0.0	0.0	0.0	0.0	0.0	0.0	0.0	0.0	0.0	0.0	0.0	0.0	0.0	0.0	0.0	0.0	0.0	0.0	0.0	0.0	0.0	0.0	0.0	0.0	0.0	0.0	0.0	0.0	0.0	0.0	0.0	
16.34	15.8	19.08	17.48	11.86	11.28	10.68	10.9	9.92	10.24	9.38	7.44	6.22	4.84	3.84	3.18	2.98	2.22	2.82	2.66	2.48	2.26	2.24	1.02	1.0	0.66	0.52	0.82	0.36	0.52	0.56	0.42	0.34	0.24	0.24	0.18	0.12	0.04	0.08	0.02	0.1	0.04	0.06	0.02	0.06	0.02	0.0	0.0	0.02	0.0	0.0	0.0	0.0	0.0	0.0	0.0	0.0	0.0	0.0	0.0	0.0	0.0	0.0	0.0	0.0	0.0	0.0	0.0	0.0	0.0	0.0	0.0	0.0	0.0	0.0	0.0	0.0	0.0	0.0	0.0	0.0	0.0	0.0	0.0	0.0	0.0	0.0	0.0	0.0	0.0	0.0	0.0	0.0	0.0	0.0	0.0	0.0	0.0	0.0	
15.2	15.74	19.1	15.68	11.66	11.5	10.58	10.92	10.48	10.82	9.74	8.24	5.96	3.86	3.36	3.16	3.02	2.8	2.46	2.34	2.64	2.2	2.04	1.14	0.96	0.62	0.64	0.54	0.56	0.66	0.42	0.38	0.4	0.32	0.4	0.14	0.12	0.08	0.04	0.06	0.08	0.12	0.04	0.06	0.02	0.02	0.04	0.02	0.0	0.0	0.0	0.0	0.0	0.0	0.0	0.0	0.0	0.0	0.0	0.0	0.0	0.0	0.0	0.0	0.0	0.0	0.0	0.0	0.0	0.0	0.0	0.0	0.0	0.0	0.0	0.0	0.0	0.0	0.0	0.0	0.0	0.0	0.0	0.0	0.0	0.0	0.0	0.0	0.0	0.0	0.0	0.0	0.0	0.0	0.0	0.0	0.0	0.0	0.0	
15.24	14.88	18.42	17.24	11.0	11.18	10.72	10.44	9.54	9.98	10.12	7.2	5.3	4.2	3.36	3.28	2.44	2.96	2.32	2.42	2.34	2.34	1.94	1.08	0.64	0.64	0.64	0.58	0.7	0.48	0.46	0.24	0.42	0.38	0.36	0.2	0.08	0.06	0.1	0.12	0.14	0.06	0.1	0.06	0.02	0.0	0.0	0.0	0.0	0.0	0.0	0.0	0.0	0.0	0.0	0.0	0.0	0.0	0.0	0.0	0.0	0.0	0.0	0.0	0.0	0.0	0.0	0.0	0.0	0.0	0.0	0.0	0.0	0.0	0.0	0.0	0.0	0.0	0.0	0.0	0.0	0.0	0.0	0.0	0.0	0.0	0.0	0.0	0.0	0.0	0.0	0.0	0.0	0.0	0.0	0.0	0.0	0.0	0.0	
15.58	15.92	19.14	17.2	11.04	11.1	10.3	9.26	9.14	8.84	9.22	7.06	5.88	3.62	2.84	3.32	3.32	2.4	2.64	2.62	2.16	2.1	1.74	1.04	0.76	0.76	0.48	0.36	0.54	0.56	0.34	0.32	0.42	0.2	0.46	0.16	0.12	0.12	0.04	0.04	0.02	0.02	0.02	0.08	0.06	0.0	0.0	0.0	0.0	0.0	0.0	0.0	0.0	0.0	0.0	0.0	0.0	0.0	0.0	0.0	0.0	0.0	0.0	0.0	0.0	0.0	0.0	0.0	0.0	0.0	0.0	0.0	0.0	0.0	0.0	0.0	0.0	0.0	0.0	0.0	0.0	0.0	0.0	0.0	0.0	0.0	0.0	0.0	0.0	0.0	0.0	0.0	0.0	0.0	0.0	0.0	0.0	0.0	0.0	
14.68	14.36	17.28	15.88	11.06	11.54	10.16	9.3	9.3	9.08	8.96	7.02	5.5	3.94	3.5	2.96	2.88	2.58	2.2	2.42	2.36	2.06	1.76	1.08	0.82	0.52	0.52	0.76	0.56	0.44	0.5	0.48	0.26	0.24	0.22	0.34	0.08	0.06	0.06	0.06	0.06	0.06	0.04	0.06	0.02	0.02	0.04	0.0	0.0	0.0	0.0	0.0	0.0	0.0	0.0	0.0	0.0	0.0	0.0	0.0	0.0	0.0	0.0	0.0	0.0	0.0	0.0	0.0	0.0	0.0	0.0	0.0	0.0	0.0	0.0	0.0	0.0	0.0	0.0	0.0	0.0	0.0	0.0	0.0	0.0	0.0	0.0	0.0	0.0	0.0	0.0	0.0	0.0	0.0	0.0	0.0	0.0	0.0	0.0	
14.64	14.86	17.22	15.6	10.96	10.6	9.92	9.6	8.94	8.7	9.06	6.74	5.52	3.8	3.42	3.22	2.8	2.48	2.48	1.92	2.08	2.1	1.78	1.06	0.82	0.54	0.48	0.62	0.54	0.42	0.36	0.3	0.2	0.22	0.24	0.18	0.18	0.06	0.06	0.04	0.12	0.08	0.06	0.0	0.02	0.0	0.0	0.0	0.0	0.0	0.0	0.0	0.0	0.0	0.0	0.0	0.0	0.0	0.0	0.0	0.0	0.0	0.0	0.0	0.0	0.0	0.0	0.0	0.0	0.0	0.0	0.0	0.0	0.0	0.0	0.0	0.0	0.0	0.0	0.0	0.0	0.0	0.0	0.0	0.0	0.0	0.0	0.0	0.0	0.0	0.0	0.0	0.0	0.0	0.0	0.0	0.0	0.0	0.0	
13.76	14.8	17.18	16.08	11.58	9.98	10.6	9.0	9.28	8.3	8.74	6.38	5.58	3.86	3.22	2.7	2.98	2.02	2.1	2.44	2.14	2.18	1.84	0.92	0.94	0.56	0.54	0.68	0.64	0.38	0.38	0.56	0.24	0.32	0.14	0.32	0.1	0.2	0.08	0.06	0.02	0.06	0.06	0.02	0.04	0.0	0.02	0.0	0.0	0.0	0.0	0.0	0.0	0.0	0.0	0.0	0.0	0.0	0.0	0.0	0.0	0.0	0.0	0.0	0.0	0.0	0.0	0.0	0.0	0.0	0.0	0.0	0.0	0.0	0.0	0.0	0.0	0.0	0.0	0.0	0.0	0.0	0.0	0.0	0.0	0.0	0.0	0.0	0.0	0.0	0.0	0.0	0.0	0.0	0.0	0.0	0.0	0.0	0.0	
13.22	15.16	17.12	14.74	10.64	9.28	9.18	8.98	8.74	8.64	9.06	6.76	5.0	3.46	3.0	2.98	2.92	2.58	2.12	2.16	2.02	1.92	2.02	0.7	0.64	0.42	0.54	0.56	0.38	0.58	0.32	0.2	0.34	0.48	0.28	0.1	0.04	0.02	0.08	0.04	0.04	0.04	0.08	0.06	0.04	0.02	0.0	0.0	0.0	0.0	0.0	0.0	0.0	0.0	0.0	0.0	0.0	0.0	0.0	0.0	0.0	0.0	0.0	0.0	0.0	0.0	0.0	0.0	0.0	0.0	0.0	0.0	0.0	0.0	0.0	0.0	0.0	0.0	0.0	0.0	0.0	0.0	0.0	0.0	0.0	0.0	0.0	0.0	0.0	0.0	0.0	0.0	0.0	0.0	0.0	0.0	0.0	0.0	0.0	
13.94	13.66	16.0	14.24	9.44	9.2	9.24	9.0	8.16	8.18	8.4	6.74	5.22	3.22	3.24	2.84	2.92	2.32	1.98	1.84	2.08	1.74	1.72	0.88	0.76	0.54	0.58	0.48	0.5	0.44	0.58	0.26	0.34	0.3	0.5	0.28	0.14	0.06	0.06	0.08	0.08	0.08	0.12	0.1	0.04	0.0	0.0	0.0	0.0	0.0	0.0	0.0	0.0	0.0	0.0	0.0	0.0	0.0	0.0	0.0	0.0	0.0	0.0	0.0	0.0	0.0	0.0	0.0	0.0	0.0	0.0	0.0	0.0	0.0	0.0	0.0	0.0	0.0	0.0	0.0	0.0	0.0	0.0	0.0	0.0	0.0	0.0	0.0	0.0	0.0	0.0	0.0	0.0	0.0	0.0	0.0	0.0	0.0	0.0	
12.78	13.8	16.2	15.48	9.84	9.7	9.94	9.16	9.1	8.46	8.16	6.18	5.28	3.58	3.0	2.96	2.4	2.38	2.44	2.52	1.98	1.8	1.88	1.06	0.9	0.48	0.56	0.5	0.42	0.44	0.3	0.36	0.26	0.3	0.22	0.24	0.14	0.06	0.04	0.04	0.08	0.02	0.04	0.1	0.02	0.0	0.0	0.0	0.0	0.0	0.0	0.0	0.0	0.0	0.0	0.0	0.0	0.0	0.0	0.0	0.0	0.0	0.0	0.0	0.0	0.0	0.0	0.0	0.0	0.0	0.0	0.0	0.0	0.0	0.0	0.0	0.0	0.0	0.0	0.0	0.0	0.0	0.0	0.0	0.0	0.0	0.0	0.0	0.0	0.0	0.0	0.0	0.0	0.0	0.0	0.0	0.0	0.0	0.0	
12.28	13.76	15.94	13.16	9.36	9.56	8.96	8.58	8.88	8.58	8.66	6.52	5.68	3.64	3.3	2.86	2.14	1.92	1.96	2.2	1.9	2.0	1.34	0.84	0.78	0.38	0.44	0.66	0.56	0.38	0.54	0.36	0.14	0.24	0.16	0.16	0.08	0.02	0.04	0.08	0.04	0.0	0.1	0.12	0.0	0.0	0.0	0.0	0.0	0.0	0.0	0.0	0.0	0.0	0.0	0.0	0.0	0.0	0.0	0.0	0.0	0.0	0.0	0.0	0.0	0.0	0.0	0.0	0.0	0.0	0.0	0.0	0.0	0.0	0.0	0.0	0.0	0.0	0.0	0.0	0.0	0.0	0.0	0.0	0.0	0.0	0.0	0.0	0.0	0.0	0.0	0.0	0.0	0.0	0.0	0.0	0.0	0.0	0.0	
12.88	12.86	14.34	12.7	7.96	8.2	9.0	8.92	8.54	8.32	8.26	6.46	5.1	3.78	2.92	2.48	3.04	1.96	2.12	2.26	1.84	1.66	2.08	0.76	1.04	0.44	0.42	0.32	0.58	0.5	0.32	0.28	0.26	0.32	0.28	0.18	0.12	0.04	0.02	0.02	0.08	0.02	0.06	0.1	0.04	0.0	0.0	0.0	0.0	0.0	0.0	0.0	0.0	0.0	0.0	0.0	0.0	0.0	0.0	0.0	0.0	0.0	0.0	0.0	0.0	0.0	0.0	0.0	0.0	0.0	0.0	0.0	0.0	0.0	0.0	0.0	0.0	0.0	0.0	0.0	0.0	0.0	0.0	0.0	0.0	0.0	0.0	0.0	0.0	0.0	0.0	0.0	0.0	0.0	0.0	0.0	0.0	0.0	0.0	
12.98	12.22	14.76	14.12	9.3	9.5	8.92	7.72	8.38	8.48	7.64	5.94	5.46	2.96	2.58	2.8	2.72	1.84	2.1	1.66	1.78	1.84	1.54	0.88	0.78	0.52	0.44	0.4	0.6	0.46	0.32	0.16	0.3	0.28	0.16	0.18	0.08	0.02	0.02	0.02	0.04	0.0	0.04	0.02	0.02	0.0	0.0	0.0	0.0	0.0	0.0	0.0	0.0	0.0	0.0	0.0	0.0	0.0	0.0	0.0	0.0	0.0	0.0	0.0	0.0	0.0	0.0	0.0	0.0	0.0	0.0	0.0	0.0	0.0	0.0	0.0	0.0	0.0	0.0	0.0	0.0	0.0	0.0	0.0	0.0	0.0	0.0	0.0	0.0	0.0	0.0	0.0	0.0	0.0	0.0	0.0	0.0	0.0	0.0	
12.96	12.78	14.98	14.3	8.32	8.8	8.84	8.4	8.58	8.0	7.78	5.46	5.02	3.56	2.9	2.36	2.34	2.22	2.26	1.94	1.9	1.68	1.58	0.82	0.78	0.52	0.38	0.38	0.38	0.4	0.4	0.32	0.12	0.36	0.24	0.16	0.08	0.04	0.08	0.04	0.12	0.02	0.02	0.04	0.02	0.04	0.0	0.0	0.0	0.0	0.0	0.0	0.0	0.0	0.0	0.0	0.0	0.0	0.0	0.0	0.0	0.0	0.0	0.0	0.0	0.0	0.0	0.0	0.0	0.0	0.0	0.0	0.0	0.0	0.0	0.0	0.0	0.0	0.0	0.0	0.0	0.0	0.0	0.0	0.0	0.0	0.0	0.0	0.0	0.0	0.0	0.0	0.0	0.0	0.0	0.0	0.0	0.0	0.0	
13.1	13.38	13.4	13.2	8.3	8.7	8.58	8.1	8.26	7.64	8.14	5.32	5.14	2.88	2.88	2.6	2.56	2.12	2.28	1.86	2.0	1.8	1.38	0.96	0.56	0.44	0.56	0.36	0.42	0.32	0.26	0.5	0.24	0.3	0.28	0.24	0.1	0.06	0.08	0.0	0.02	0.04	0.04	0.02	0.02	0.0	0.0	0.0	0.0	0.0	0.0	0.0	0.0	0.0	0.0	0.0	0.0	0.0	0.0	0.0	0.0	0.0	0.0	0.0	0.0	0.0	0.0	0.0	0.0	0.0	0.0	0.0	0.0	0.0	0.0	0.0	0.0	0.0	0.0	0.0	0.0	0.0	0.0	0.0	0.0	0.0	0.0	0.0	0.0	0.0	0.0	0.0	0.0	0.0	0.0	0.0	0.0	0.0	0.0	
12.36	12.3	13.96	13.46	8.38	8.94	8.46	7.68	7.96	7.18	7.64	5.76	4.28	2.86	2.16	2.32	2.32	1.82	2.04	1.5	1.9	1.54	1.44	0.72	0.74	0.36	0.42	0.4	0.32	0.28	0.44	0.3	0.18	0.26	0.22	0.18	0.06	0.02	0.02	0.02	0.04	0.0	0.06	0.02	0.04	0.0	0.0	0.0	0.0	0.0	0.0	0.0	0.0	0.0	0.0	0.0	0.0	0.0	0.0	0.0	0.0	0.0	0.0	0.0	0.0	0.0	0.0	0.0	0.0	0.0	0.0	0.0	0.0	0.0	0.0	0.0	0.0	0.0	0.0	0.0	0.0	0.0	0.0	0.0	0.0	0.0	0.0	0.0	0.0	0.0	0.0	0.0	0.0	0.0	0.0	0.0	0.0	0.0	0.0	
12.02	12.22	15.38	12.5	8.46	7.98	8.86	8.3	7.18	7.58	7.7	5.3	4.54	2.98	2.68	2.04	2.22	2.04	1.96	1.76	1.4	1.76	1.24	0.8	0.56	0.56	0.34	0.4	0.46	0.34	0.28	0.24	0.34	0.24	0.26	0.1	0.02	0.06	0.02	0.08	0.06	0.02	0.06	0.02	0.02	0.0	0.0	0.0	0.0	0.0	0.0	0.0	0.0	0.0	0.0	0.0	0.0	0.0	0.0	0.0	0.0	0.0	0.0	0.0	0.0	0.0	0.0	0.0	0.0	0.0	0.0	0.0	0.0	0.0	0.0	0.0	0.0	0.0	0.0	0.0	0.0	0.0	0.0	0.0	0.0	0.0	0.0	0.0	0.0	0.0	0.0	0.0	0.0	0.0	0.0	0.0	0.0	0.0	0.0	
11.88	11.24	12.64	13.5	7.76	8.14	8.06	8.02	7.16	7.44	7.6	5.24	4.28	2.82	2.68	2.4	2.12	1.7	1.66	1.8	1.7	1.46	1.34	0.82	0.5	0.36	0.42	0.42	0.46	0.32	0.2	0.18	0.32	0.24	0.18	0.16	0.14	0.12	0.0	0.04	0.02	0.06	0.04	0.02	0.04	0.0	0.0	0.0	0.0	0.0	0.0	0.0	0.0	0.0	0.0	0.0	0.0	0.0	0.0	0.0	0.0	0.0	0.0	0.0	0.0	0.0	0.0	0.0	0.0	0.0	0.0	0.0	0.0	0.0	0.0	0.0	0.0	0.0	0.0	0.0	0.0	0.0	0.0	0.0	0.0	0.0	0.0	0.0	0.0	0.0	0.0	0.0	0.0	0.0	0.0	0.0	0.0	0.0	0.0	
11.8	11.46	13.62	12.72	7.88	7.76	8.42	7.52	7.48	6.46	6.76	5.0	4.28	3.46	2.44	2.44	2.04	1.72	1.72	1.7	2.02	1.56	1.44	0.8	0.64	0.58	0.32	0.48	0.42	0.36	0.3	0.26	0.3	0.42	0.2	0.24	0.16	0.06	0.04	0.04	0.02	0.02	0.0	0.04	0.08	0.04	0.02	0.0	0.0	0.0	0.0	0.0	0.0	0.0	0.0	0.0	0.0	0.0	0.0	0.0	0.0	0.0	0.0	0.0	0.0	0.0	0.0	0.0	0.0	0.0	0.0	0.0	0.0	0.0	0.0	0.0	0.0	0.0	0.0	0.0	0.0	0.0	0.0	0.0	0.0	0.0	0.0	0.0	0.0	0.0	0.0	0.0	0.0	0.0	0.0	0.0	0.0	0.0	0.0	
11.36	12.18	13.96	12.38	8.54	7.76	7.68	7.4	7.1	7.26	7.06	5.46	4.04	3.1	2.48	2.4	2.28	2.18	1.8	1.66	1.94	1.48	1.46	0.72	0.84	0.46	0.38	0.3	0.4	0.48	0.34	0.16	0.34	0.14	0.22	0.2	0.06	0.06	0.02	0.04	0.04	0.04	0.0	0.02	0.02	0.0	0.0	0.04	0.0	0.0	0.0	0.0	0.0	0.0	0.0	0.0	0.0	0.0	0.0	0.0	0.0	0.0	0.0	0.0	0.0	0.0	0.0	0.0	0.0	0.0	0.0	0.0	0.0	0.0	0.0	0.0	0.0	0.0	0.0	0.0	0.0	0.0	0.0	0.0	0.0	0.0	0.0	0.0	0.0	0.0	0.0	0.0	0.0	0.0	0.0	0.0	0.0	0.0	0.0	
10.52	11.5	13.66	12.36	7.82	7.98	7.88	7.36	6.98	7.26	7.58	5.2	3.92	3.12	2.52	1.84	2.14	1.66	1.62	1.5	2.12	1.54	1.36	0.8	0.4	0.54	0.42	0.38	0.46	0.28	0.38	0.2	0.22	0.24	0.26	0.12	0.06	0.04	0.0	0.04	0.02	0.02	0.06	0.02	0.0	0.0	0.0	0.0	0.0	0.0	0.0	0.0	0.0	0.0	0.0	0.0	0.0	0.0	0.0	0.0	0.0	0.0	0.0	0.0	0.0	0.0	0.0	0.0	0.0	0.0	0.0	0.0	0.0	0.0	0.0	0.0	0.0	0.0	0.0	0.0	0.0	0.0	0.0	0.0	0.0	0.0	0.0	0.0	0.0	0.0	0.0	0.0	0.0	0.0	0.0	0.0	0.0	0.0	0.0	
10.5	11.32	13.58	11.46	8.4	8.14	6.94	7.42	6.48	6.78	6.76	5.1	4.22	2.9	2.7	2.34	2.5	1.66	1.86	1.88	1.42	1.46	1.24	0.56	0.5	0.52	0.44	0.26	0.48	0.48	0.26	0.22	0.2	0.26	0.2	0.14	0.1	0.04	0.0	0.02	0.0	0.0	0.04	0.06	0.0	0.0	0.0	0.02	0.02	0.0	0.0	0.0	0.0	0.0	0.0	0.0	0.0	0.0	0.0	0.0	0.0	0.0	0.0	0.0	0.0	0.0	0.0	0.0	0.0	0.0	0.0	0.0	0.0	0.0	0.0	0.0	0.0	0.0	0.0	0.0	0.0	0.0	0.0	0.0	0.0	0.0	0.0	0.0	0.0	0.0	0.0	0.0	0.0	0.0	0.0	0.0	0.0	0.0	0.0	
11.22	11.56	13.22	11.16	8.18	7.88	8.32	7.24	6.92	7.26	7.24	4.54	3.9	2.58	2.86	1.88	2.12	1.9	1.68	1.88	1.92	1.52	1.2	0.56	0.64	0.4	0.28	0.38	0.4	0.36	0.3	0.3	0.4	0.4	0.22	0.1	0.06	0.06	0.02	0.04	0.02	0.0	0.02	0.04	0.06	0.04	0.0	0.0	0.0	0.0	0.0	0.0	0.0	0.0	0.0	0.0	0.0	0.0	0.0	0.0	0.0	0.0	0.0	0.0	0.0	0.0	0.0	0.0	0.0	0.0	0.0	0.0	0.0	0.0	0.0	0.0	0.0	0.0	0.0	0.0	0.0	0.0	0.0	0.0	0.0	0.0	0.0	0.0	0.0	0.0	0.0	0.0	0.0	0.0	0.0	0.0	0.0	0.0	0.0	
11.0	10.56	13.16	11.6	7.42	7.36	7.4	7.02	6.6	6.96	6.46	5.36	3.9	2.68	2.1	2.2	2.02	1.6	1.86	1.2	1.62	1.28	1.14	0.54	0.66	0.4	0.32	0.32	0.44	0.2	0.34	0.22	0.12	0.22	0.24	0.08	0.08	0.04	0.02	0.12	0.02	0.08	0.06	0.08	0.0	0.0	0.0	0.0	0.0	0.0	0.0	0.0	0.0	0.0	0.0	0.0	0.0	0.0	0.0	0.0	0.0	0.0	0.0	0.0	0.0	0.0	0.0	0.0	0.0	0.0	0.0	0.0	0.0	0.0	0.0	0.0	0.0	0.0	0.0	0.0	0.0	0.0	0.0	0.0	0.0	0.0	0.0	0.0	0.0	0.0	0.0	0.0	0.0	0.0	0.0	0.0	0.0	0.0	0.0	
10.32	10.78	12.54	11.36	8.74	7.38	7.26	7.28	6.48	6.2	6.32	4.58	4.26	2.32	2.74	1.96	2.02	1.86	1.68	1.76	1.6	1.38	1.38	0.66	0.58	0.28	0.54	0.34	0.36	0.38	0.34	0.32	0.2	0.18	0.16	0.18	0.16	0.04	0.04	0.04	0.02	0.04	0.02	0.02	0.02	0.02	0.0	0.0	0.0	0.0	0.0	0.0	0.0	0.0	0.0	0.0	0.0	0.0	0.0	0.0	0.0	0.0	0.0	0.0	0.0	0.0	0.0	0.0	0.0	0.0	0.0	0.0	0.0	0.0	0.0	0.0	0.0	0.0	0.0	0.0	0.0	0.0	0.0	0.0	0.0	0.0	0.0	0.0	0.0	0.0	0.0	0.0	0.0	0.0	0.0	0.0	0.0	0.0	0.0	
10.3	10.54	12.62	11.48	8.52	7.28	7.6	7.0	6.4	6.38	6.46	4.54	4.38	2.28	2.12	2.04	2.08	1.42	1.7	1.56	1.24	1.58	0.88	0.52	0.6	0.56	0.34	0.38	0.44	0.3	0.28	0.42	0.36	0.2	0.1	0.1	0.1	0.04	0.06	0.08	0.06	0.04	0.04	0.04	0.0	0.0	0.0	0.0	0.0	0.0	0.0	0.0	0.0	0.0	0.0	0.0	0.0	0.0	0.0	0.0	0.0	0.0	0.0	0.0	0.0	0.0	0.0	0.0	0.0	0.0	0.0	0.0	0.0	0.0	0.0	0.0	0.0	0.0	0.0	0.0	0.0	0.0	0.0	0.0	0.0	0.0	0.0	0.0	0.0	0.0	0.0	0.0	0.0	0.0	0.0	0.0	0.0	0.0	0.0	
10.26	10.96	11.98	11.24	7.06	7.78	6.68	7.26	6.3	6.6	6.2	5.12	4.12	2.28	2.2	1.76	2.08	1.76	1.78	1.6	1.46	1.28	1.3	0.74	0.52	0.46	0.42	0.44	0.32	0.32	0.36	0.12	0.3	0.22	0.02	0.14	0.06	0.06	0.04	0.02	0.06	0.08	0.0	0.0	0.06	0.02	0.0	0.0	0.0	0.0	0.0	0.0	0.0	0.0	0.0	0.0	0.0	0.0	0.0	0.0	0.0	0.0	0.0	0.0	0.0	0.0	0.0	0.0	0.0	0.0	0.0	0.0	0.0	0.0	0.0	0.0	0.0	0.0	0.0	0.0	0.0	0.0	0.0	0.0	0.0	0.0	0.0	0.0	0.0	0.0	0.0	0.0	0.0	0.0	0.0	0.0	0.0	0.0	0.0	
9.94	10.02	12.06	11.06	7.1	7.88	7.26	6.92	6.3	6.34	5.98	4.2	3.72	2.2	1.72	1.94	2.04	1.62	1.72	1.46	1.26	1.28	1.42	0.64	0.5	0.4	0.3	0.24	0.38	0.24	0.24	0.28	0.2	0.24	0.12	0.22	0.04	0.02	0.02	0.02	0.02	0.04	0.02	0.06	0.02	0.0	0.0	0.0	0.0	0.0	0.0	0.0	0.0	0.0	0.0	0.0	0.0	0.0	0.0	0.0	0.0	0.0	0.0	0.0	0.0	0.0	0.0	0.0	0.0	0.0	0.0	0.0	0.0	0.0	0.0	0.0	0.0	0.0	0.0	0.0	0.0	0.0	0.0	0.0	0.0	0.0	0.0	0.0	0.0	0.0	0.0	0.0	0.0	0.0	0.0	0.0	0.0	0.0	0.0	
9.96	10.66	11.46	11.06	6.76	6.78	7.6	7.34	6.46	5.92	6.22	3.78	3.42	2.58	1.58	1.94	2.12	1.64	1.34	1.3	1.2	1.36	1.04	0.68	0.48	0.26	0.32	0.28	0.28	0.34	0.16	0.16	0.22	0.28	0.22	0.08	0.04	0.02	0.08	0.06	0.04	0.06	0.02	0.04	0.02	0.0	0.0	0.0	0.0	0.0	0.0	0.0	0.0	0.0	0.0	0.0	0.0	0.0	0.0	0.0	0.0	0.0	0.0	0.0	0.0	0.0	0.0	0.0	0.0	0.0	0.0	0.0	0.0	0.0	0.0	0.0	0.0	0.0	0.0	0.0	0.0	0.0	0.0	0.0	0.0	0.0	0.0	0.0	0.0	0.0	0.0	0.0	0.0	0.0	0.0	0.0	0.0	0.0	0.0	
9.96	10.64	11.9	11.16	7.36	6.04	6.52	6.72	5.94	6.72	5.72	4.06	3.64	2.1	2.12	1.96	2.12	1.64	1.72	1.58	1.64	1.38	1.26	0.4	0.62	0.34	0.34	0.26	0.3	0.36	0.26	0.06	0.14	0.26	0.18	0.08	0.02	0.1	0.06	0.06	0.06	0.02	0.04	0.02	0.08	0.02	0.0	0.02	0.0	0.0	0.0	0.0	0.0	0.0	0.0	0.0	0.0	0.0	0.0	0.0	0.0	0.0	0.0	0.0	0.0	0.0	0.0	0.0	0.0	0.0	0.0	0.0	0.0	0.0	0.0	0.0	0.0	0.0	0.0	0.0	0.0	0.0	0.0	0.0	0.0	0.0	0.0	0.0	0.0	0.0	0.0	0.0	0.0	0.0	0.0	0.0	0.0	0.0	0.0	
10.3	9.52	11.76	10.72	7.04	7.04	7.18	6.0	5.6	6.06	5.46	4.06	3.24	1.94	1.92	2.22	1.82	1.32	1.48	1.54	1.26	1.2	1.06	0.4	0.44	0.28	0.3	0.26	0.28	0.24	0.34	0.12	0.26	0.24	0.16	0.12	0.02	0.04	0.04	0.0	0.02	0.02	0.06	0.0	0.0	0.02	0.02	0.0	0.0	0.0	0.0	0.0	0.0	0.0	0.0	0.0	0.0	0.0	0.0	0.0	0.0	0.0	0.0	0.0	0.0	0.0	0.0	0.0	0.0	0.0	0.0	0.0	0.0	0.0	0.0	0.0	0.0	0.0	0.0	0.0	0.0	0.0	0.0	0.0	0.0	0.0	0.0	0.0	0.0	0.0	0.0	0.0	0.0	0.0	0.0	0.0	0.0	0.0	0.0	
8.56	9.76	12.14	10.04	7.88	6.46	6.36	6.4	6.08	6.0	6.14	4.1	3.28	2.24	2.26	1.86	1.74	1.78	1.54	1.12	1.1	1.24	1.12	0.44	0.66	0.38	0.46	0.32	0.32	0.34	0.22	0.24	0.26	0.1	0.14	0.18	0.02	0.02	0.04	0.02	0.02	0.0	0.02	0.0	0.02	0.0	0.0	0.0	0.0	0.0	0.0	0.0	0.0	0.0	0.0	0.0	0.0	0.0	0.0	0.0	0.0	0.0	0.0	0.0	0.0	0.0	0.0	0.0	0.0	0.0	0.0	0.0	0.0	0.0	0.0	0.0	0.0	0.0	0.0	0.0	0.0	0.0	0.0	0.0	0.0	0.0	0.0	0.0	0.0	0.0	0.0	0.0	0.0	0.0	0.0	0.0	0.0	0.0	0.0	
8.56	9.18	11.74	10.38	6.88	7.26	6.46	6.14	5.86	5.52	5.36	3.98	2.92	2.12	1.82	1.68	2.04	1.74	1.36	1.64	1.44	1.46	1.28	0.46	0.48	0.32	0.34	0.36	0.46	0.26	0.36	0.16	0.26	0.12	0.14	0.2	0.04	0.04	0.04	0.06	0.02	0.02	0.0	0.04	0.02	0.0	0.0	0.0	0.0	0.0	0.0	0.0	0.0	0.0	0.0	0.0	0.0	0.0	0.0	0.0	0.0	0.0	0.0	0.0	0.0	0.0	0.0	0.0	0.0	0.0	0.0	0.0	0.0	0.0	0.0	0.0	0.0	0.0	0.0	0.0	0.0	0.0	0.0	0.0	0.0	0.0	0.0	0.0	0.0	0.0	0.0	0.0	0.0	0.0	0.0	0.0	0.0	0.0	0.0	
10.12	9.26	11.4	10.16	7.36	6.46	6.84	6.24	5.76	5.4	6.14	4.22	3.06	2.28	1.96	1.52	1.64	1.6	1.32	1.46	0.98	1.28	1.2	0.42	0.62	0.18	0.36	0.34	0.22	0.32	0.18	0.24	0.14	0.2	0.1	0.12	0.08	0.06	0.0	0.08	0.04	0.02	0.02	0.0	0.02	0.02	0.0	0.0	0.0	0.0	0.0	0.0	0.0	0.0	0.0	0.0	0.0	0.0	0.0	0.0	0.0	0.0	0.0	0.0	0.0	0.0	0.0	0.0	0.0	0.0	0.0	0.0	0.0	0.0	0.0	0.0	0.0	0.0	0.0	0.0	0.0	0.0	0.0	0.0	0.0	0.0	0.0	0.0	0.0	0.0	0.0	0.0	0.0	0.0	0.0	0.0	0.0	0.0	0.0	
8.84	8.94	10.86	9.9	6.96	6.56	6.48	6.34	6.1	5.82	5.66	4.16	3.28	2.04	1.72	1.8	1.82	1.58	1.22	1.4	1.26	1.04	0.96	0.46	0.3	0.38	0.3	0.46	0.28	0.32	0.28	0.22	0.3	0.12	0.14	0.06	0.06	0.02	0.04	0.02	0.02	0.02	0.02	0.0	0.04	0.0	0.0	0.0	0.0	0.0	0.0	0.0	0.0	0.0	0.0	0.0	0.0	0.0	0.0	0.0	0.0	0.0	0.0	0.0	0.0	0.0	0.0	0.0	0.0	0.0	0.0	0.0	0.0	0.0	0.0	0.0	0.0	0.0	0.0	0.0	0.0	0.0	0.0	0.0	0.0	0.0	0.0	0.0	0.0	0.0	0.0	0.0	0.0	0.0	0.0	0.0	0.0	0.0	0.0	
9.78	9.42	10.34	10.06	6.98	7.06	6.28	6.34	5.78	5.9	5.7	3.98	3.42	1.84	1.54	1.8	1.76	1.4	1.3	1.64	1.7	1.18	1.02	0.42	0.52	0.38	0.38	0.36	0.28	0.4	0.26	0.18	0.26	0.1	0.14	0.2	0.08	0.0	0.02	0.02	0.06	0.02	0.06	0.02	0.0	0.0	0.0	0.0	0.0	0.0	0.0	0.0	0.0	0.0	0.0	0.0	0.0	0.0	0.0	0.0	0.0	0.0	0.0	0.0	0.0	0.0	0.0	0.0	0.0	0.0	0.0	0.0	0.0	0.0	0.0	0.0	0.0	0.0	0.0	0.0	0.0	0.0	0.0	0.0	0.0	0.0	0.0	0.0	0.0	0.0	0.0	0.0	0.0	0.0	0.0	0.0	0.0	0.0	0.0	
8.68	8.7	11.22	9.08	6.16	6.42	6.44	6.38	5.22	5.82	5.48	4.28	2.72	2.06	1.6	1.62	1.46	1.26	1.28	1.0	1.26	0.96	0.86	0.36	0.46	0.22	0.32	0.24	0.26	0.32	0.1	0.08	0.22	0.22	0.08	0.06	0.08	0.02	0.0	0.0	0.08	0.02	0.06	0.02	0.02	0.0	0.0	0.0	0.0	0.0	0.0	0.0	0.0	0.0	0.0	0.0	0.0	0.0	0.0	0.0	0.0	0.0	0.0	0.0	0.0	0.0	0.0	0.0	0.0	0.0	0.0	0.0	0.0	0.0	0.0	0.0	0.0	0.0	0.0	0.0	0.0	0.0	0.0	0.0	0.0	0.0	0.0	0.0	0.0	0.0	0.0	0.0	0.0	0.0	0.0	0.0	0.0	0.0	0.0	
8.98	9.42	9.3	9.18	6.4	6.26	6.14	6.48	5.8	5.36	5.3	3.92	3.24	2.3	1.66	1.48	1.58	1.5	1.42	1.18	1.02	1.4	0.84	0.72	0.36	0.44	0.28	0.24	0.34	0.14	0.2	0.18	0.18	0.28	0.06	0.1	0.04	0.08	0.0	0.04	0.02	0.02	0.02	0.04	0.02	0.02	0.0	0.0	0.0	0.0	0.0	0.0	0.0	0.0	0.0	0.0	0.0	0.0	0.0	0.0	0.0	0.0	0.0	0.0	0.0	0.0	0.0	0.0	0.0	0.0	0.0	0.0	0.0	0.0	0.0	0.0	0.0	0.0	0.0	0.0	0.0	0.0	0.0	0.0	0.0	0.0	0.0	0.0	0.0	0.0	0.0	0.0	0.0	0.0	0.0	0.0	0.0	0.0	0.0	
8.82	8.2	10.86	9.52	6.68	5.98	6.14	6.44	5.48	5.26	5.22	4.1	2.84	2.12	1.8	1.64	1.46	1.36	1.34	1.48	1.16	1.14	0.8	0.56	0.56	0.34	0.34	0.36	0.22	0.22	0.16	0.2	0.18	0.22	0.14	0.02	0.1	0.06	0.06	0.02	0.02	0.0	0.0	0.02	0.02	0.0	0.0	0.0	0.0	0.0	0.0	0.0	0.0	0.0	0.0	0.0	0.0	0.0	0.0	0.0	0.0	0.0	0.0	0.0	0.0	0.0	0.0	0.0	0.0	0.0	0.0	0.0	0.0	0.0	0.0	0.0	0.0	0.0	0.0	0.0	0.0	0.0	0.0	0.0	0.0	0.0	0.0	0.0	0.0	0.0	0.0	0.0	0.0	0.0	0.0	0.0	0.0	0.0	0.0	
8.58	8.34	10.32	9.04	5.88	6.8	5.34	5.54	5.16	5.56	5.34	4.12	2.86	1.96	1.56	1.4	1.62	1.44	1.36	1.36	1.0	1.46	0.92	0.34	0.42	0.42	0.34	0.32	0.28	0.26	0.18	0.28	0.12	0.24	0.22	0.02	0.04	0.06	0.06	0.04	0.02	0.02	0.06	0.0	0.02	0.02	0.0	0.0	0.0	0.0	0.0	0.0	0.0	0.0	0.0	0.0	0.0	0.0	0.0	0.0	0.0	0.0	0.0	0.0	0.0	0.0	0.0	0.0	0.0	0.0	0.0	0.0	0.0	0.0	0.0	0.0	0.0	0.0	0.0	0.0	0.0	0.0	0.0	0.0	0.0	0.0	0.0	0.0	0.0	0.0	0.0	0.0	0.0	0.0	0.0	0.0	0.0	0.0	0.0	
8.54	8.12	9.9	9.2	6.24	6.36	5.9	5.32	5.48	5.32	4.76	3.9	3.18	2.06	1.96	1.54	1.14	1.1	1.28	1.2	1.4	1.02	1.02	0.74	0.64	0.28	0.28	0.26	0.34	0.2	0.16	0.22	0.16	0.2	0.1	0.14	0.08	0.04	0.02	0.04	0.0	0.04	0.06	0.06	0.02	0.0	0.0	0.0	0.0	0.0	0.0	0.0	0.0	0.0	0.0	0.0	0.0	0.0	0.0	0.0	0.0	0.0	0.0	0.0	0.0	0.0	0.0	0.0	0.0	0.0	0.0	0.0	0.0	0.0	0.0	0.0	0.0	0.0	0.0	0.0	0.0	0.0	0.0	0.0	0.0	0.0	0.0	0.0	0.0	0.0	0.0	0.0	0.0	0.0	0.0	0.0	0.0	0.0	0.0	
8.38	8.28	10.46	9.1	6.04	6.98	5.64	5.7	5.16	5.14	5.2	3.82	3.12	1.82	1.5	1.5	1.22	1.64	1.26	1.36	1.18	1.18	1.08	0.54	0.46	0.4	0.3	0.28	0.28	0.18	0.18	0.1	0.14	0.24	0.12	0.16	0.04	0.0	0.04	0.0	0.04	0.02	0.1	0.04	0.02	0.0	0.0	0.0	0.0	0.0	0.0	0.0	0.0	0.0	0.0	0.0	0.0	0.0	0.0	0.0	0.0	0.0	0.0	0.0	0.0	0.0	0.0	0.0	0.0	0.0	0.0	0.0	0.0	0.0	0.0	0.0	0.0	0.0	0.0	0.0	0.0	0.0	0.0	0.0	0.0	0.0	0.0	0.0	0.0	0.0	0.0	0.0	0.0	0.0	0.0	0.0	0.0	0.0	0.0	
8.46	8.54	10.2	8.7	6.32	6.28	5.62	5.68	6.26	5.28	5.1	3.44	2.86	1.76	1.24	1.44	1.28	1.34	1.46	0.8	1.34	1.1	0.82	0.32	0.34	0.44	0.28	0.24	0.24	0.26	0.2	0.18	0.32	0.16	0.14	0.1	0.04	0.02	0.04	0.0	0.02	0.04	0.04	0.04	0.02	0.0	0.0	0.0	0.0	0.0	0.0	0.0	0.0	0.0	0.0	0.0	0.0	0.0	0.0	0.0	0.0	0.0	0.0	0.0	0.0	0.0	0.0	0.0	0.0	0.0	0.0	0.0	0.0	0.0	0.0	0.0	0.0	0.0	0.0	0.0	0.0	0.0	0.0	0.0	0.0	0.0	0.0	0.0	0.0	0.0	0.0	0.0	0.0	0.0	0.0	0.0	0.0	0.0	0.0	
7.76	7.62	9.8	8.84	6.22	5.98	5.88	5.96	5.08	4.34	5.54	3.42	2.84	1.76	1.24	1.58	1.52	1.18	1.2	1.06	1.24	1.2	0.88	0.34	0.36	0.18	0.36	0.26	0.26	0.2	0.22	0.06	0.16	0.26	0.12	0.16	0.02	0.04	0.04	0.02	0.0	0.02	0.0	0.02	0.02	0.0	0.0	0.0	0.0	0.0	0.0	0.0	0.0	0.0	0.0	0.0	0.0	0.0	0.0	0.0	0.0	0.0	0.0	0.0	0.0	0.0	0.0	0.0	0.0	0.0	0.0	0.0	0.0	0.0	0.0	0.0	0.0	0.0	0.0	0.0	0.0	0.0	0.0	0.0	0.0	0.0	0.0	0.0	0.0	0.0	0.0	0.0	0.0	0.0	0.0	0.0	0.0	0.0	0.0	
8.1	8.52	10.14	9.3	5.66	6.34	5.58	5.48	5.36	4.72	5.38	3.82	2.72	2.26	1.7	1.5	1.56	1.14	1.0	1.1	1.16	0.98	0.82	0.54	0.44	0.16	0.26	0.3	0.18	0.2	0.14	0.2	0.14	0.12	0.04	0.08	0.12	0.04	0.02	0.04	0.02	0.02	0.02	0.0	0.02	0.0	0.0	0.0	0.0	0.0	0.0	0.0	0.0	0.0	0.0	0.0	0.0	0.0	0.0	0.0	0.0	0.0	0.0	0.0	0.0	0.0	0.0	0.0	0.0	0.0	0.0	0.0	0.0	0.0	0.0	0.0	0.0	0.0	0.0	0.0	0.0	0.0	0.0	0.0	0.0	0.0	0.0	0.0	0.0	0.0	0.0	0.0	0.0	0.0	0.0	0.0	0.0	0.0	0.0	
7.16	8.52	10.32	8.6	5.82	5.34	5.5	5.58	5.22	5.34	5.08	4.22	2.68	1.62	1.42	1.44	1.26	1.14	1.4	1.28	1.1	1.08	0.78	0.48	0.44	0.4	0.3	0.36	0.2	0.24	0.16	0.12	0.12	0.1	0.18	0.04	0.02	0.1	0.04	0.06	0.04	0.02	0.04	0.0	0.0	0.0	0.0	0.0	0.0	0.0	0.0	0.0	0.0	0.0	0.0	0.0	0.0	0.0	0.0	0.0	0.0	0.0	0.0	0.0	0.0	0.0	0.0	0.0	0.0	0.0	0.0	0.0	0.0	0.0	0.0	0.0	0.0	0.0	0.0	0.0	0.0	0.0	0.0	0.0	0.0	0.0	0.0	0.0	0.0	0.0	0.0	0.0	0.0	0.0	0.0	0.0	0.0	0.0	0.0	
7.32	8.96	9.16	8.7	5.76	5.72	5.74	5.56	5.24	5.34	4.5	3.46	3.18	1.7	1.4	1.58	1.46	0.92	1.44	1.02	1.06	0.9	1.08	0.38	0.28	0.26	0.3	0.24	0.3	0.34	0.12	0.16	0.12	0.2	0.2	0.08	0.06	0.02	0.04	0.06	0.02	0.06	0.02	0.0	0.0	0.0	0.0	0.0	0.0	0.0	0.0	0.0	0.0	0.0	0.0	0.0	0.0	0.0	0.0	0.0	0.0	0.0	0.0	0.0	0.0	0.0	0.0	0.0	0.0	0.0	0.0	0.0	0.0	0.0	0.0	0.0	0.0	0.0	0.0	0.0	0.0	0.0	0.0	0.0	0.0	0.0	0.0	0.0	0.0	0.0	0.0	0.0	0.0	0.0	0.0	0.0	0.0	0.0	0.0	
7.34	7.48	8.94	8.68	5.88	5.18	5.62	5.34	5.14	4.58	4.14	3.44	2.74	1.66	1.4	1.5	1.42	1.38	1.24	1.0	1.16	1.0	0.88	0.42	0.56	0.36	0.42	0.42	0.24	0.26	0.2	0.08	0.24	0.14	0.16	0.04	0.02	0.04	0.04	0.02	0.0	0.0	0.0	0.06	0.0	0.04	0.0	0.0	0.0	0.0	0.0	0.0	0.0	0.0	0.0	0.0	0.0	0.0	0.0	0.0	0.0	0.0	0.0	0.0	0.0	0.0	0.0	0.0	0.0	0.0	0.0	0.0	0.0	0.0	0.0	0.0	0.0	0.0	0.0	0.0	0.0	0.0	0.0	0.0	0.0	0.0	0.0	0.0	0.0	0.0	0.0	0.0	0.0	0.0	0.0	0.0	0.0	0.0	0.0	
8.4	6.96	9.5	7.6	5.88	5.82	4.84	5.12	5.24	4.76	4.98	3.3	2.78	1.84	1.22	1.3	1.06	1.36	1.1	1.02	1.38	0.82	0.62	0.54	0.28	0.36	0.24	0.14	0.26	0.22	0.16	0.18	0.14	0.14	0.1	0.12	0.0	0.0	0.04	0.0	0.08	0.02	0.0	0.06	0.0	0.0	0.0	0.02	0.0	0.0	0.0	0.0	0.0	0.0	0.0	0.0	0.0	0.0	0.0	0.0	0.0	0.0	0.0	0.0	0.0	0.0	0.0	0.0	0.0	0.0	0.0	0.0	0.0	0.0	0.0	0.0	0.0	0.0	0.0	0.0	0.0	0.0	0.0	0.0	0.0	0.0	0.0	0.0	0.0	0.0	0.0	0.0	0.0	0.0	0.0	0.0	0.0	0.0	0.0	
6.98	7.56	9.36	8.04	5.18	5.24	5.52	5.12	4.36	5.16	4.44	3.74	2.32	2.08	1.08	1.34	1.18	1.38	1.16	0.94	0.84	0.82	0.96	0.48	0.3	0.4	0.32	0.16	0.3	0.26	0.14	0.16	0.3	0.16	0.08	0.06	0.04	0.0	0.04	0.02	0.0	0.0	0.0	0.02	0.02	0.0	0.0	0.0	0.0	0.0	0.0	0.0	0.0	0.0	0.0	0.0	0.0	0.0	0.0	0.0	0.0	0.0	0.0	0.0	0.0	0.0	0.0	0.0	0.0	0.0	0.0	0.0	0.0	0.0	0.0	0.0	0.0	0.0	0.0	0.0	0.0	0.0	0.0	0.0	0.0	0.0	0.0	0.0	0.0	0.0	0.0	0.0	0.0	0.0	0.0	0.0	0.0	0.0	0.0	
7.4	8.02	9.86	8.72	4.96	5.16	5.58	5.44	4.42	4.68	4.48	3.18	2.32	1.7	1.36	1.34	1.28	1.1	1.12	0.74	0.88	0.9	0.86	0.48	0.28	0.24	0.28	0.34	0.12	0.24	0.18	0.16	0.22	0.1	0.06	0.12	0.06	0.14	0.0	0.0	0.02	0.08	0.02	0.02	0.04	0.02	0.0	0.0	0.0	0.0	0.0	0.0	0.0	0.0	0.0	0.0	0.0	0.0	0.0	0.0	0.0	0.0	0.0	0.0	0.0	0.0	0.0	0.0	0.0	0.0	0.0	0.0	0.0	0.0	0.0	0.0	0.0	0.0	0.0	0.0	0.0	0.0	0.0	0.0	0.0	0.0	0.0	0.0	0.0	0.0	0.0	0.0	0.0	0.0	0.0	0.0	0.0	0.0	0.0	
7.72	7.9	10.06	7.98	5.46	5.48	5.36	4.84	4.84	4.22	4.08	3.52	2.38	1.92	1.26	1.62	1.1	1.02	1.44	0.94	0.92	0.96	0.74	0.4	0.48	0.38	0.36	0.3	0.36	0.16	0.16	0.14	0.14	0.06	0.16	0.08	0.04	0.02	0.0	0.0	0.0	0.02	0.0	0.04	0.0	0.0	0.0	0.0	0.0	0.0	0.0	0.0	0.0	0.0	0.0	0.0	0.0	0.0	0.0	0.0	0.0	0.0	0.0	0.0	0.0	0.0	0.0	0.0	0.0	0.0	0.0	0.0	0.0	0.0	0.0	0.0	0.0	0.0	0.0	0.0	0.0	0.0	0.0	0.0	0.0	0.0	0.0	0.0	0.0	0.0	0.0	0.0	0.0	0.0	0.0	0.0	0.0	0.0	0.0	
7.7	7.8	8.74	8.26	5.4	5.7	4.42	4.4	4.98	4.62	4.44	3.2	2.96	1.46	1.5	1.26	1.12	1.48	1.4	1.22	1.26	0.88	0.78	0.5	0.28	0.3	0.34	0.26	0.28	0.14	0.18	0.12	0.14	0.16	0.04	0.02	0.04	0.04	0.06	0.0	0.0	0.04	0.04	0.04	0.0	0.02	0.0	0.0	0.0	0.0	0.0	0.0	0.0	0.0	0.0	0.0	0.0	0.0	0.0	0.0	0.0	0.0	0.0	0.0	0.0	0.0	0.0	0.0	0.0	0.0	0.0	0.0	0.0	0.0	0.0	0.0	0.0	0.0	0.0	0.0	0.0	0.0	0.0	0.0	0.0	0.0	0.0	0.0	0.0	0.0	0.0	0.0	0.0	0.0	0.0	0.0	0.0	0.0	0.0	
7.42	6.82	8.64	7.98	5.2	4.94	5.04	4.76	4.56	4.02	5.02	2.86	2.96	1.1	1.46	1.18	0.88	1.0	1.3	1.26	0.98	1.0	0.86	0.3	0.38	0.16	0.18	0.22	0.04	0.2	0.18	0.16	0.12	0.18	0.02	0.06	0.04	0.02	0.02	0.02	0.0	0.04	0.08	0.0	0.0	0.04	0.0	0.0	0.0	0.0	0.0	0.0	0.0	0.0	0.0	0.0	0.0	0.0	0.0	0.0	0.0	0.0	0.0	0.0	0.0	0.0	0.0	0.0	0.0	0.0	0.0	0.0	0.0	0.0	0.0	0.0	0.0	0.0	0.0	0.0	0.0	0.0	0.0	0.0	0.0	0.0	0.0	0.0	0.0	0.0	0.0	0.0	0.0	0.0	0.0	0.0	0.0	0.0	0.0	
7.04	7.24	8.68	8.16	5.6	4.68	4.72	4.42	4.92	4.42	4.14	3.68	2.7	1.82	1.28	1.06	1.16	0.98	1.22	1.06	1.14	0.82	0.86	0.46	0.24	0.32	0.28	0.32	0.32	0.24	0.26	0.16	0.18	0.06	0.1	0.14	0.0	0.0	0.04	0.04	0.0	0.0	0.02	0.02	0.0	0.0	0.0	0.0	0.0	0.0	0.0	0.0	0.0	0.0	0.0	0.0	0.0	0.0	0.0	0.0	0.0	0.0	0.0	0.0	0.0	0.0	0.0	0.0	0.0	0.0	0.0	0.0	0.0	0.0	0.0	0.0	0.0	0.0	0.0	0.0	0.0	0.0	0.0	0.0	0.0	0.0	0.0	0.0	0.0	0.0	0.0	0.0	0.0	0.0	0.0	0.0	0.0	0.0	0.0	
6.84	7.32	8.24	7.26	5.5	4.92	5.3	4.8	4.16	4.38	3.94	2.96	2.8	2.06	1.3	1.08	0.86	0.86	0.98	1.16	0.92	0.78	1.02	0.3	0.4	0.32	0.3	0.22	0.2	0.28	0.16	0.04	0.08	0.18	0.08	0.1	0.04	0.0	0.02	0.04	0.02	0.0	0.02	0.0	0.02	0.04	0.0	0.0	0.0	0.0	0.0	0.0	0.0	0.0	0.0	0.0	0.0	0.0	0.0	0.0	0.0	0.0	0.0	0.0	0.0	0.0	0.0	0.0	0.0	0.0	0.0	0.0	0.0	0.0	0.0	0.0	0.0	0.0	0.0	0.0	0.0	0.0	0.0	0.0	0.0	0.0	0.0	0.0	0.0	0.0	0.0	0.0	0.0	0.0	0.0	0.0	0.0	0.0	0.0	
7.76	7.78	9.4	7.56	5.18	4.7	4.72	4.36	4.44	4.0	3.64	3.28	2.9	1.86	1.52	1.04	1.06	1.26	1.38	1.16	0.86	0.78	0.92	0.36	0.26	0.22	0.22	0.18	0.38	0.18	0.14	0.14	0.12	0.12	0.1	0.04	0.0	0.02	0.0	0.0	0.06	0.04	0.04	0.0	0.0	0.0	0.0	0.0	0.0	0.0	0.0	0.0	0.0	0.0	0.0	0.0	0.0	0.0	0.0	0.0	0.0	0.0	0.0	0.0	0.0	0.0	0.0	0.0	0.0	0.0	0.0	0.0	0.0	0.0	0.0	0.0	0.0	0.0	0.0	0.0	0.0	0.0	0.0	0.0	0.0	0.0	0.0	0.0	0.0	0.0	0.0	0.0	0.0	0.0	0.0	0.0	0.0	0.0	0.0	
6.86	6.88	8.84	8.32	5.48	4.96	4.46	5.16	4.24	4.4	3.62	3.42	2.76	1.46	1.52	1.26	1.36	0.96	1.16	0.88	1.02	0.8	0.88	0.26	0.46	0.22	0.26	0.22	0.3	0.32	0.2	0.1	0.2	0.06	0.14	0.14	0.0	0.04	0.0	0.04	0.02	0.04	0.0	0.04	0.02	0.0	0.0	0.0	0.0	0.0	0.0	0.0	0.0	0.0	0.0	0.0	0.0	0.0	0.0	0.0	0.0	0.0	0.0	0.0	0.0	0.0	0.0	0.0	0.0	0.0	0.0	0.0	0.0	0.0	0.0	0.0	0.0	0.0	0.0	0.0	0.0	0.0	0.0	0.0	0.0	0.0	0.0	0.0	0.0	0.0	0.0	0.0	0.0	0.0	0.0	0.0	0.0	0.0	0.0	
6.74	6.8	9.14	7.54	5.04	4.66	4.74	4.08	3.98	4.54	4.2	3.16	2.98	1.62	1.46	1.3	1.44	1.12	1.04	1.06	0.78	0.98	0.6	0.32	0.32	0.18	0.34	0.24	0.14	0.18	0.18	0.1	0.16	0.1	0.04	0.0	0.0	0.04	0.06	0.04	0.0	0.0	0.02	0.0	0.02	0.0	0.0	0.0	0.0	0.0	0.0	0.0	0.0	0.0	0.0	0.0	0.0	0.0	0.0	0.0	0.0	0.0	0.0	0.0	0.0	0.0	0.0	0.0	0.0	0.0	0.0	0.0	0.0	0.0	0.0	0.0	0.0	0.0	0.0	0.0	0.0	0.0	0.0	0.0	0.0	0.0	0.0	0.0	0.0	0.0	0.0	0.0	0.0	0.0	0.0	0.0	0.0	0.0	0.0	
6.0	5.68	7.76	6.84	4.84	4.74	4.36	4.1	4.38	3.78	3.98	3.12	2.48	1.94	1.2	0.9	1.22	0.82	1.12	0.8	0.92	0.78	0.66	0.28	0.26	0.28	0.18	0.2	0.28	0.16	0.12	0.14	0.06	0.06	0.08	0.04	0.04	0.08	0.02	0.02	0.04	0.0	0.06	0.02	0.0	0.0	0.0	0.0	0.0	0.0	0.0	0.0	0.0	0.0	0.0	0.0	0.0	0.0	0.0	0.0	0.0	0.0	0.0	0.0	0.0	0.0	0.0	0.0	0.0	0.0	0.0	0.0	0.0	0.0	0.0	0.0	0.0	0.0	0.0	0.0	0.0	0.0	0.0	0.0	0.0	0.0	0.0	0.0	0.0	0.0	0.0	0.0	0.0	0.0	0.0	0.0	0.0	0.0	0.0	
6.18	5.9	8.12	6.72	4.2	4.52	3.86	3.86	3.68	3.86	3.86	2.92	2.24	1.34	1.38	1.14	1.18	1.36	0.9	0.62	0.74	0.78	0.72	0.34	0.3	0.22	0.12	0.08	0.14	0.12	0.1	0.12	0.06	0.04	0.08	0.04	0.02	0.02	0.0	0.06	0.0	0.0	0.02	0.0	0.0	0.02	0.0	0.0	0.0	0.0	0.0	0.0	0.0	0.0	0.0	0.0	0.0	0.0	0.0	0.0	0.0	0.0	0.0	0.0	0.0	0.0	0.0	0.0	0.0	0.0	0.0	0.0	0.0	0.0	0.0	0.0	0.0	0.0	0.0	0.0	0.0	0.0	0.0	0.0	0.0	0.0	0.0	0.0	0.0	0.0	0.0	0.0	0.0	0.0	0.0	0.0	0.0	0.0	0.0	
5.42	5.7	7.24	6.92	4.02	4.02	3.72	3.72	3.66	3.54	3.22	2.4	2.32	1.28	1.38	1.2	1.08	0.82	0.96	0.84	0.7	0.66	0.64	0.28	0.32	0.12	0.28	0.3	0.2	0.22	0.1	0.06	0.08	0.14	0.08	0.04	0.06	0.0	0.02	0.02	0.02	0.0	0.02	0.0	0.0	0.0	0.0	0.0	0.0	0.0	0.0	0.0	0.0	0.0	0.0	0.0	0.0	0.0	0.0	0.0	0.0	0.0	0.0	0.0	0.0	0.0	0.0	0.0	0.0	0.0	0.0	0.0	0.0	0.0	0.0	0.0	0.0	0.0	0.0	0.0	0.0	0.0	0.0	0.0	0.0	0.0	0.0	0.0	0.0	0.0	0.0	0.0	0.0	0.0	0.0	0.0	0.0	0.0	0.0	
5.9	5.5	7.18	5.96	4.14	3.66	4.12	3.84	3.52	2.96	3.36	2.72	2.08	1.48	1.16	1.08	1.34	0.74	0.7	0.7	0.66	0.7	0.68	0.32	0.16	0.14	0.16	0.1	0.12	0.08	0.06	0.04	0.12	0.0	0.06	0.08	0.04	0.0	0.0	0.0	0.0	0.02	0.04	0.02	0.0	0.0	0.0	0.0	0.0	0.0	0.0	0.0	0.0	0.0	0.0	0.0	0.0	0.0	0.0	0.0	0.0	0.0	0.0	0.0	0.0	0.0	0.0	0.0	0.0	0.0	0.0	0.0	0.0	0.0	0.0	0.0	0.0	0.0	0.0	0.0	0.0	0.0	0.0	0.0	0.0	0.0	0.0	0.0	0.0	0.0	0.0	0.0	0.0	0.0	0.0	0.0	0.0	0.0	0.0	
4.58	5.76	6.32	5.14	4.02	4.16	4.08	3.6	2.9	3.06	2.96	2.52	1.76	1.46	1.24	1.32	0.96	0.6	0.78	0.86	0.88	0.62	0.5	0.28	0.34	0.14	0.2	0.16	0.14	0.28	0.14	0.08	0.08	0.1	0.06	0.04	0.02	0.0	0.0	0.02	0.02	0.04	0.02	0.0	0.0	0.0	0.0	0.0	0.0	0.0	0.0	0.0	0.0	0.0	0.0	0.0	0.0	0.0	0.0	0.0	0.0	0.0	0.0	0.0	0.0	0.0	0.0	0.0	0.0	0.0	0.0	0.0	0.0	0.0	0.0	0.0	0.0	0.0	0.0	0.0	0.0	0.0	0.0	0.0	0.0	0.0	0.0	0.0	0.0	0.0	0.0	0.0	0.0	0.0	0.0	0.0	0.0	0.0	0.0	
5.54	5.06	6.18	5.56	3.3	3.68	3.5	3.48	3.34	3.34	3.06	2.58	1.66	1.28	0.96	0.52	1.02	0.96	0.82	0.82	0.66	0.6	0.7	0.28	0.32	0.06	0.14	0.26	0.16	0.14	0.12	0.0	0.04	0.06	0.02	0.14	0.04	0.0	0.02	0.0	0.0	0.02	0.0	0.04	0.0	0.02	0.0	0.02	0.0	0.0	0.0	0.0	0.0	0.0	0.0	0.0	0.0	0.0	0.0	0.0	0.0	0.0	0.0	0.0	0.0	0.0	0.0	0.0	0.0	0.0	0.0	0.0	0.0	0.0	0.0	0.0	0.0	0.0	0.0	0.0	0.0	0.0	0.0	0.0	0.0	0.0	0.0	0.0	0.0	0.0	0.0	0.0	0.0	0.0	0.0	0.0	0.0	0.0	0.0	
4.26	4.96	5.94	5.54	3.58	3.46	3.38	3.14	2.76	2.68	3.12	2.04	1.44	1.02	1.32	1.1	0.74	0.66	0.74	0.94	0.66	0.54	0.6	0.22	0.14	0.04	0.14	0.16	0.12	0.08	0.08	0.04	0.14	0.12	0.06	0.04	0.06	0.02	0.0	0.0	0.02	0.04	0.0	0.02	0.0	0.0	0.0	0.0	0.0	0.0	0.0	0.0	0.0	0.0	0.0	0.0	0.0	0.0	0.0	0.0	0.0	0.0	0.0	0.0	0.0	0.0	0.0	0.0	0.0	0.0	0.0	0.0	0.0	0.0	0.0	0.0	0.0	0.0	0.0	0.0	0.0	0.0	0.0	0.0	0.0	0.0	0.0	0.0	0.0	0.0	0.0	0.0	0.0	0.0	0.0	0.0	0.0	0.0	0.0	
4.5	4.78	5.66	5.22	2.84	3.26	2.84	2.56	3.24	2.72	3.02	2.2	2.24	1.2	1.04	0.82	0.86	0.64	0.62	0.74	0.46	0.68	0.5	0.18	0.24	0.14	0.14	0.16	0.08	0.08	0.14	0.12	0.08	0.08	0.06	0.04	0.02	0.0	0.02	0.0	0.0	0.02	0.04	0.0	0.02	0.02	0.0	0.0	0.0	0.0	0.0	0.0	0.0	0.0	0.0	0.0	0.0	0.0	0.0	0.0	0.0	0.0	0.0	0.0	0.0	0.0	0.0	0.0	0.0	0.0	0.0	0.0	0.0	0.0	0.0	0.0	0.0	0.0	0.0	0.0	0.0	0.0	0.0	0.0	0.0	0.0	0.0	0.0	0.0	0.0	0.0	0.0	0.0	0.0	0.0	0.0	0.0	0.0	0.0	
4.24	4.5	5.18	4.84	2.84	2.82	3.04	2.42	2.6	2.56	2.52	2.04	2.0	1.16	0.86	0.66	0.86	0.4	0.64	0.6	0.68	0.44	0.6	0.34	0.18	0.14	0.12	0.12	0.2	0.14	0.22	0.04	0.04	0.08	0.12	0.04	0.0	0.04	0.04	0.04	0.0	0.0	0.0	0.0	0.0	0.0	0.0	0.0	0.0	0.0	0.0	0.0	0.0	0.0	0.0	0.0	0.0	0.0	0.0	0.0	0.0	0.0	0.0	0.0	0.0	0.0	0.0	0.0	0.0	0.0	0.0	0.0	0.0	0.0	0.0	0.0	0.0	0.0	0.0	0.0	0.0	0.0	0.0	0.0	0.0	0.0	0.0	0.0	0.0	0.0	0.0	0.0	0.0	0.0	0.0	0.0	0.0	0.0	0.0	
3.74	4.54	5.32	3.92	3.12	3.08	2.5	2.48	2.62	2.4	2.22	2.16	1.9	1.22	0.66	0.68	0.96	0.7	0.48	0.64	0.46	0.5	0.42	0.26	0.14	0.1	0.1	0.12	0.12	0.2	0.06	0.04	0.1	0.12	0.02	0.04	0.04	0.02	0.02	0.0	0.02	0.0	0.02	0.0	0.0	0.0	0.0	0.0	0.0	0.0	0.0	0.0	0.0	0.0	0.0	0.0	0.0	0.0	0.0	0.0	0.0	0.0	0.0	0.0	0.0	0.0	0.0	0.0	0.0	0.0	0.0	0.0	0.0	0.0	0.0	0.0	0.0	0.0	0.0	0.0	0.0	0.0	0.0	0.0	0.0	0.0	0.0	0.0	0.0	0.0	0.0	0.0	0.0	0.0	0.0	0.0	0.0	0.0	0.0	
3.8	3.42	4.8	4.24	2.98	2.32	2.72	2.32	2.46	2.68	2.28	2.04	1.74	0.94	0.86	0.74	1.06	0.48	0.74	0.48	0.44	0.26	0.3	0.16	0.12	0.16	0.2	0.18	0.1	0.1	0.08	0.12	0.1	0.1	0.02	0.04	0.0	0.0	0.02	0.02	0.0	0.02	0.0	0.0	0.0	0.0	0.0	0.0	0.0	0.0	0.0	0.0	0.0	0.0	0.0	0.0	0.0	0.0	0.0	0.0	0.0	0.0	0.0	0.0	0.0	0.0	0.0	0.0	0.0	0.0	0.0	0.0	0.0	0.0	0.0	0.0	0.0	0.0	0.0	0.0	0.0	0.0	0.0	0.0	0.0	0.0	0.0	0.0	0.0	0.0	0.0	0.0	0.0	0.0	0.0	0.0	0.0	0.0	0.0	
3.68	3.42	4.28	4.32	2.86	2.72	2.46	2.52	2.4	2.3	2.2	2.02	1.78	1.06	0.74	0.58	0.66	0.44	0.46	0.68	0.4	0.56	0.3	0.2	0.2	0.18	0.1	0.1	0.12	0.08	0.04	0.06	0.04	0.06	0.02	0.06	0.0	0.0	0.02	0.02	0.0	0.0	0.0	0.0	0.0	0.0	0.0	0.0	0.0	0.0	0.0	0.0	0.0	0.0	0.0	0.0	0.0	0.0	0.0	0.0	0.0	0.0	0.0	0.0	0.0	0.0	0.0	0.0	0.0	0.0	0.0	0.0	0.0	0.0	0.0	0.0	0.0	0.0	0.0	0.0	0.0	0.0	0.0	0.0	0.0	0.0	0.0	0.0	0.0	0.0	0.0	0.0	0.0	0.0	0.0	0.0	0.0	0.0	0.0	
3.56	3.88	4.58	4.22	2.44	2.68	2.08	1.8	2.04	2.18	2.16	1.56	1.1	0.64	0.98	0.56	0.64	0.42	0.44	0.48	0.4	0.54	0.32	0.24	0.16	0.08	0.08	0.14	0.08	0.06	0.04	0.08	0.06	0.02	0.04	0.08	0.02	0.04	0.0	0.02	0.02	0.0	0.02	0.0	0.0	0.02	0.0	0.0	0.0	0.0	0.0	0.0	0.0	0.0	0.0	0.0	0.0	0.0	0.0	0.0	0.0	0.0	0.0	0.0	0.0	0.0	0.0	0.0	0.0	0.0	0.0	0.0	0.0	0.0	0.0	0.0	0.0	0.0	0.0	0.0	0.0	0.0	0.0	0.0	0.0	0.0	0.0	0.0	0.0	0.0	0.0	0.0	0.0	0.0	0.0	0.0	0.0	0.0	0.0	
3.44	3.44	4.62	3.64	2.2	2.5	2.08	2.34	1.92	1.86	2.12	2.12	1.2	0.88	0.64	0.38	0.52	0.42	0.34	0.44	0.38	0.32	0.36	0.16	0.1	0.12	0.06	0.04	0.16	0.04	0.0	0.12	0.04	0.08	0.0	0.06	0.0	0.02	0.0	0.0	0.0	0.02	0.0	0.04	0.0	0.0	0.0	0.0	0.0	0.0	0.0	0.0	0.0	0.0	0.0	0.0	0.0	0.0	0.0	0.0	0.0	0.0	0.0	0.0	0.0	0.0	0.0	0.0	0.0	0.0	0.0	0.0	0.0	0.0	0.0	0.0	0.0	0.0	0.0	0.0	0.0	0.0	0.0	0.0	0.0	0.0	0.0	0.0	0.0	0.0	0.0	0.0	0.0	0.0	0.0	0.0	0.0	0.0	0.0	
3.32	3.54	3.96	3.18	2.46	2.2	2.06	1.84	1.78	2.02	1.72	1.36	0.94	0.74	0.8	0.68	0.42	0.46	0.42	0.36	0.42	0.3	0.3	0.08	0.12	0.08	0.04	0.06	0.12	0.12	0.02	0.02	0.02	0.04	0.02	0.04	0.02	0.02	0.0	0.0	0.0	0.02	0.0	0.02	0.0	0.0	0.0	0.0	0.0	0.0	0.0	0.0	0.0	0.0	0.0	0.0	0.0	0.0	0.0	0.0	0.0	0.0	0.0	0.0	0.0	0.0	0.0	0.0	0.0	0.0	0.0	0.0	0.0	0.0	0.0	0.0	0.0	0.0	0.0	0.0	0.0	0.0	0.0	0.0	0.0	0.0	0.0	0.0	0.0	0.0	0.0	0.0	0.0	0.0	0.0	0.0	0.0	0.0	0.0	
2.84	3.48	3.62	3.12	2.36	2.44	1.86	1.78	1.9	1.92	2.18	1.56	0.8	0.72	0.64	0.44	0.54	0.32	0.38	0.32	0.36	0.38	0.36	0.1	0.12	0.08	0.06	0.12	0.1	0.12	0.0	0.04	0.02	0.04	0.08	0.02	0.02	0.0	0.0	0.0	0.0	0.0	0.02	0.0	0.0	0.0	0.0	0.0	0.0	0.0	0.0	0.0	0.0	0.0	0.0	0.0	0.0	0.0	0.0	0.0	0.0	0.0	0.0	0.0	0.0	0.0	0.0	0.0	0.0	0.0	0.0	0.0	0.0	0.0	0.0	0.0	0.0	0.0	0.0	0.0	0.0	0.0	0.0	0.0	0.0	0.0	0.0	0.0	0.0	0.0	0.0	0.0	0.0	0.0	0.0	0.0	0.0	0.0	0.0	
2.5	2.84	3.92	3.82	2.22	1.68	1.82	2.0	1.72	1.9	1.86	1.28	1.2	0.74	0.56	0.56	0.7	0.42	0.46	0.46	0.46	0.3	0.28	0.24	0.08	0.12	0.1	0.02	0.1	0.1	0.06	0.02	0.02	0.06	0.0	0.04	0.0	0.0	0.02	0.0	0.04	0.0	0.0	0.0	0.0	0.0	0.0	0.0	0.0	0.0	0.0	0.0	0.0	0.0	0.0	0.0	0.0	0.0	0.0	0.0	0.0	0.0	0.0	0.0	0.0	0.0	0.0	0.0	0.0	0.0	0.0	0.0	0.0	0.0	0.0	0.0	0.0	0.0	0.0	0.0	0.0	0.0	0.0	0.0	0.0	0.0	0.0	0.0	0.0	0.0	0.0	0.0	0.0	0.0	0.0	0.0	0.0	0.0	0.0	
2.9	3.44	3.8	3.28	2.38	2.2	1.9	1.94	2.2	1.52	1.76	1.3	1.06	0.58	0.62	0.62	0.68	0.48	0.3	0.32	0.46	0.28	0.2	0.06	0.08	0.12	0.04	0.0	0.06	0.04	0.04	0.0	0.06	0.06	0.02	0.06	0.02	0.0	0.02	0.0	0.02	0.0	0.0	0.08	0.0	0.0	0.0	0.0	0.0	0.0	0.0	0.0	0.0	0.0	0.0	0.0	0.0	0.0	0.0	0.0	0.0	0.0	0.0	0.0	0.0	0.0	0.0	0.0	0.0	0.0	0.0	0.0	0.0	0.0	0.0	0.0	0.0	0.0	0.0	0.0	0.0	0.0	0.0	0.0	0.0	0.0	0.0	0.0	0.0	0.0	0.0	0.0	0.0	0.0	0.0	0.0	0.0	0.0	0.0	
2.6	2.62	3.48	3.0	2.14	1.62	1.86	1.84	1.4	1.46	1.96	1.16	0.98	0.5	0.54	0.5	0.46	0.34	0.32	0.4	0.34	0.3	0.36	0.06	0.08	0.12	0.08	0.04	0.02	0.08	0.06	0.06	0.02	0.06	0.02	0.02	0.02	0.02	0.0	0.0	0.0	0.02	0.02	0.02	0.0	0.0	0.0	0.0	0.0	0.0	0.0	0.0	0.0	0.0	0.0	0.0	0.0	0.0	0.0	0.0	0.0	0.0	0.0	0.0	0.0	0.0	0.0	0.0	0.0	0.0	0.0	0.0	0.0	0.0	0.0	0.0	0.0	0.0	0.0	0.0	0.0	0.0	0.0	0.0	0.0	0.0	0.0	0.0	0.0	0.0	0.0	0.0	0.0	0.0	0.0	0.0	0.0	0.0	0.0	
2.54	2.62	3.34	3.62	1.9	1.96	2.16	1.72	1.44	1.62	1.42	0.9	0.88	0.6	0.52	0.48	0.66	0.18	0.4	0.48	0.42	0.28	0.16	0.1	0.12	0.08	0.06	0.12	0.08	0.08	0.0	0.06	0.04	0.06	0.06	0.02	0.04	0.0	0.0	0.02	0.0	0.0	0.0	0.0	0.0	0.02	0.0	0.0	0.0	0.0	0.0	0.0	0.0	0.0	0.0	0.0	0.0	0.0	0.0	0.0	0.0	0.0	0.0	0.0	0.0	0.0	0.0	0.0	0.0	0.0	0.0	0.0	0.0	0.0	0.0	0.0	0.0	0.0	0.0	0.0	0.0	0.0	0.0	0.0	0.0	0.0	0.0	0.0	0.0	0.0	0.0	0.0	0.0	0.0	0.0	0.0	0.0	0.0	0.0	
