0.01	0.514949494949	1.0198989899	1.52484848485	2.0297979798	2.53474747475	3.0396969697	3.54464646465	4.0495959596	4.55454545455	5.05949494949	5.56444444444	6.06939393939	6.57434343434	7.07929292929	7.58424242424	8.08919191919	8.59414141414	9.09909090909	9.60404040404	10.108989899	10.6139393939	11.1188888889	11.6238383838	12.1287878788	12.6337373737	13.1386868687	13.6436363636	14.1485858586	14.6535353535	15.1584848485	15.6634343434	16.1683838384	16.6733333333	17.1782828283	17.6832323232	18.1881818182	18.6931313131	19.1980808081	19.703030303	20.207979798	20.7129292929	21.2178787879	21.7228282828	22.2277777778	22.7327272727	23.2376767677	23.7426262626	24.2475757576	24.7525252525	25.2574747475	25.7624242424	26.2673737374	26.7723232323	27.2772727273	27.7822222222	28.2871717172	28.7921212121	29.2970707071	29.802020202	30.306969697	30.8119191919	31.3168686869	31.8218181818	32.3267676768	32.8317171717	33.3366666667	33.8416161616	34.3465656566	34.8515151515	35.3564646465	35.8614141414	36.3663636364	36.8713131313	37.3762626263	37.8812121212	38.3861616162	38.8911111111	39.3960606061	39.901010101	40.405959596	40.9109090909	41.4158585859	41.9208080808	42.4257575758	42.9307070707	43.4356565657	43.9406060606	44.4455555556	44.9505050505	45.4554545455	45.9604040404	46.4653535354	46.9703030303	47.4752525253	47.9802020202	48.4851515152	48.9901010101	49.4950505051	50.0	
0.0	0.0	0.0	0.0	0.0	0.0	0.0	0.0	0.0	0.0	0.0	0.0	0.0	0.0	0.0	0.0	0.0	0.0	0.0	0.0	0.0	0.0	0.0	0.0	0.0	0.0	0.0	0.0	0.0	0.0	0.0	0.0	0.0	0.0	0.0	0.0	0.0	0.0	0.0	0.0	0.0	0.0	0.0	0.0	0.0	0.0	0.0	0.0	0.0	0.0	0.0	0.0	0.0	0.0	0.0	0.0	0.0	0.0	0.0	0.0	0.0	0.0	0.0	0.0	0.0	0.0	0.0	0.0	0.0	0.0	0.0	0.0	0.0	0.0	0.0	0.0	0.0	0.0	0.0	0.0	0.0	0.0	0.0	0.0	0.0	0.0	0.0	0.0	0.0	0.0	0.0	0.0	0.0	0.0	0.0	0.0	0.0	0.0	0.0	
0.0	0.0	0.0	0.0	0.0	0.0	0.0	0.0	0.0	0.0	0.0	0.0	0.0	0.0	0.0	0.0	0.0	0.0	0.0	0.0	0.0	0.0	0.0	0.0	0.0	0.0	0.0	0.0	0.0	0.0	0.0	0.0	0.0	0.0	0.0	0.0	0.0	0.0	0.0	0.0	0.0	0.0	0.0	0.0	0.0	0.0	0.0	0.0	0.0	0.0	0.0	0.0	0.0	0.0	0.0	0.0	0.0	0.0	0.0	0.0	0.0	0.0	0.0	0.0	0.0	0.0	0.0	0.0	0.0	0.0	0.0	0.0	0.0	0.0	0.0	0.0	0.0	0.0	0.0	0.0	0.0	0.0	0.0	0.0	0.0	0.0	0.0	0.0	0.0	0.0	0.0	0.0	0.0	0.0	0.0	0.0	0.0	0.0	0.0	
0.0	0.0	0.0	0.0	0.0	0.0	0.0	0.0	0.0	0.0	0.0	0.0	0.0	0.0	0.0	0.0	0.0	0.0	0.0	0.0	0.0	0.0	0.0	0.0	0.0	0.0	0.0	0.0	0.0	0.0	0.0	0.0	0.0	0.0	0.0	0.0	0.0	0.0	0.0	0.0	0.0	0.0	0.0	0.0	0.0	0.0	0.0	0.0	0.0	0.0	0.0	0.0	0.0	0.0	0.0	0.0	0.0	0.0	0.0	0.0	0.0	0.0	0.0	0.0	0.0	0.0	0.0	0.0	0.0	0.0	0.0	0.0	0.0	0.0	0.0	0.0	0.0	0.0	0.0	0.0	0.0	0.0	0.0	0.0	0.0	0.0	0.0	0.0	0.0	0.0	0.0	0.0	0.0	0.0	0.0	0.0	0.0	0.0	0.0	
0.0	0.0	0.0	0.0	0.0	0.0	0.0	0.0	0.0	0.0	0.0	0.0	0.0	0.0	0.0	0.0	0.0	0.0	0.0	0.0	0.0	0.0	0.0	0.0	0.0	0.0	0.0	0.0	0.0	0.0	0.0	0.0	0.0	0.0	0.0	0.0	0.0	0.0	0.0	0.0	0.0	0.0	0.0	0.0	0.0	0.0	0.0	0.0	0.0	0.0	0.0	0.0	0.0	0.0	0.0	0.0	0.0	0.0	0.0	0.0	0.0	0.0	0.0	0.0	0.0	0.0	0.0	0.0	0.0	0.0	0.0	0.0	0.0	0.0	0.0	0.0	0.0	0.0	0.0	0.0	0.0	0.0	0.0	0.0	0.0	0.0	0.0	0.0	0.0	0.0	0.0	0.0	0.0	0.0	0.0	0.0	0.0	0.0	0.0	
0.0	0.0	0.0	0.0	0.0	0.0	0.0	0.0	0.0	0.0	0.0	0.0	0.0	0.0	0.0	0.0	0.0	0.0	0.0	0.0	0.0	0.0	0.0	0.0	0.0	0.0	0.0	0.0	0.0	0.0	0.0	0.0	0.0	0.0	0.0	0.0	0.0	0.0	0.0	0.0	0.0	0.0	0.0	0.0	0.0	0.0	0.0	0.0	0.0	0.0	0.0	0.0	0.0	0.0	0.0	0.0	0.0	0.0	0.0	0.0	0.0	0.0	0.0	0.0	0.0	0.0	0.0	0.0	0.0	0.0	0.0	0.0	0.0	0.0	0.0	0.0	0.0	0.0	0.0	0.0	0.0	0.0	0.0	0.0	0.0	0.0	0.0	0.0	0.0	0.0	0.0	0.0	0.0	0.0	0.0	0.0	0.0	0.0	0.0	
0.0	0.0	0.0	0.0	0.0	0.0	0.0	0.0	0.0	0.0	0.0	0.0	0.0	0.0	0.0	0.0	0.0	0.0	0.0	0.0	0.0	0.0	0.0	0.0	0.0	0.0	0.0	0.0	0.0	0.0	0.0	0.0	0.0	0.0	0.0	0.0	0.0	0.0	0.0	0.0	0.0	0.0	0.0	0.0	0.0	0.0	0.0	0.0	0.0	0.0	0.0	0.0	0.0	0.0	0.0	0.0	0.0	0.0	0.0	0.0	0.0	0.0	0.0	0.0	0.0	0.0	0.0	0.0	0.0	0.0	0.0	0.0	0.0	0.0	0.0	0.0	0.0	0.0	0.0	0.0	0.0	0.0	0.0	0.0	0.0	0.0	0.0	0.0	0.0	0.0	0.0	0.0	0.0	0.0	0.0	0.0	0.0	0.0	0.0	
0.0	0.0	0.0	0.0	0.0	0.0	0.0	0.0	0.0	0.0	0.0	0.0	0.0	0.0	0.0	0.0	0.0	0.0	0.0	0.0	0.0	0.0	0.0	0.0	0.0	0.0	0.0	0.0	0.0	0.0	0.0	0.0	0.0	0.0	0.0	0.0	0.0	0.0	0.0	0.0	0.0	0.0	0.0	0.0	0.0	0.0	0.0	0.0	0.0	0.0	0.0	0.0	0.0	0.0	0.0	0.0	0.0	0.0	0.0	0.0	0.0	0.0	0.0	0.0	0.0	0.0	0.0	0.0	0.0	0.0	0.0	0.0	0.0	0.0	0.0	0.0	0.0	0.0	0.0	0.0	0.0	0.0	0.0	0.0	0.0	0.0	0.0	0.0	0.0	0.0	0.0	0.0	0.0	0.0	0.0	0.0	0.0	0.0	0.0	
0.0	0.0	0.0	0.0	0.0	0.0	0.0	0.0	0.0	0.0	0.0	0.0	0.0	0.0	0.0	0.0	0.0	0.0	0.0	0.0	0.0	0.0	0.0	0.0	0.0	0.0	0.0	0.0	0.0	0.0	0.0	0.0	0.0	0.0	0.0	0.0	0.0	0.0	0.0	0.0	0.0	0.0	0.0	0.0	0.0	0.0	0.0	0.0	0.0	0.0	0.0	0.0	0.0	0.0	0.0	0.0	0.0	0.0	0.0	0.0	0.0	0.0	0.0	0.0	0.0	0.0	0.0	0.0	0.0	0.0	0.0	0.0	0.0	0.0	0.0	0.0	0.0	0.0	0.0	0.0	0.0	0.0	0.0	0.0	0.0	0.0	0.0	0.0	0.0	0.0	0.0	0.0	0.0	0.0	0.0	0.0	0.0	0.0	0.0	
0.0	0.0	0.0	0.0	0.0	0.0	0.0	0.0	0.0	0.0	0.0	0.0	0.0	0.0	0.0	0.0	0.0	0.0	0.0	0.0	0.0	0.0	0.0	0.0	0.0	0.0	0.0	0.0	0.0	0.0	0.0	0.0	0.0	0.0	0.0	0.0	0.0	0.0	0.0	0.0	0.0	0.0	0.0	0.0	0.0	0.0	0.0	0.0	0.0	0.0	0.0	0.0	0.0	0.0	0.0	0.0	0.0	0.0	0.0	0.0	0.0	0.0	0.0	0.0	0.0	0.0	0.0	0.0	0.0	0.0	0.0	0.0	0.0	0.0	0.0	0.0	0.0	0.0	0.0	0.0	0.0	0.0	0.0	0.0	0.0	0.0	0.0	0.0	0.0	0.0	0.0	0.0	0.0	0.0	0.0	0.0	0.0	0.0	0.0	
0.0	0.0	0.0	0.0	0.0	0.0	0.0	0.0	0.0	0.0	0.0	0.0	0.0	0.0	0.0	0.0	0.0	0.0	0.0	0.0	0.0	0.0	0.0	0.0	0.0	0.0	0.0	0.0	0.0	0.0	0.0	0.0	0.0	0.0	0.0	0.0	0.0	0.0	0.0	0.0	0.0	0.0	0.0	0.0	0.0	0.0	0.0	0.0	0.0	0.0	0.0	0.0	0.0	0.0	0.0	0.0	0.0	0.0	0.0	0.0	0.0	0.0	0.0	0.0	0.0	0.0	0.0	0.0	0.0	0.0	0.0	0.0	0.0	0.0	0.0	0.0	0.0	0.0	0.0	0.0	0.0	0.0	0.0	0.0	0.0	0.0	0.0	0.0	0.0	0.0	0.0	0.0	0.0	0.0	0.0	0.0	0.0	0.0	0.0	
0.0	0.0	0.0	0.0	0.0	0.0	0.0	0.0	0.0	0.0	0.0	0.0	0.0	0.0	0.0	0.0	0.0	0.0	0.0	0.0	0.0	0.0	0.0	0.0	0.0	0.0	0.0	0.0	0.0	0.0	0.0	0.0	0.0	0.0	0.0	0.0	0.0	0.0	0.0	0.0	0.0	0.0	0.0	0.0	0.0	0.0	0.0	0.0	0.0	0.0	0.0	0.0	0.0	0.0	0.0	0.0	0.0	0.0	0.0	0.0	0.0	0.0	0.0	0.0	0.0	0.0	0.0	0.0	0.0	0.0	0.0	0.0	0.0	0.0	0.0	0.0	0.0	0.0	0.0	0.0	0.0	0.0	0.0	0.0	0.0	0.0	0.0	0.0	0.0	0.0	0.0	0.0	0.0	0.0	0.0	0.0	0.0	0.0	0.0	
0.0	0.0	0.0	0.0	0.0	0.0	0.0	0.0	0.0	0.0	0.0	0.0	0.0	0.0	0.0	0.0	0.0	0.0	0.0	0.0	0.0	0.0	0.0	0.0	0.0	0.0	0.0	0.0	0.0	0.0	0.0	0.0	0.0	0.0	0.0	0.0	0.0	0.0	0.0	0.0	0.0	0.0	0.0	0.0	0.0	0.0	0.0	0.0	0.0	0.0	0.0	0.0	0.0	0.0	0.0	0.0	0.0	0.0	0.0	0.0	0.0	0.0	0.0	0.0	0.0	0.0	0.0	0.0	0.0	0.0	0.0	0.0	0.0	0.0	0.0	0.0	0.0	0.0	0.0	0.0	0.0	0.0	0.0	0.0	0.0	0.0	0.0	0.0	0.0	0.0	0.0	0.0	0.0	0.0	0.0	0.0	0.0	0.0	0.0	
0.0	0.0	0.0	0.0	0.0	0.0	0.0	0.0	0.0	0.0	0.0	0.0	0.0	0.0	0.0	0.0	0.0	0.0	0.0	0.0	0.0	0.0	0.0	0.0	0.0	0.0	0.0	0.0	0.0	0.0	0.0	0.0	0.0	0.0	0.0	0.0	0.0	0.0	0.0	0.0	0.0	0.0	0.0	0.0	0.0	0.0	0.0	0.0	0.0	0.0	0.0	0.0	0.0	0.0	0.0	0.0	0.0	0.0	0.0	0.0	0.0	0.0	0.0	0.0	0.0	0.0	0.0	0.0	0.0	0.0	0.0	0.0	0.0	0.0	0.0	0.0	0.0	0.0	0.0	0.0	0.0	0.0	0.0	0.0	0.0	0.0	0.0	0.0	0.0	0.0	0.0	0.0	0.0	0.0	0.0	0.0	0.0	0.0	0.0	
0.0	0.0	0.0	0.0	0.0	0.0	0.0	0.0	0.0	0.0	0.0	0.0	0.0	0.0	0.0	0.0	0.0	0.0	0.0	0.0	0.0	0.0	0.0	0.0	0.0	0.0	0.0	0.0	0.0	0.0	0.0	0.0	0.0	0.0	0.0	0.0	0.0	0.0	0.0	0.0	0.0	0.0	0.0	0.0	0.0	0.0	0.0	0.0	0.0	0.0	0.0	0.0	0.0	0.0	0.0	0.0	0.0	0.0	0.0	0.0	0.0	0.0	0.0	0.0	0.0	0.0	0.0	0.0	0.0	0.0	0.0	0.0	0.0	0.0	0.0	0.0	0.0	0.0	0.0	0.0	0.0	0.0	0.0	0.0	0.0	0.0	0.0	0.0	0.0	0.0	0.0	0.0	0.0	0.0	0.0	0.0	0.0	0.0	0.0	
0.0	0.0	0.0	0.0	0.0	0.0	0.0	0.0	0.0	0.0	0.0	0.0	0.0	0.0	0.0	0.0	0.0	0.0	0.0	0.0	0.0	0.0	0.0	0.0	0.0	0.0	0.0	0.0	0.0	0.0	0.0	0.0	0.0	0.0	0.0	0.0	0.0	0.0	0.0	0.0	0.0	0.0	0.0	0.0	0.0	0.0	0.0	0.0	0.0	0.0	0.0	0.0	0.0	0.0	0.0	0.0	0.0	0.0	0.0	0.0	0.0	0.0	0.0	0.0	0.0	0.0	0.0	0.0	0.0	0.0	0.0	0.0	0.0	0.0	0.0	0.0	0.0	0.0	0.0	0.0	0.0	0.0	0.0	0.0	0.0	0.0	0.0	0.0	0.0	0.0	0.0	0.0	0.0	0.0	0.0	0.0	0.0	0.0	0.0	
0.0	0.0	0.0	0.0	0.0	0.0	0.0	0.0	0.0	0.0	0.0	0.0	0.0	0.0	0.0	0.0	0.0	0.0	0.0	0.0	0.0	0.0	0.0	0.0	0.0	0.0	0.0	0.0	0.0	0.0	0.0	0.0	0.0	0.0	0.0	0.0	0.0	0.0	0.0	0.0	0.0	0.0	0.0	0.0	0.0	0.0	0.0	0.0	0.0	0.0	0.0	0.0	0.0	0.0	0.0	0.0	0.0	0.0	0.0	0.0	0.0	0.0	0.0	0.0	0.0	0.0	0.0	0.0	0.0	0.0	0.0	0.0	0.0	0.0	0.0	0.0	0.0	0.0	0.0	0.0	0.0	0.0	0.0	0.0	0.0	0.0	0.0	0.0	0.0	0.0	0.0	0.0	0.0	0.0	0.0	0.0	0.0	0.0	0.0	
0.0	0.0	0.0	0.0	0.0	0.0	0.0	0.0	0.0	0.0	0.0	0.0	0.0	0.0	0.0	0.0	0.0	0.0	0.0	0.0	0.0	0.0	0.0	0.0	0.0	0.0	0.0	0.0	0.0	0.0	0.0	0.0	0.0	0.0	0.0	0.0	0.0	0.0	0.0	0.0	0.0	0.0	0.0	0.0	0.0	0.0	0.0	0.0	0.0	0.0	0.0	0.0	0.0	0.0	0.0	0.0	0.0	0.0	0.0	0.0	0.0	0.0	0.0	0.0	0.0	0.0	0.0	0.0	0.0	0.0	0.0	0.0	0.0	0.0	0.0	0.0	0.0	0.0	0.0	0.0	0.0	0.0	0.0	0.0	0.0	0.0	0.0	0.0	0.0	0.0	0.0	0.0	0.0	0.0	0.0	0.0	0.0	0.0	0.0	
0.0	0.0	0.0	0.0	0.0	0.0	0.0	0.0	0.0	0.0	0.0	0.0	0.0	0.0	0.0	0.0	0.0	0.0	0.0	0.0	0.0	0.0	0.0	0.0	0.0	0.0	0.0	0.0	0.0	0.0	0.0	0.0	0.0	0.0	0.0	0.0	0.0	0.0	0.0	0.0	0.0	0.0	0.0	0.0	0.0	0.0	0.0	0.0	0.0	0.0	0.0	0.0	0.0	0.0	0.0	0.0	0.0	0.0	0.0	0.0	0.0	0.0	0.0	0.0	0.0	0.0	0.0	0.0	0.0	0.0	0.0	0.0	0.0	0.0	0.0	0.0	0.0	0.0	0.0	0.0	0.0	0.0	0.0	0.0	0.0	0.0	0.0	0.0	0.0	0.0	0.0	0.0	0.0	0.0	0.0	0.0	0.0	0.0	0.0	
0.0	0.0	0.0	0.0	0.0	0.0	0.0	0.0	0.0	0.0	0.0	0.0	0.0	0.0	0.0	0.0	0.0	0.0	0.0	0.0	0.0	0.0	0.0	0.0	0.0	0.0	0.0	0.0	0.0	0.0	0.0	0.0	0.0	0.0	0.0	0.0	0.0	0.0	0.0	0.0	0.0	0.0	0.0	0.0	0.0	0.0	0.0	0.0	0.0	0.0	0.0	0.0	0.0	0.0	0.0	0.0	0.0	0.0	0.0	0.0	0.0	0.0	0.0	0.0	0.0	0.0	0.0	0.0	0.0	0.0	0.0	0.0	0.0	0.0	0.0	0.0	0.0	0.0	0.0	0.0	0.0	0.0	0.0	0.0	0.0	0.0	0.0	0.0	0.0	0.0	0.0	0.0	0.0	0.0	0.0	0.0	0.0	0.0	0.0	
0.0	0.0	0.0	0.0	0.0	0.0	0.0	0.0	0.0	0.0	0.0	0.0	0.0	0.0	0.0	0.0	0.0	0.0	0.0	0.0	0.0	0.0	0.0	0.0	0.0	0.0	0.0	0.0	0.0	0.0	0.0	0.0	0.0	0.0	0.0	0.0	0.0	0.0	0.0	0.0	0.0	0.0	0.0	0.0	0.0	0.0	0.0	0.0	0.0	0.0	0.0	0.0	0.0	0.0	0.0	0.0	0.0	0.0	0.0	0.0	0.0	0.0	0.0	0.0	0.0	0.0	0.0	0.0	0.0	0.0	0.0	0.0	0.0	0.0	0.0	0.0	0.0	0.0	0.0	0.0	0.0	0.0	0.0	0.0	0.0	0.0	0.0	0.0	0.0	0.0	0.0	0.0	0.0	0.0	0.0	0.0	0.0	0.0	0.0	
0.0	0.0	0.0	0.0	0.0	0.0	0.0	0.0	0.0	0.0	0.0	0.0	0.0	0.0	0.0	0.0	0.0	0.0	0.0	0.0	0.0	0.0	0.0	0.0	0.0	0.0	0.0	0.0	0.0	0.0	0.0	0.0	0.0	0.0	0.0	0.0	0.0	0.0	0.0	0.0	0.0	0.0	0.0	0.0	0.0	0.0	0.0	0.0	0.0	0.0	0.0	0.0	0.0	0.0	0.0	0.0	0.0	0.0	0.0	0.0	0.0	0.0	0.0	0.0	0.0	0.0	0.0	0.0	0.0	0.0	0.0	0.0	0.0	0.0	0.0	0.0	0.0	0.0	0.0	0.0	0.0	0.0	0.0	0.0	0.0	0.0	0.0	0.0	0.0	0.0	0.0	0.0	0.0	0.0	0.0	0.0	0.0	0.0	0.0	
0.0	0.0	0.0	0.0	0.0	0.0	0.0	0.0	0.0	0.0	0.0	0.0	0.0	0.0	0.0	0.0	0.0	0.0	0.0	0.0	0.0	0.0	0.0	0.0	0.0	0.0	0.0	0.0	0.0	0.0	0.0	0.0	0.0	0.0	0.0	0.0	0.0	0.0	0.0	0.0	0.0	0.0	0.0	0.0	0.0	0.0	0.0	0.0	0.0	0.0	0.0	0.0	0.0	0.0	0.0	0.0	0.0	0.0	0.0	0.0	0.0	0.0	0.0	0.0	0.0	0.0	0.0	0.0	0.0	0.0	0.0	0.0	0.0	0.0	0.0	0.0	0.0	0.0	0.0	0.0	0.0	0.0	0.0	0.0	0.0	0.0	0.0	0.0	0.0	0.0	0.0	0.0	0.0	0.0	0.0	0.0	0.0	0.0	0.0	
0.0	0.0	0.0	0.0	0.0	0.0	0.0	0.0	0.0	0.0	0.0	0.0	0.0	0.0	0.0	0.0	0.0	0.0	0.0	0.0	0.0	0.0	0.0	0.0	0.0	0.0	0.0	0.0	0.0	0.0	0.0	0.0	0.0	0.0	0.0	0.0	0.0	0.0	0.0	0.0	0.0	0.0	0.0	0.0	0.0	0.0	0.0	0.0	0.0	0.0	0.0	0.0	0.0	0.0	0.0	0.0	0.0	0.0	0.0	0.0	0.0	0.0	0.0	0.0	0.0	0.0	0.0	0.0	0.0	0.0	0.0	0.0	0.0	0.0	0.0	0.0	0.0	0.0	0.0	0.0	0.0	0.0	0.0	0.0	0.0	0.0	0.0	0.0	0.0	0.0	0.0	0.0	0.0	0.0	0.0	0.0	0.0	0.0	0.0	
0.0	0.0	0.0	0.0	0.0	0.0	0.0	0.0	0.0	0.0	0.0	0.0	0.0	0.0	0.0	0.0	0.0	0.0	0.0	0.0	0.0	0.0	0.0	0.0	0.0	0.0	0.0	0.0	0.0	0.0	0.0	0.0	0.0	0.0	0.0	0.0	0.0	0.0	0.0	0.0	0.0	0.0	0.0	0.0	0.0	0.0	0.0	0.0	0.0	0.0	0.0	0.0	0.0	0.0	0.0	0.0	0.0	0.0	0.0	0.0	0.0	0.0	0.0	0.0	0.0	0.0	0.0	0.0	0.0	0.0	0.0	0.0	0.0	0.0	0.0	0.0	0.0	0.0	0.0	0.0	0.0	0.0	0.0	0.0	0.0	0.0	0.0	0.0	0.0	0.0	0.0	0.0	0.0	0.0	0.0	0.0	0.0	0.0	0.0	
0.0	0.0	0.0	0.0	0.0	0.0	0.0	0.0	0.0	0.0	0.0	0.0	0.0	0.0	0.0	0.0	0.0	0.0	0.0	0.0	0.0	0.0	0.0	0.0	0.0	0.0	0.0	0.0	0.0	0.0	0.0	0.0	0.0	0.0	0.0	0.0	0.0	0.0	0.0	0.0	0.0	0.0	0.0	0.0	0.0	0.0	0.0	0.0	0.0	0.0	0.0	0.0	0.0	0.0	0.0	0.0	0.0	0.0	0.0	0.0	0.0	0.0	0.0	0.0	0.0	0.0	0.0	0.0	0.0	0.0	0.0	0.0	0.0	0.0	0.0	0.0	0.0	0.0	0.0	0.0	0.0	0.0	0.0	0.0	0.0	0.0	0.0	0.0	0.0	0.0	0.0	0.0	0.0	0.0	0.0	0.0	0.0	0.0	0.0	
0.0	0.0	0.0	0.0	0.0	0.0	0.0	0.0	0.0	0.0	0.0	0.0	0.0	0.0	0.0	0.0	0.0	0.0	0.0	0.0	0.0	0.0	0.0	0.0	0.02	0.0	0.0	0.0	0.0	0.0	0.0	0.0	0.0	0.0	0.0	0.0	0.0	0.0	0.0	0.0	0.0	0.0	0.0	0.0	0.0	0.0	0.0	0.0	0.0	0.0	0.0	0.0	0.0	0.02	0.0	0.0	0.02	0.0	0.0	0.0	0.0	0.0	0.0	0.0	0.0	0.0	0.0	0.0	0.0	0.0	0.0	0.0	0.0	0.0	0.0	0.0	0.0	0.0	0.0	0.0	0.0	0.0	0.0	0.0	0.0	0.0	0.0	0.0	0.0	0.0	0.0	0.0	0.0	0.02	0.0	0.0	0.0	0.0	0.0	
0.0	0.0	0.0	0.0	0.0	0.0	0.0	0.0	0.0	0.0	0.0	0.0	0.02	0.0	0.0	0.02	0.0	0.0	0.0	0.0	0.0	0.0	0.0	0.0	0.02	0.0	0.0	0.0	0.04	0.0	0.02	0.0	0.0	0.0	0.0	0.0	0.0	0.0	0.0	0.0	0.0	0.02	0.0	0.0	0.0	0.0	0.0	0.0	0.0	0.0	0.0	0.0	0.0	0.0	0.0	0.0	0.0	0.02	0.02	0.0	0.0	0.0	0.0	0.0	0.0	0.0	0.0	0.0	0.0	0.0	0.0	0.0	0.0	0.0	0.0	0.0	0.0	0.0	0.0	0.0	0.0	0.0	0.0	0.02	0.0	0.0	0.0	0.0	0.0	0.0	0.0	0.0	0.0	0.0	0.02	0.0	0.0	0.0	0.0	
0.02	0.02	0.06	0.0	0.0	0.06	0.02	0.0	0.0	0.02	0.02	0.0	0.0	0.04	0.0	0.0	0.0	0.0	0.02	0.0	0.04	0.0	0.0	0.02	0.0	0.0	0.0	0.0	0.0	0.0	0.0	0.04	0.0	0.0	0.02	0.0	0.0	0.0	0.02	0.04	0.0	0.0	0.0	0.0	0.02	0.0	0.0	0.02	0.0	0.0	0.02	0.0	0.0	0.02	0.0	0.0	0.0	0.0	0.0	0.02	0.0	0.0	0.02	0.0	0.0	0.0	0.0	0.0	0.0	0.0	0.0	0.0	0.0	0.0	0.02	0.0	0.02	0.02	0.0	0.0	0.0	0.0	0.02	0.0	0.0	0.0	0.0	0.0	0.0	0.0	0.0	0.0	0.06	0.0	0.0	0.02	0.02	0.0	0.0	
0.04	0.14	0.0	0.02	0.04	0.02	0.04	0.0	0.02	0.08	0.06	0.08	0.1	0.06	0.04	0.02	0.04	0.02	0.1	0.06	0.06	0.04	0.02	0.02	0.0	0.04	0.0	0.02	0.02	0.04	0.02	0.08	0.1	0.06	0.0	0.0	0.02	0.02	0.06	0.0	0.04	0.0	0.0	0.0	0.04	0.0	0.0	0.04	0.02	0.02	0.0	0.0	0.0	0.06	0.02	0.04	0.0	0.02	0.02	0.02	0.0	0.04	0.06	0.02	0.0	0.0	0.02	0.0	0.0	0.0	0.0	0.0	0.06	0.0	0.04	0.0	0.02	0.02	0.02	0.0	0.04	0.02	0.04	0.02	0.02	0.0	0.0	0.0	0.0	0.0	0.0	0.0	0.02	0.02	0.0	0.02	0.0	0.0	0.0	
0.2	0.16	0.02	0.06	0.14	0.04	0.1	0.04	0.08	0.1	0.06	0.08	0.12	0.08	0.24	0.08	0.2	0.14	0.06	0.08	0.08	0.06	0.04	0.1	0.02	0.0	0.02	0.06	0.04	0.0	0.06	0.04	0.1	0.06	0.1	0.04	0.1	0.04	0.04	0.02	0.06	0.1	0.02	0.08	0.06	0.06	0.04	0.06	0.02	0.0	0.02	0.04	0.04	0.1	0.06	0.06	0.04	0.06	0.02	0.02	0.06	0.06	0.06	0.08	0.04	0.0	0.02	0.0	0.04	0.02	0.08	0.04	0.0	0.0	0.02	0.02	0.06	0.06	0.02	0.02	0.04	0.06	0.06	0.02	0.04	0.0	0.0	0.0	0.02	0.0	0.0	0.04	0.0	0.0	0.02	0.02	0.0	0.0	0.02	
0.52	0.26	0.18	0.18	0.12	0.16	0.1	0.14	0.1	0.1	0.32	0.28	0.42	0.3	0.38	0.22	0.3	0.24	0.22	0.18	0.1	0.14	0.1	0.08	0.1	0.02	0.12	0.08	0.2	0.14	0.24	0.22	0.24	0.08	0.14	0.08	0.16	0.12	0.1	0.14	0.18	0.18	0.12	0.06	0.14	0.1	0.08	0.16	0.06	0.0	0.06	0.04	0.08	0.12	0.16	0.14	0.12	0.14	0.06	0.1	0.04	0.04	0.1	0.02	0.1	0.08	0.04	0.04	0.04	0.14	0.04	0.06	0.04	0.06	0.12	0.06	0.06	0.08	0.08	0.1	0.08	0.04	0.06	0.04	0.06	0.02	0.04	0.08	0.1	0.02	0.06	0.02	0.02	0.02	0.04	0.02	0.0	0.04	0.08	
0.72	0.78	0.36	0.46	0.46	0.32	0.24	0.28	0.28	0.4	0.46	0.8	0.54	0.7	0.66	0.78	0.48	0.34	0.3	0.12	0.36	0.3	0.3	0.28	0.3	0.3	0.2	0.32	0.32	0.32	0.36	0.26	0.26	0.3	0.3	0.3	0.38	0.24	0.36	0.18	0.2	0.12	0.18	0.22	0.2	0.16	0.1	0.1	0.14	0.2	0.1	0.16	0.16	0.16	0.36	0.22	0.18	0.24	0.28	0.26	0.22	0.14	0.14	0.04	0.14	0.06	0.14	0.1	0.2	0.24	0.18	0.24	0.08	0.12	0.16	0.16	0.16	0.16	0.08	0.0	0.12	0.1	0.12	0.16	0.12	0.28	0.12	0.12	0.12	0.1	0.08	0.06	0.06	0.1	0.08	0.08	0.06	0.22	0.1	
1.16	1.3	0.86	0.66	0.8	0.52	0.48	0.66	0.52	0.64	0.76	1.18	0.74	1.12	1.28	1.02	0.88	0.5	0.68	0.52	0.42	0.48	0.38	0.3	0.46	0.36	0.36	0.56	0.54	0.56	0.6	0.52	0.54	0.68	0.58	0.56	0.76	0.44	0.62	0.42	0.32	0.32	0.5	0.26	0.4	0.34	0.34	0.22	0.3	0.32	0.2	0.38	0.3	0.44	0.44	0.42	0.42	0.44	0.16	0.24	0.44	0.32	0.36	0.34	0.18	0.26	0.24	0.18	0.22	0.36	0.24	0.22	0.2	0.3	0.26	0.24	0.24	0.14	0.16	0.3	0.16	0.3	0.28	0.24	0.18	0.08	0.26	0.16	0.14	0.12	0.06	0.14	0.12	0.16	0.1	0.16	0.18	0.14	0.06	
1.94	2.04	1.0	1.24	0.9	1.02	1.28	1.06	0.86	1.02	1.14	1.7	1.8	1.54	1.7	1.4	1.28	0.98	0.96	0.84	0.92	0.74	0.86	0.8	0.78	0.48	0.56	0.8	0.82	1.0	0.9	0.88	0.96	1.0	0.98	0.88	0.8	1.14	0.64	0.6	0.6	0.72	0.74	0.72	0.58	0.92	0.62	0.52	0.62	0.62	0.56	0.46	0.62	0.7	0.7	0.54	0.6	0.44	0.42	0.62	0.44	0.52	0.62	0.4	0.52	0.5	0.42	0.32	0.28	0.3	0.4	0.52	0.3	0.46	0.3	0.38	0.6	0.36	0.3	0.18	0.32	0.36	0.28	0.44	0.36	0.26	0.12	0.18	0.24	0.22	0.18	0.28	0.28	0.18	0.22	0.28	0.24	0.34	0.18	
2.94	2.9	2.5	1.7	1.7	1.54	1.58	1.6	1.34	1.54	2.16	2.52	1.98	2.04	2.46	1.96	1.88	1.96	1.56	1.42	1.28	1.02	1.2	1.14	1.16	1.4	1.08	1.22	1.2	1.54	1.36	1.5	1.48	1.94	1.6	1.52	1.56	1.54	0.96	1.02	1.24	1.16	1.02	1.1	0.86	1.04	0.68	0.78	0.6	0.84	0.76	0.98	0.72	1.28	1.0	1.1	0.86	0.72	0.78	0.64	0.84	0.72	0.58	0.58	0.58	0.66	0.68	0.58	0.4	0.62	0.46	0.58	0.48	0.68	0.74	0.6	0.76	0.72	0.34	0.6	0.5	0.54	0.62	0.46	0.26	0.48	0.48	0.48	0.34	0.22	0.48	0.3	0.28	0.34	0.38	0.26	0.28	0.24	0.42	
4.78	3.92	2.76	2.58	2.46	2.06	2.08	2.0	1.96	2.36	2.94	3.42	4.04	3.64	3.04	2.8	3.22	2.42	2.2	1.84	2.22	1.88	1.68	1.66	1.86	1.32	1.58	1.54	2.0	1.96	2.22	2.46	2.52	2.36	2.18	2.32	2.08	1.86	1.54	1.72	1.28	1.44	1.32	1.44	1.42	1.52	1.34	1.32	1.08	1.42	1.16	1.28	1.66	1.4	1.34	1.46	1.32	1.24	1.36	1.4	1.16	1.4	0.94	1.08	0.78	0.58	0.84	0.94	0.7	0.96	0.66	0.88	0.84	0.66	1.3	1.06	1.12	0.82	0.68	1.06	0.64	0.7	0.9	0.82	0.76	0.66	0.94	0.52	0.56	0.34	0.48	0.64	0.68	0.5	0.6	0.54	0.52	0.64	0.52	
5.48	5.6	3.52	3.42	3.2	3.26	2.6	3.12	3.04	3.44	3.82	4.36	4.98	4.94	4.54	3.74	4.52	3.12	3.0	2.76	2.56	2.16	2.44	2.1	1.92	2.5	2.42	1.76	2.04	2.96	3.04	3.68	3.6	3.34	2.78	3.2	2.94	3.1	2.38	1.98	2.04	2.44	1.98	1.76	1.8	1.76	1.46	1.56	1.78	1.46	1.34	1.56	1.98	1.76	1.76	1.86	1.76	1.66	1.8	1.68	1.92	1.34	1.42	1.12	0.96	1.08	1.34	1.4	1.22	1.12	0.96	0.9	1.0	1.06	1.2	1.52	1.18	1.22	1.16	1.2	1.0	1.06	0.82	0.94	1.24	0.8	0.76	1.12	0.94	0.72	0.96	0.76	0.54	0.8	0.72	0.66	0.64	0.7	0.74	
7.56	7.12	5.14	5.08	4.88	4.6	4.14	3.88	4.1	4.56	5.08	5.32	6.48	6.52	6.58	5.96	5.84	4.46	4.02	3.44	3.52	3.3	2.98	3.14	2.84	3.22	2.58	2.92	3.36	4.24	3.92	3.74	4.02	4.22	4.42	3.9	3.58	4.06	3.2	2.6	2.68	2.5	2.64	2.38	2.34	2.56	2.28	2.48	2.2	1.74	1.94	1.86	2.94	2.6	2.76	2.58	2.4	2.32	2.16	2.16	2.18	2.5	1.92	1.52	1.54	1.84	1.64	1.32	1.5	1.7	1.58	1.6	1.84	1.6	1.7	1.92	1.62	1.68	1.28	1.44	1.72	1.32	1.72	1.5	1.44	1.22	1.34	1.6	0.92	1.24	1.16	0.88	0.86	1.1	1.1	0.92	0.98	1.0	0.92	
9.34	8.98	6.06	6.44	5.56	5.02	5.22	5.46	5.26	5.74	7.3	7.54	7.66	7.7	8.72	7.42	6.78	5.94	5.5	4.62	4.48	4.34	4.98	4.02	3.98	3.88	3.98	3.8	4.08	5.22	5.5	5.58	5.38	5.32	5.38	4.82	5.12	4.52	3.96	4.04	3.82	3.68	3.62	3.38	3.6	2.98	3.0	3.06	2.74	2.64	2.36	2.8	3.28	3.44	2.86	2.88	2.94	2.82	3.42	3.06	3.1	2.86	2.78	2.28	2.14	2.5	2.3	2.14	1.94	1.92	2.14	2.02	2.04	2.04	2.22	2.64	2.04	1.92	2.22	1.54	2.2	1.78	1.9	1.78	1.62	2.12	1.74	1.92	1.34	1.44	1.16	1.44	1.24	1.18	1.34	1.4	1.4	1.12	1.36	
11.42	10.84	8.72	8.1	7.64	7.2	6.6	6.84	6.04	7.06	8.16	9.3	10.22	10.44	9.86	9.2	9.0	6.72	6.06	4.7	5.74	5.4	4.92	5.06	4.88	4.52	4.76	4.66	5.4	5.74	6.6	7.04	6.82	6.32	6.7	6.0	6.58	6.14	5.0	5.22	4.7	3.62	3.92	4.08	4.2	3.84	3.52	3.88	3.64	3.48	3.38	3.5	4.04	4.24	4.5	4.0	3.84	3.82	3.74	4.12	3.66	3.56	3.24	3.02	3.14	2.84	2.62	2.76	2.6	2.74	2.7	2.5	2.54	2.6	2.98	3.02	3.1	2.72	2.4	2.48	2.36	2.72	2.36	2.42	1.94	2.14	2.0	2.06	1.66	1.66	1.8	1.4	1.44	1.32	1.42	1.54	1.22	1.46	1.58	
14.76	13.88	9.36	9.28	8.34	9.0	8.26	8.2	7.66	8.7	9.6	11.48	12.58	11.38	12.36	10.44	10.54	8.44	8.02	6.94	6.84	7.48	6.64	5.72	5.88	5.86	5.94	5.66	7.0	7.1	7.56	8.6	8.7	7.9	7.76	7.72	7.78	6.9	6.1	5.7	5.7	5.38	5.3	5.44	5.04	4.74	4.62	4.2	4.16	3.86	4.86	4.48	4.74	5.22	5.06	4.98	5.08	4.7	4.42	4.72	4.42	3.58	4.32	3.22	2.98	3.26	3.72	3.56	2.86	3.46	3.22	2.9	3.2	3.18	4.0	3.66	3.22	3.1	2.82	3.3	3.3	3.12	2.64	2.76	3.04	2.9	2.44	2.58	1.92	2.5	2.24	2.1	2.6	1.94	2.18	2.36	2.2	2.08	1.82	
15.96	16.26	11.54	11.72	10.4	10.56	10.24	9.88	9.58	10.78	11.72	13.7	14.5	14.38	13.74	11.68	12.5	9.38	9.72	8.36	8.46	7.58	7.08	6.82	6.42	7.28	6.86	6.9	7.72	8.56	9.34	9.44	8.74	10.2	9.16	8.44	8.96	7.98	7.44	7.02	6.26	6.3	5.56	6.36	4.9	5.88	5.82	5.0	5.16	5.36	4.74	4.92	6.08	5.6	5.46	5.84	5.72	5.94	5.58	5.36	4.64	4.94	4.82	3.96	3.98	4.3	3.98	3.94	3.5	4.22	3.8	3.78	4.4	3.66	4.04	4.28	4.14	3.92	3.94	3.64	3.92	3.18	3.42	3.26	3.26	3.54	2.86	3.14	2.44	2.14	2.28	2.8	2.3	2.2	2.46	2.24	2.1	2.34	2.38	
19.16	19.06	14.48	12.86	12.3	11.1	11.7	10.9	10.4	12.0	13.18	15.74	16.42	16.48	16.42	13.82	13.26	11.84	10.34	9.2	9.72	9.16	8.8	8.86	8.7	7.86	7.98	7.68	9.52	9.84	10.4	11.36	11.7	9.78	9.98	10.54	9.86	9.9	8.14	7.64	7.42	7.3	6.98	6.74	6.92	6.34	5.54	6.26	5.94	5.6	5.46	6.12	6.92	7.38	7.28	7.04	6.96	7.34	6.26	6.54	5.98	5.86	6.0	4.8	5.0	5.36	4.62	4.84	4.1	4.34	5.06	4.36	4.2	4.76	4.8	4.56	4.76	4.18	3.96	4.38	3.98	3.9	4.26	4.62	3.74	3.94	3.3	3.0	2.9	2.54	2.78	2.68	2.96	2.72	2.66	2.88	2.76	2.52	2.8	
21.52	20.42	15.08	15.0	13.4	13.52	12.7	12.6	11.44	13.68	15.46	17.5	19.12	18.12	18.62	14.6	15.14	11.9	11.98	10.86	10.44	11.08	10.32	9.76	9.16	8.84	8.66	8.14	10.94	11.4	12.64	12.14	12.48	11.28	10.98	12.06	11.66	11.32	8.88	9.76	8.7	8.38	7.88	8.26	7.34	7.46	7.4	6.92	6.88	5.8	7.22	6.6	8.44	7.54	7.54	7.1	6.94	7.52	7.58	6.4	7.08	6.86	6.24	5.84	5.36	4.82	5.24	5.02	4.84	5.22	5.18	4.4	5.42	5.08	5.76	5.36	4.68	5.24	5.08	4.4	5.32	3.94	4.78	4.86	4.48	4.46	4.22	3.8	3.48	3.48	3.5	3.7	3.58	3.08	3.08	2.9	2.96	2.94	3.02	
23.42	21.92	16.46	17.08	14.6	14.4	13.52	12.3	13.1	15.16	16.66	18.88	20.8	19.88	20.18	18.3	17.76	13.72	13.3	11.14	10.76	10.42	10.9	9.82	10.22	9.84	9.96	9.46	12.06	12.34	13.84	13.54	13.12	14.18	13.64	12.62	12.74	12.68	10.58	10.96	9.32	9.32	9.66	9.2	8.88	7.6	7.6	6.78	7.28	6.9	7.12	7.44	8.6	8.3	8.82	8.38	8.38	8.28	7.72	7.78	7.84	6.86	7.22	6.18	5.52	5.96	5.92	5.76	5.44	5.46	5.4	5.08	5.04	5.66	6.24	6.26	5.88	5.36	5.36	5.12	4.9	4.9	4.72	4.8	4.9	5.14	4.28	4.24	4.18	3.86	3.48	3.88	3.54	3.4	3.94	3.82	3.42	3.66	3.16	
25.6	23.94	19.42	17.48	16.48	15.7	15.24	14.68	14.32	16.56	18.44	20.8	22.3	21.98	21.1	20.02	18.78	14.74	15.38	12.74	13.2	12.5	11.38	11.16	11.06	9.74	11.14	11.48	12.46	13.52	15.0	15.86	14.82	15.24	14.34	13.06	13.34	13.46	11.34	10.88	10.46	9.66	9.26	9.2	8.74	8.06	7.96	7.06	7.84	8.3	7.32	8.36	9.44	10.78	9.02	9.36	9.4	7.78	9.22	8.76	9.08	7.98	7.42	6.74	6.42	6.28	6.56	6.66	6.08	5.9	6.32	4.92	6.02	5.5	7.0	6.7	5.8	5.88	5.52	5.92	5.82	5.52	5.86	5.6	5.4	5.36	5.36	4.5	4.08	4.2	3.92	3.68	4.1	4.08	3.88	4.04	4.02	3.92	3.76	
28.18	27.58	20.4	19.54	17.44	17.68	16.16	16.1	15.76	18.12	20.0	23.3	24.08	23.56	21.96	20.7	19.32	16.24	15.68	13.34	14.06	13.1	13.32	12.58	12.32	11.62	11.66	10.82	12.0	14.68	16.02	16.02	15.12	15.48	15.94	15.68	14.54	13.9	12.88	11.6	11.18	11.1	9.74	10.2	10.12	9.72	9.08	8.46	7.72	8.8	8.32	9.1	10.52	9.8	9.42	9.68	9.46	9.32	9.62	9.28	8.84	7.84	8.58	7.58	6.82	7.02	6.9	6.58	6.64	6.4	6.7	6.52	6.58	6.64	7.0	7.32	7.18	7.08	6.32	5.58	5.62	5.28	5.84	6.26	6.04	5.88	6.52	5.82	4.62	4.32	4.02	4.64	4.36	4.06	4.12	3.9	3.78	4.46	4.3	
31.02	30.04	21.06	19.9	18.76	18.06	17.76	16.24	15.98	18.02	20.7	24.5	26.34	25.26	25.62	22.32	22.36	17.1	15.8	14.42	14.72	13.5	12.12	12.84	12.16	13.46	12.34	10.84	14.28	16.62	16.92	17.14	17.06	17.02	16.4	17.58	14.68	15.18	12.86	12.76	11.34	11.62	11.42	10.86	9.98	10.66	9.4	9.94	9.0	9.14	8.2	9.46	11.28	11.56	10.34	10.72	10.54	10.84	9.54	9.36	10.2	9.56	8.46	7.94	7.34	7.46	7.14	6.64	6.94	7.0	7.08	7.42	6.44	7.52	7.22	7.0	7.08	7.12	6.48	6.34	6.18	5.92	6.26	6.0	6.2	5.64	5.3	5.44	5.3	4.48	4.32	4.18	4.42	4.7	4.24	5.0	4.24	4.5	4.44	
31.16	31.52	21.82	21.7	18.9	19.58	18.04	17.88	17.42	20.08	21.86	25.54	27.1	27.26	27.16	24.58	23.56	17.7	17.3	15.58	15.18	14.28	13.58	13.76	13.18	13.04	12.94	11.98	15.46	16.66	16.84	19.28	17.74	18.68	16.6	17.68	17.58	16.98	12.94	12.14	12.04	12.7	12.26	11.26	10.02	9.64	9.7	10.7	9.7	9.0	9.4	9.74	12.74	11.28	11.3	10.66	11.38	10.22	10.06	10.04	10.5	9.36	9.36	8.08	7.22	7.72	7.88	7.38	7.54	7.22	6.54	6.96	7.42	7.02	7.26	7.54	8.5	7.04	6.84	6.46	6.36	6.72	6.26	6.6	6.54	6.38	6.08	5.52	5.66	4.66	4.34	5.48	4.64	4.92	4.9	5.08	4.62	4.56	4.5	
34.96	31.46	23.36	23.84	19.14	19.42	20.7	18.88	17.74	21.96	23.94	26.42	29.92	28.46	26.32	25.1	23.68	19.48	18.76	16.04	15.5	15.48	15.64	14.1	14.22	14.16	13.88	11.84	15.94	18.6	19.26	19.3	19.76	19.3	18.88	18.34	17.34	16.84	13.76	13.46	12.06	12.58	12.6	12.26	10.86	11.44	10.2	8.88	10.48	11.18	9.22	10.74	11.56	12.64	11.38	11.6	11.2	10.56	11.58	10.34	10.12	10.68	8.58	8.48	7.6	8.08	7.98	7.52	8.32	7.04	6.94	7.46	6.6	7.36	8.22	8.38	8.76	7.9	7.36	7.46	6.98	7.46	7.14	6.8	6.32	6.58	5.64	5.54	5.26	4.54	5.02	4.34	5.22	4.74	4.94	4.9	5.0	4.56	4.8	
35.34	34.06	23.78	23.9	20.82	20.44	19.26	19.26	18.12	21.36	23.2	28.48	29.74	29.06	30.14	26.1	24.26	20.06	19.14	16.22	16.36	16.12	15.26	14.78	14.38	13.42	13.76	13.26	15.86	18.3	20.4	18.78	20.5	19.22	19.02	19.42	19.06	17.52	14.34	13.72	13.92	12.8	13.78	13.1	11.6	11.9	11.22	10.24	10.64	10.56	8.42	10.84	11.92	11.66	11.92	12.48	11.88	12.16	11.1	10.54	10.4	10.64	10.1	8.72	8.06	8.22	8.62	8.54	8.16	7.9	7.94	8.0	7.8	8.42	8.36	8.58	7.94	7.32	7.54	7.34	6.94	6.58	7.26	6.62	7.02	5.92	5.62	5.88	5.78	5.42	5.08	4.68	5.0	4.74	4.8	4.56	5.58	4.96	4.48	
35.74	35.98	24.8	25.54	22.5	20.92	21.48	19.66	19.12	22.64	26.4	29.0	32.34	29.58	30.5	28.12	25.68	21.14	20.18	16.98	15.86	16.88	15.2	15.14	14.68	13.56	13.54	13.88	15.12	18.76	19.96	21.38	19.86	20.12	19.42	19.0	20.0	19.42	15.24	14.72	13.92	13.54	13.4	12.64	11.82	11.76	11.4	10.38	10.66	10.64	10.18	11.74	12.98	12.52	13.14	12.84	12.76	11.54	12.06	11.54	11.56	10.86	10.26	9.04	9.62	8.12	8.26	8.3	8.7	7.96	8.2	8.06	7.98	8.7	8.1	8.88	7.6	8.34	7.24	8.2	7.6	8.06	7.46	7.6	6.9	6.5	6.56	6.38	5.68	5.9	5.46	5.22	5.42	5.16	5.04	5.28	6.0	4.48	5.12	
38.58	35.6	25.52	24.7	22.38	20.82	20.28	20.9	19.86	23.76	26.16	30.82	32.48	32.24	31.86	28.44	25.98	21.38	18.92	17.46	16.46	16.6	16.78	15.48	15.22	14.48	14.32	14.6	17.24	18.84	21.68	22.72	20.2	20.84	20.3	19.52	19.32	20.24	15.8	15.5	15.08	13.74	13.4	13.9	12.8	12.18	11.32	10.5	10.5	10.8	10.94	11.9	13.04	12.76	13.14	12.32	13.04	12.7	12.7	12.3	12.9	11.88	10.62	9.78	9.04	9.4	8.08	8.22	8.42	8.54	8.34	7.94	7.24	8.3	9.2	9.2	9.22	8.98	8.46	7.5	7.44	7.12	8.36	7.06	6.44	7.28	7.22	6.86	5.82	5.38	5.42	5.2	4.96	5.2	5.36	4.78	5.18	5.08	4.84	
38.66	36.3	28.42	24.94	21.52	21.5	21.68	20.44	19.86	23.86	26.76	31.1	34.06	30.8	31.7	28.6	26.74	22.18	21.82	17.78	16.86	17.5	17.04	15.84	15.16	14.72	14.9	14.5	17.16	20.98	22.42	22.1	22.38	20.98	21.54	20.14	19.94	19.9	17.12	15.08	14.38	13.68	15.02	13.2	12.78	12.74	11.82	11.9	10.68	10.98	10.9	12.22	13.96	13.64	13.74	12.4	13.42	12.38	12.72	12.58	11.84	10.26	10.34	9.24	8.76	8.64	8.52	8.78	8.04	7.98	7.82	8.18	8.52	8.46	9.02	9.18	8.26	8.2	7.5	7.2	8.42	6.96	7.92	8.16	7.36	7.08	7.44	6.74	5.96	5.64	5.06	5.5	5.3	5.48	4.8	5.66	5.54	5.68	4.56	
41.22	39.0	28.62	26.94	22.54	23.34	20.7	21.18	20.72	25.98	27.02	33.7	33.86	32.98	32.24	29.82	28.48	21.5	20.58	18.44	16.82	16.62	16.86	16.48	15.02	14.76	15.36	14.28	17.56	21.62	20.98	23.28	23.04	21.78	21.24	20.84	20.62	20.18	16.26	15.78	14.04	15.82	15.32	14.58	13.54	12.44	11.88	11.14	11.74	11.3	10.24	12.32	14.6	13.44	13.78	13.66	13.54	13.48	12.9	12.22	12.38	11.8	10.8	9.6	8.76	8.36	8.76	8.76	9.0	8.58	8.78	8.12	8.8	10.0	10.4	9.26	9.22	8.36	8.16	7.86	7.72	8.64	7.64	7.26	7.08	7.1	7.34	6.2	6.08	5.04	5.26	5.44	5.74	5.26	6.0	5.44	5.26	5.0	4.92	
41.54	39.38	27.58	25.92	23.34	22.14	22.12	22.24	21.1	25.14	27.38	31.58	35.74	33.36	33.22	30.28	29.64	23.22	22.2	18.76	17.88	17.18	17.88	15.02	17.58	14.62	14.64	14.98	17.84	22.56	22.0	22.66	22.86	22.82	22.22	21.5	21.88	21.7	16.86	15.74	14.74	14.2	15.72	15.44	13.98	12.92	11.92	11.9	11.88	11.28	11.4	12.02	13.5	14.34	14.92	13.52	12.86	12.94	13.0	12.62	12.36	11.16	10.64	9.42	9.44	9.94	9.46	8.28	9.66	8.38	7.88	8.3	8.9	8.28	9.5	10.98	9.0	8.06	8.58	8.16	8.7	8.04	7.8	7.16	8.14	7.64	6.48	6.64	6.24	5.4	5.42	5.34	5.42	5.46	5.6	5.6	5.52	5.42	5.1	
41.36	39.4	28.38	26.54	22.14	23.22	22.08	21.46	20.88	24.02	27.86	33.66	35.04	36.44	34.58	30.64	30.16	22.94	22.54	19.38	18.72	17.6	18.62	14.84	16.1	15.02	14.52	15.26	18.62	22.24	21.42	24.46	23.24	23.58	22.08	21.78	21.14	21.9	17.24	16.22	15.36	14.8	14.36	15.3	12.98	12.96	11.78	11.16	12.0	11.22	10.56	11.82	14.04	13.76	13.04	13.16	13.06	12.94	13.46	12.42	12.66	13.06	10.78	9.74	9.68	8.7	9.3	9.8	9.36	9.7	7.62	8.06	8.84	9.58	8.86	10.58	9.62	8.78	8.4	8.4	7.58	8.4	8.12	7.62	7.96	8.52	7.4	6.78	6.38	5.64	5.64	5.7	5.74	5.5	5.82	5.84	5.4	5.32	5.96	
43.72	41.3	30.9	26.88	22.96	23.48	23.0	21.5	19.92	26.02	28.66	32.78	36.24	35.56	35.12	30.56	30.84	22.58	23.02	18.88	18.24	17.32	16.58	16.88	16.16	15.64	15.86	15.34	18.04	22.12	21.58	23.76	23.98	22.92	22.56	22.24	21.36	20.8	17.04	15.58	15.5	15.46	15.02	15.82	13.68	13.2	11.66	12.52	12.08	11.62	10.88	13.28	14.82	15.02	15.34	14.0	15.02	13.64	13.28	13.14	13.12	12.2	11.66	9.74	10.4	10.06	9.6	8.96	9.7	8.42	8.96	8.62	8.62	9.44	10.08	10.24	9.74	8.88	8.52	8.32	8.46	8.36	7.7	7.56	8.56	7.66	7.08	6.62	6.46	6.16	5.68	5.6	5.3	5.52	5.52	5.42	5.66	4.98	5.5	
44.9	41.72	31.1	26.4	23.36	22.98	23.56	21.68	21.78	26.78	29.82	33.64	36.22	35.74	34.3	31.66	30.86	23.94	22.4	17.9	18.64	18.08	17.86	16.32	14.82	15.0	14.82	15.52	18.18	22.0	22.5	24.18	25.32	23.68	23.9	22.4	22.52	20.24	17.96	15.84	14.76	14.66	15.5	14.16	13.68	13.48	12.1	12.48	12.02	11.72	10.48	12.84	13.66	15.1	14.26	14.08	14.4	13.72	14.46	13.5	13.16	12.2	11.82	10.26	9.46	8.94	9.0	9.58	9.46	8.58	9.2	8.6	8.74	9.08	9.4	9.76	9.78	8.32	8.76	8.9	8.34	8.48	8.38	7.72	7.58	7.94	7.36	6.96	6.28	5.34	5.34	5.02	5.34	5.38	5.66	5.84	5.78	6.4	5.2	
42.9	42.66	29.18	28.9	24.08	24.02	23.16	22.38	21.84	25.48	29.62	34.56	38.1	35.68	36.96	31.82	30.54	25.14	23.16	19.38	17.8	18.32	18.34	17.12	16.02	16.42	15.36	15.68	19.66	22.3	24.62	24.34	24.54	23.26	23.48	22.94	23.28	22.7	17.72	16.06	15.44	15.54	16.14	14.88	14.16	13.5	12.9	12.32	11.92	11.46	10.68	12.52	15.5	15.58	14.86	14.54	14.8	14.6	14.06	13.34	13.2	12.16	11.94	10.6	9.86	9.2	9.7	9.18	8.92	8.94	9.02	8.66	8.76	9.2	9.2	10.7	9.2	8.86	8.4	9.08	8.82	8.28	7.9	7.64	8.24	7.18	7.24	6.86	6.56	5.86	6.18	5.46	5.68	5.68	5.74	5.74	5.3	5.96	5.88	
43.44	41.9	29.84	27.92	25.26	23.6	24.1	21.58	23.68	25.44	28.44	34.58	38.14	36.82	34.7	31.86	30.76	24.82	23.4	18.64	19.28	19.0	17.9	16.78	17.2	16.02	16.92	15.08	18.9	22.32	22.94	25.42	23.7	24.54	23.4	24.16	23.06	22.24	17.14	17.44	14.88	15.84	14.26	15.08	13.96	13.54	12.78	12.86	12.12	11.28	10.98	12.68	14.0	14.48	14.32	14.24	13.88	13.88	14.0	12.66	12.76	13.16	11.84	10.46	9.64	9.3	8.84	9.74	8.1	9.46	8.48	8.88	9.78	9.88	10.56	10.12	9.94	9.44	8.74	7.92	8.26	8.04	8.44	8.8	8.52	8.34	7.12	7.3	6.12	6.12	5.96	5.92	5.46	5.76	6.24	5.38	5.76	5.5	5.32	
45.46	41.78	27.9	28.04	24.16	24.42	24.38	22.74	22.28	26.3	29.2	35.72	39.78	37.14	36.74	32.34	30.46	24.76	22.4	18.98	17.66	18.04	18.64	17.58	16.18	15.4	15.64	16.66	19.28	23.04	24.78	24.2	23.8	23.6	22.34	21.72	22.66	22.92	18.46	16.44	17.98	16.26	15.2	14.12	14.2	13.2	12.48	12.38	12.52	11.34	11.68	13.04	14.92	14.06	14.66	13.92	14.9	14.38	13.58	14.14	12.96	11.92	11.7	10.02	9.48	9.7	9.36	9.04	9.3	9.08	8.64	9.24	9.46	10.02	9.76	10.46	9.62	8.84	8.78	8.68	8.58	9.16	8.3	8.12	7.42	7.56	7.42	7.3	6.1	5.84	5.82	5.94	5.34	5.72	5.5	6.12	5.28	6.0	4.94	
43.2	43.38	29.9	27.96	23.62	24.6	24.98	22.12	23.08	26.74	31.74	36.18	37.86	35.88	35.88	33.44	29.34	25.12	23.02	18.8	18.7	19.62	19.02	17.66	16.58	16.62	16.02	16.12	19.62	22.76	24.7	23.62	23.48	24.1	23.98	23.54	21.32	21.66	17.8	18.28	16.72	16.16	15.64	15.68	14.34	14.66	12.34	12.56	12.02	12.1	10.74	11.54	15.18	15.16	15.56	14.46	14.14	15.04	13.68	14.12	13.72	12.14	12.38	10.88	10.34	9.38	9.76	9.32	8.86	9.48	9.28	9.28	9.48	9.76	10.38	10.66	9.68	8.54	8.54	8.76	7.82	8.58	7.98	7.22	7.1	7.3	7.54	7.02	5.18	6.2	5.02	5.52	6.6	5.96	5.94	5.66	5.4	5.64	5.02	
44.22	41.64	29.0	29.08	23.82	25.26	23.1	24.06	22.18	26.16	29.6	35.66	39.48	37.28	37.14	32.14	31.06	23.62	23.44	20.08	18.8	18.18	18.66	17.06	17.42	15.92	16.68	15.14	18.12	23.7	22.66	24.64	25.14	24.24	25.08	24.32	22.74	22.52	18.16	17.6	16.12	15.8	15.0	15.46	14.46	13.68	11.96	12.44	12.86	11.78	10.78	13.54	15.16	15.88	15.4	14.18	14.34	14.58	13.76	13.52	13.86	12.12	11.62	10.26	10.18	9.6	9.32	9.28	10.2	9.44	8.54	8.24	9.56	10.2	9.7	10.44	10.38	8.72	8.48	8.64	8.28	7.4	8.88	8.38	8.14	8.3	6.86	6.92	5.94	6.66	5.64	6.18	5.6	5.8	5.88	5.26	5.58	5.3	5.76	
46.02	42.94	31.34	28.54	23.8	26.18	23.44	21.72	22.5	26.94	31.3	35.56	37.9	39.34	37.34	31.32	30.8	26.18	23.96	21.1	19.1	18.62	17.8	17.16	16.34	16.26	16.4	15.78	18.64	23.12	24.14	25.18	24.1	25.58	23.64	22.48	24.22	22.68	17.7	17.8	17.28	16.52	15.16	16.24	14.2	13.24	12.62	11.6	11.88	11.64	10.68	13.16	16.26	15.06	13.96	13.78	15.24	14.74	13.76	13.16	12.84	12.62	12.28	10.14	10.8	9.88	10.24	9.24	9.64	9.0	9.06	8.94	8.76	9.8	10.3	11.04	9.8	8.62	8.32	8.46	7.84	7.96	8.86	8.22	8.8	8.14	7.4	6.4	6.38	5.46	5.9	5.48	5.94	6.34	5.78	5.6	5.98	5.62	5.28	
47.24	43.74	30.4	28.64	24.84	25.44	23.64	24.16	23.8	26.24	29.32	37.14	38.92	36.04	37.54	32.8	31.66	24.42	24.06	19.16	19.4	18.92	18.06	17.2	16.84	15.84	15.48	15.92	18.82	22.08	24.5	24.34	24.56	24.06	24.96	24.2	24.0	21.86	19.54	17.94	17.0	15.58	15.62	15.42	14.3	14.0	12.28	12.78	12.08	12.58	10.76	13.32	16.08	15.04	16.54	14.76	14.34	14.22	13.64	14.18	13.64	13.26	12.14	10.78	10.26	9.66	9.74	9.26	9.2	8.02	9.18	9.08	9.92	9.84	9.62	10.2	9.54	9.56	9.2	9.64	8.94	9.14	8.32	7.84	8.24	7.66	7.56	6.82	6.46	5.74	6.14	5.28	5.4	6.0	5.64	5.74	5.52	5.64	5.12	
45.78	42.42	30.54	29.48	25.0	23.7	23.44	22.92	23.02	27.12	29.56	37.24	39.84	38.24	39.0	33.64	32.96	25.24	24.26	18.96	19.16	17.74	19.02	17.4	16.62	15.68	16.96	15.28	19.72	23.58	24.26	26.34	24.26	24.04	23.12	23.96	23.14	22.46	18.86	16.7	16.6	16.28	15.18	16.52	13.94	15.3	12.8	12.18	12.54	12.16	11.58	12.76	16.34	14.68	15.68	15.58	14.62	14.16	13.72	13.36	12.78	12.14	12.8	10.38	9.9	9.46	9.14	9.88	9.2	9.18	9.02	9.1	9.16	9.22	10.48	11.68	10.34	9.42	9.3	9.26	8.94	9.24	8.44	8.44	8.56	7.94	7.9	6.28	6.26	5.86	5.96	5.7	5.96	6.02	5.82	5.32	5.66	5.74	5.52	
45.16	43.72	29.48	26.74	25.94	24.5	23.1	23.7	22.46	27.24	30.36	36.22	40.52	38.36	36.92	33.72	32.08	25.26	25.22	19.28	19.44	18.84	18.86	18.0	17.42	16.26	16.38	15.62	18.52	23.58	24.16	25.8	25.06	25.66	25.1	24.1	23.24	23.28	18.26	16.82	16.44	16.44	15.46	15.52	13.98	13.58	12.56	12.72	12.98	12.08	10.7	12.72	15.02	16.0	15.14	14.98	14.34	15.4	13.14	13.48	12.98	13.32	12.22	11.12	9.7	10.08	9.88	9.38	9.54	10.06	9.0	9.1	9.76	9.92	9.92	10.68	10.52	9.7	9.06	9.04	7.92	9.3	8.82	9.32	8.62	8.4	8.44	7.12	6.46	5.84	5.66	5.32	5.64	5.78	6.36	6.08	5.28	6.02	6.12	
45.4	42.58	30.02	27.96	24.88	25.12	25.24	23.48	21.66	27.06	29.84	34.54	40.12	39.12	37.98	33.06	31.42	26.02	24.36	20.3	19.12	18.56	18.82	17.54	16.28	16.0	16.94	15.64	19.18	21.46	24.62	26.38	25.78	24.38	24.06	24.52	23.32	23.04	18.3	17.16	15.98	15.94	16.12	16.3	13.98	14.12	12.34	12.86	12.52	11.98	11.32	13.72	16.02	15.46	16.6	14.02	14.26	13.6	13.9	13.88	13.64	13.24	11.84	10.6	9.76	10.22	9.54	9.98	10.0	9.34	8.76	9.12	9.04	9.66	10.46	10.76	9.54	8.96	9.54	8.28	8.98	9.26	7.78	9.04	7.86	8.54	7.3	7.54	7.02	5.68	5.74	5.9	6.14	6.02	6.66	6.14	6.04	5.0	5.54	
47.36	44.68	30.96	28.04	25.7	24.42	24.68	23.32	24.14	27.6	30.82	36.56	40.12	37.42	37.58	32.46	32.58	25.84	24.34	19.48	19.0	19.22	19.24	18.26	18.52	15.94	16.72	15.38	19.76	24.72	24.66	26.12	25.64	23.98	23.66	23.68	22.5	23.7	18.5	17.86	17.16	15.68	14.64	15.32	14.9	14.5	13.42	13.04	12.46	12.18	10.76	13.8	15.0	16.12	14.66	15.24	14.48	13.86	15.32	14.76	13.56	12.2	11.9	10.9	10.62	10.32	9.54	9.56	9.02	9.04	8.78	9.9	9.36	9.94	9.92	11.12	10.7	9.66	8.64	8.58	9.26	8.72	8.64	8.16	7.94	8.68	7.36	6.9	6.2	6.38	5.64	5.88	6.52	6.36	6.72	5.8	5.4	5.84	5.78	
47.08	43.22	30.08	28.92	26.72	26.04	24.78	23.82	22.84	29.16	31.18	36.48	39.2	38.12	38.28	35.54	31.74	25.86	24.66	19.96	19.44	19.38	18.7	18.26	17.1	15.48	17.22	16.08	19.74	24.16	23.76	25.48	25.7	24.24	25.04	24.02	24.14	23.74	19.02	17.62	17.12	16.86	16.38	14.88	15.06	13.88	13.04	11.86	12.2	12.2	11.54	14.42	16.18	16.02	16.06	15.16	13.9	14.12	14.58	14.64	13.6	12.74	12.68	11.48	10.18	9.7	10.1	10.0	9.8	9.9	9.54	8.94	9.7	10.5	10.24	11.06	10.14	9.42	10.36	9.22	8.84	9.02	8.52	8.72	8.72	8.6	7.36	7.16	6.24	5.86	6.2	5.76	6.48	6.14	5.82	6.12	5.58	6.6	5.28	
46.7	44.22	29.86	29.44	24.64	25.1	25.52	23.4	21.68	26.88	31.06	37.64	40.68	37.74	38.46	33.56	32.12	25.46	26.0	20.56	18.84	19.82	18.18	16.9	17.16	15.46	16.0	17.06	19.42	23.62	24.06	26.32	25.18	26.2	25.16	24.52	24.2	23.48	19.14	17.9	17.4	16.18	16.82	16.9	14.36	14.62	12.66	12.6	13.48	12.64	11.84	13.2	16.48	15.54	15.3	15.2	15.4	15.04	14.56	14.54	13.24	11.86	12.76	10.92	10.34	10.48	9.84	9.34	9.8	9.96	9.78	9.16	9.24	10.74	10.8	10.58	10.32	9.0	9.08	8.94	8.96	9.0	8.22	9.02	7.92	7.98	8.16	7.08	6.54	5.94	6.2	6.3	5.7	6.22	6.14	6.36	6.2	5.48	5.5	
47.58	44.64	31.56	29.42	26.24	25.38	26.56	24.18	23.06	27.3	30.52	36.4	40.46	40.12	39.58	33.06	32.38	25.36	25.26	20.48	19.76	19.66	18.5	17.9	17.48	17.14	16.44	16.7	20.04	24.14	25.6	25.28	24.58	26.02	25.86	24.42	23.9	22.4	18.56	18.1	16.76	17.3	17.9	16.12	15.14	14.58	12.34	12.34	12.8	11.7	11.36	11.92	16.48	17.08	14.7	16.02	16.08	14.54	14.38	15.4	14.08	12.78	12.92	10.96	10.1	11.0	9.78	9.64	10.42	9.88	9.88	9.06	8.9	9.8	10.44	10.72	10.2	9.34	10.02	8.38	9.0	8.36	8.28	8.28	7.84	8.42	7.9	6.88	6.8	6.02	6.12	6.64	5.88	5.76	5.96	5.96	6.08	6.42	6.1	
46.8	45.2	31.54	29.2	26.2	25.48	26.3	23.68	23.04	29.02	30.52	38.18	40.26	39.52	39.72	34.7	33.26	26.18	24.58	20.62	21.14	19.68	18.48	19.34	16.84	16.82	17.24	17.3	19.8	25.36	25.22	25.6	24.92	24.84	24.62	25.78	24.94	24.24	19.32	17.34	17.62	17.04	16.62	15.92	14.88	14.72	13.12	12.86	13.04	13.18	11.82	13.68	16.7	16.12	16.38	16.0	15.12	15.02	14.66	14.58	14.06	13.76	11.86	11.44	11.02	10.34	10.96	8.94	9.7	9.66	9.74	8.82	9.92	10.5	10.62	10.92	9.98	10.44	9.76	8.98	9.12	9.06	8.38	8.62	7.72	8.12	7.94	7.22	6.98	5.88	6.1	5.92	5.98	6.9	5.96	5.66	6.06	5.68	5.84	
46.38	44.08	32.2	29.92	26.18	25.56	26.66	23.66	22.48	28.2	32.82	37.26	40.74	40.88	38.3	35.98	34.48	26.62	24.4	19.22	20.06	20.12	20.06	19.28	18.46	16.98	17.26	17.04	20.68	25.52	25.62	27.5	27.68	25.78	25.44	25.74	22.74	23.44	19.4	17.46	17.62	16.98	16.7	16.22	15.72	13.66	13.22	12.66	12.78	12.4	11.36	13.72	16.0	15.06	16.0	14.28	15.32	14.98	13.84	14.58	14.82	13.18	12.08	11.52	11.14	10.22	10.42	9.66	9.46	9.72	10.24	8.84	9.26	10.58	10.88	10.04	10.22	9.62	10.7	8.98	8.9	9.4	8.64	9.04	8.78	8.44	7.72	6.66	6.08	6.24	5.88	5.66	6.08	6.34	6.44	6.48	6.18	6.34	6.02	
48.34	43.42	32.88	29.96	26.96	25.46	24.76	25.88	23.44	29.08	32.44	37.7	41.24	40.14	38.38	34.24	32.42	26.78	27.0	21.02	20.56	20.4	19.5	18.14	17.96	16.92	17.56	17.12	20.08	24.82	25.44	26.8	26.12	26.24	26.1	24.68	23.4	23.26	20.1	19.9	17.56	18.2	16.82	15.64	15.46	14.74	12.94	12.84	12.52	12.82	12.66	13.86	16.44	15.96	14.72	15.9	15.22	14.32	13.98	13.8	14.2	13.62	12.28	11.04	10.36	10.52	10.44	9.78	10.34	9.16	8.84	8.96	9.74	9.8	9.92	11.38	10.12	9.56	9.68	9.14	9.56	8.92	9.5	9.22	7.94	8.46	7.46	7.74	6.78	6.76	6.76	5.8	5.86	6.3	5.92	6.18	6.5	5.58	5.62	
48.82	46.12	32.58	30.4	26.38	26.74	25.56	25.6	23.94	29.0	30.84	39.06	41.42	39.6	40.24	36.08	34.84	26.92	25.2	21.12	21.48	20.52	19.76	19.46	17.66	17.0	17.76	17.42	21.16	25.16	25.8	27.4	26.52	26.1	26.32	25.9	24.72	23.34	20.22	18.88	17.3	17.02	18.36	16.44	15.64	15.86	13.58	12.92	13.12	12.5	12.56	14.02	16.36	17.04	16.0	15.72	15.78	15.44	15.52	14.52	14.32	13.72	12.92	10.78	11.68	10.28	10.2	10.36	9.66	9.88	9.66	10.08	9.4	10.76	11.46	10.9	10.44	10.02	10.1	8.76	8.44	9.08	9.14	9.24	7.94	8.42	8.2	8.16	6.48	6.04	6.42	6.42	5.78	6.84	5.8	6.32	6.18	5.92	5.76	
49.08	46.86	33.64	31.58	26.3	26.74	25.74	24.76	24.0	30.3	34.2	37.12	42.3	41.3	38.04	36.0	33.12	26.9	24.56	21.56	20.98	20.54	19.3	17.64	17.98	18.58	17.6	17.7	20.28	24.62	27.36	27.64	26.56	25.34	25.52	25.82	24.78	23.64	19.32	19.54	17.18	17.72	16.54	16.48	15.24	14.76	13.78	13.28	13.42	11.94	12.78	14.18	16.78	16.84	17.02	16.52	16.1	15.12	14.54	15.54	14.18	13.64	12.74	11.52	9.74	10.36	10.36	10.34	9.92	10.06	9.28	10.28	10.36	11.04	10.1	10.26	10.78	9.68	9.54	10.3	8.86	8.84	9.62	9.38	8.68	9.08	8.46	7.72	6.4	6.32	6.04	6.02	6.44	6.08	6.44	6.24	6.24	6.76	6.22	
49.74	45.96	31.26	29.3	27.38	26.04	26.58	25.16	24.18	27.72	31.78	39.16	41.74	40.2	39.68	36.18	34.8	26.52	25.28	21.78	20.68	20.52	19.82	19.5	19.22	17.18	17.06	17.44	20.56	26.9	26.68	28.02	26.86	26.32	25.1	25.32	24.06	23.62	20.36	18.2	18.38	17.76	17.06	17.18	15.94	14.48	14.16	13.76	13.08	13.56	12.4	13.74	17.98	15.96	16.92	16.06	15.9	14.74	15.7	15.3	14.78	13.44	12.92	11.38	10.48	10.68	9.5	10.26	10.48	10.0	10.14	10.0	10.72	11.2	10.48	10.56	10.24	9.48	10.3	9.0	9.82	9.5	8.4	9.18	8.94	8.68	8.32	7.86	6.48	6.34	6.76	5.98	5.9	6.74	6.04	5.96	6.66	6.04	5.98	
49.98	44.6	33.26	31.12	27.78	27.92	27.74	25.68	24.4	29.48	34.3	39.14	41.1	39.68	41.3	36.48	34.44	27.78	25.1	20.04	21.82	20.86	20.44	19.06	18.74	17.76	17.44	17.24	21.36	23.46	26.42	28.06	27.92	27.64	24.78	25.06	24.2	24.68	21.06	19.48	19.04	17.4	17.9	17.52	15.48	15.08	13.82	13.62	13.7	13.46	12.74	14.08	15.74	16.28	16.06	15.8	15.1	16.04	15.62	14.56	14.88	13.46	13.42	11.58	10.18	10.78	10.24	9.98	10.34	9.68	9.8	8.86	10.4	10.6	11.66	11.72	11.26	9.86	10.16	9.68	9.8	8.84	9.36	9.1	9.12	8.96	7.74	7.28	7.0	6.22	6.9	5.56	6.02	6.24	6.32	5.96	6.42	7.04	6.36	
50.16	47.92	34.02	32.32	28.18	27.54	26.9	26.4	25.54	27.84	33.8	37.26	41.9	41.84	41.72	36.82	33.88	27.94	27.0	21.4	21.18	21.68	20.46	19.6	18.58	18.98	18.06	17.86	22.3	26.84	26.74	28.34	27.42	26.98	25.44	26.56	24.82	26.4	21.22	18.74	18.04	17.82	16.86	16.66	17.02	15.12	14.5	14.14	13.28	12.48	12.72	15.12	17.24	17.38	15.82	17.04	16.38	17.12	15.02	14.84	14.76	12.92	13.68	11.72	11.0	10.64	10.9	10.4	10.38	9.96	10.44	9.92	10.3	11.18	10.54	11.54	11.06	10.64	9.52	9.74	9.78	9.68	10.02	9.7	9.08	8.9	8.48	7.3	7.42	6.52	6.5	6.36	6.44	6.14	6.56	6.54	6.52	5.5	5.84	
49.76	49.58	33.6	32.14	27.36	27.28	26.76	26.46	26.18	29.28	32.34	39.3	42.12	43.06	41.28	35.12	36.02	27.02	27.48	22.66	20.06	20.6	19.68	19.22	19.36	18.36	18.3	18.08	21.6	25.9	28.06	26.4	26.64	28.08	26.8	26.3	26.0	26.06	19.92	18.92	18.46	17.7	18.38	17.44	16.54	15.7	14.66	14.44	14.02	13.52	11.78	14.62	18.52	16.38	17.34	16.48	16.16	16.24	15.08	15.48	14.5	13.94	13.44	11.96	11.14	11.42	10.44	10.68	10.3	10.54	9.98	10.26	10.04	11.04	12.06	11.28	11.56	10.0	10.38	9.4	10.42	9.26	9.92	10.1	9.44	8.88	9.14	7.84	7.14	6.16	7.28	6.68	6.84	6.06	6.52	6.08	6.48	6.26	6.54	
52.98	48.68	33.4	32.5	29.38	28.44	27.74	25.22	25.22	30.62	33.04	39.66	43.4	40.88	41.62	36.8	35.88	28.44	26.38	22.4	21.8	21.48	20.42	19.7	19.0	17.54	18.86	18.16	23.24	26.24	26.18	28.08	26.14	27.66	27.44	26.44	25.22	24.66	22.22	18.96	17.96	17.6	17.3	17.48	16.6	16.62	14.36	13.68	13.54	13.36	12.92	14.16	16.5	16.62	16.24	16.02	15.74	15.98	15.92	14.92	15.26	14.7	13.04	11.36	11.12	12.1	11.08	10.56	10.64	10.14	10.18	10.5	10.44	10.7	11.42	12.14	11.44	11.0	10.5	9.84	9.5	9.82	10.1	9.12	9.76	9.54	8.28	7.66	7.38	6.68	6.9	6.52	6.36	6.9	6.88	6.34	7.14	6.12	6.02	
52.16	47.68	34.38	32.52	29.22	28.94	27.24	25.48	25.8	31.62	35.36	39.18	43.44	43.6	41.84	39.56	37.74	29.08	28.6	22.9	21.86	20.44	20.72	20.3	18.06	17.46	18.36	17.64	22.4	26.12	27.76	28.4	28.92	28.46	27.48	26.6	26.9	25.52	21.44	19.12	18.2	19.94	19.06	17.42	15.48	16.66	14.32	14.84	14.0	13.9	13.24	15.32	17.58	17.48	17.94	16.94	16.62	16.22	15.9	15.3	16.04	14.4	13.94	12.4	11.16	11.28	11.2	10.9	10.54	10.82	10.34	11.2	10.32	11.96	10.98	12.06	12.0	10.6	10.04	10.16	10.5	10.06	9.8	9.4	9.34	9.6	8.38	7.58	7.7	6.88	6.8	6.04	7.04	7.24	6.82	7.08	6.24	6.72	5.7	
54.46	48.86	33.66	31.48	28.88	27.64	27.8	26.16	26.34	30.5	34.36	40.8	44.72	42.36	44.32	37.56	36.56	29.18	26.7	22.28	22.48	20.58	21.58	18.62	18.7	17.64	18.7	17.28	22.28	27.22	27.46	29.42	27.72	28.08	27.08	26.64	26.7	24.42	21.0	19.92	19.02	17.64	19.06	17.62	16.7	15.52	14.82	14.7	14.58	14.02	12.82	16.12	17.82	17.82	17.82	16.78	16.0	16.34	16.7	15.98	15.8	14.7	13.0	13.24	11.92	11.14	11.16	11.18	11.38	10.74	10.9	10.46	11.3	11.52	11.3	11.78	11.94	11.4	10.62	10.2	9.0	10.16	9.84	9.34	9.9	8.96	8.58	8.34	7.26	7.08	7.2	6.26	6.44	6.58	7.44	7.16	7.02	6.5	7.32	
51.06	49.66	36.06	33.14	30.08	29.96	28.1	27.9	25.74	31.16	35.26	41.82	45.08	43.66	42.9	37.82	37.3	28.72	27.7	22.72	22.02	22.46	21.42	20.5	20.2	18.26	19.46	18.64	23.32	27.04	27.58	29.8	28.68	29.04	29.2	27.26	25.9	26.06	21.36	19.86	18.6	19.94	18.34	18.92	16.96	15.16	14.68	15.5	15.08	13.54	12.82	15.8	17.66	17.12	17.86	16.22	17.9	17.1	16.98	15.86	15.44	15.0	13.6	12.36	11.88	11.1	10.54	11.66	10.7	10.18	10.96	10.58	10.46	11.12	11.36	12.24	11.2	11.28	10.76	10.88	10.7	10.54	10.04	9.38	8.94	9.52	8.5	8.5	7.14	7.12	6.74	6.46	7.04	6.72	6.8	6.6	7.32	6.98	6.88	
52.38	48.38	35.48	34.18	28.12	29.98	27.28	29.12	25.88	31.04	36.84	42.2	45.6	44.98	42.76	39.12	38.7	30.42	29.54	23.7	22.18	21.44	21.44	21.16	19.94	19.32	18.28	18.76	21.98	27.5	28.56	30.14	30.26	28.3	28.82	26.32	27.1	27.02	20.28	20.46	19.96	19.62	18.52	18.64	17.28	16.52	16.0	14.6	14.24	14.56	13.44	14.64	19.24	18.02	17.46	18.08	17.92	17.48	16.1	15.8	15.46	14.9	12.86	12.9	12.36	11.7	11.34	10.66	11.54	10.1	10.98	10.86	11.44	12.0	11.58	12.14	11.48	11.86	9.8	10.76	10.42	9.54	10.92	9.38	9.06	9.82	9.6	8.36	7.86	7.2	5.92	6.0	6.8	7.7	6.84	6.82	7.0	6.0	6.72	
54.32	47.68	34.86	33.12	30.46	28.36	29.8	27.42	26.52	31.68	36.1	42.56	44.96	44.12	43.84	37.2	39.72	30.98	27.46	22.18	22.34	22.96	22.36	21.2	21.22	19.88	18.52	19.86	21.96	29.16	29.02	30.02	29.7	28.58	26.88	27.58	27.12	26.42	22.14	21.02	19.08	19.06	17.94	18.08	17.86	16.3	14.92	13.9	14.2	14.84	13.66	14.24	17.78	18.72	17.02	17.46	17.12	16.2	16.24	17.02	14.2	14.66	13.48	12.22	10.88	12.34	10.9	11.3	11.1	10.76	10.32	11.02	10.52	11.98	11.68	12.42	11.96	10.66	10.88	10.7	10.36	10.18	10.86	9.8	9.7	10.44	9.54	7.76	8.0	7.28	7.46	7.4	7.4	7.08	6.94	7.3	6.06	7.28	6.18	
53.22	51.84	36.22	33.88	30.36	29.78	28.8	28.16	27.04	31.32	34.28	41.44	46.68	44.18	44.4	38.78	37.38	30.02	29.22	23.34	23.16	21.36	22.1	20.44	19.24	20.0	18.92	19.66	23.42	28.28	28.92	30.24	28.64	27.96	29.34	26.62	26.52	26.76	21.3	20.42	18.36	18.9	18.42	17.86	17.28	16.3	14.52	14.84	15.22	14.66	14.42	14.9	18.9	18.44	17.02	18.12	17.88	16.82	16.54	16.38	15.32	15.14	14.84	12.12	11.84	11.6	11.06	11.06	10.56	11.28	10.9	10.3	10.76	11.78	12.54	12.5	12.64	9.86	9.96	10.34	10.2	9.72	9.52	9.82	10.02	10.06	9.52	8.16	7.34	6.96	7.34	6.92	6.88	7.36	6.34	6.62	7.36	6.78	6.64	
53.68	49.82	35.32	34.34	29.78	29.86	28.86	28.32	27.76	32.2	34.78	40.84	46.44	44.22	43.48	40.1	35.7	30.54	29.38	23.98	22.42	23.12	22.68	20.92	20.4	19.08	20.22	18.58	22.32	26.9	29.18	30.9	30.02	29.9	27.94	27.1	28.28	26.86	21.66	20.48	19.12	18.94	18.56	18.0	17.16	16.64	15.3	15.18	14.92	13.82	14.18	15.2	17.96	17.34	18.22	18.18	16.7	16.88	17.7	16.16	15.54	13.92	14.28	12.3	12.3	11.98	12.04	11.28	11.82	11.2	9.68	9.86	11.12	11.86	12.58	12.58	10.88	11.34	10.42	10.38	10.08	9.66	9.76	10.26	9.1	9.26	8.64	7.78	7.82	7.34	6.82	7.06	6.36	7.02	6.5	6.54	6.22	7.18	6.84	
53.52	50.18	36.18	34.5	29.4	30.18	29.36	28.54	26.36	32.18	33.88	41.1	47.3	43.68	43.9	40.6	38.26	30.02	28.56	23.14	22.3	22.96	21.92	21.24	20.5	18.74	18.82	18.86	23.22	27.06	28.74	30.16	29.96	28.62	28.92	27.9	27.22	27.02	22.72	22.02	19.96	19.96	18.86	17.72	17.86	15.98	14.84	14.74	15.28	13.94	13.46	15.3	18.16	18.24	18.0	18.86	17.86	15.14	16.96	15.98	14.84	14.58	13.76	13.06	12.16	11.9	11.44	11.1	11.44	10.4	11.06	9.94	11.1	12.4	12.72	11.86	12.04	11.08	10.54	10.68	9.9	9.58	10.58	10.08	9.02	9.18	8.98	8.42	8.0	7.76	6.72	6.36	7.24	7.48	6.42	7.44	6.82	6.74	6.38	
55.88	52.16	36.92	35.44	29.92	28.9	28.62	28.26	28.16	32.08	35.34	42.4	47.4	45.3	43.54	39.5	40.16	30.28	28.7	22.72	23.06	23.2	22.0	20.84	20.74	19.62	19.3	19.6	23.2	27.84	28.96	28.7	28.28	29.52	28.0	28.3	28.04	27.22	22.8	20.68	19.74	19.36	19.28	18.58	17.42	16.54	15.1	15.5	14.68	14.28	13.8	14.52	18.7	18.14	18.44	18.26	17.6	17.24	16.0	15.9	16.0	14.52	14.08	12.5	10.76	11.52	11.02	10.36	11.7	10.5	10.18	10.02	10.58	11.48	11.5	12.3	11.88	11.36	10.22	11.78	10.2	10.86	10.4	9.44	10.06	10.04	8.92	8.52	8.08	7.32	7.14	6.62	6.7	6.8	7.78	6.72	6.76	6.78	6.38	
55.18	50.28	35.48	33.14	28.5	30.28	28.42	28.06	26.48	32.56	37.98	42.08	46.94	45.12	44.92	39.36	37.36	30.12	27.86	23.08	22.82	22.64	21.76	21.58	20.16	20.42	20.3	19.2	22.48	27.42	29.0	30.04	29.18	30.98	27.82	27.52	27.64	26.32	22.8	21.06	19.66	19.54	18.52	19.36	18.22	17.62	15.66	15.9	14.12	14.02	13.4	15.8	17.82	17.14	17.5	18.36	16.88	17.2	16.0	16.34	15.74	15.52	13.64	12.4	12.38	12.14	11.88	11.12	11.64	10.74	10.5	10.72	10.2	11.12	12.76	11.96	12.44	11.34	10.9	10.66	10.06	9.88	9.7	10.36	9.5	9.54	8.7	8.38	7.36	7.14	6.64	6.8	7.38	7.04	6.84	7.42	6.8	6.58	6.88	
54.0	51.42	35.4	35.5	29.0	29.52	28.74	28.52	26.96	31.26	35.66	42.46	45.56	46.2	43.92	39.3	36.8	30.32	28.84	22.58	22.92	23.04	22.14	20.7	20.2	19.56	19.04	19.32	23.0	27.56	29.36	30.7	27.86	28.94	27.38	27.12	27.62	26.74	21.86	20.86	18.72	19.26	19.62	17.88	17.2	17.46	14.76	15.18	15.88	14.34	13.04	15.26	18.8	17.18	16.76	16.64	17.04	16.66	15.74	16.16	16.66	15.32	14.72	12.62	11.64	12.08	11.66	12.08	11.56	11.1	11.44	10.84	10.76	11.8	12.84	12.3	11.8	11.16	10.76	11.12	10.88	10.32	10.3	10.26	9.18	10.08	9.28	8.32	7.1	7.16	6.58	6.7	6.96	6.9	6.26	6.62	6.42	6.72	6.4	
55.9	50.5	35.18	32.36	30.02	28.0	29.48	27.68	27.02	31.98	35.68	42.6	44.92	45.62	42.78	39.0	38.36	29.76	28.4	23.7	22.26	21.78	21.9	21.48	21.04	18.94	18.88	19.06	23.82	26.68	28.46	29.4	29.26	28.88	29.02	28.22	25.98	25.98	22.64	20.54	19.88	20.02	20.36	18.86	17.76	16.06	15.1	14.46	14.96	14.86	14.2	15.8	18.38	17.8	17.72	18.04	17.56	15.24	17.78	15.82	16.22	15.24	15.02	12.8	11.76	11.5	11.9	12.04	11.04	10.82	10.92	11.0	11.54	11.86	12.8	12.06	12.18	10.6	10.6	10.86	10.22	9.86	10.06	10.12	9.98	9.7	8.86	8.5	7.94	7.54	6.98	8.02	6.86	7.24	6.62	6.58	6.52	6.68	7.34	
54.4	48.68	36.66	33.88	28.46	28.64	28.14	26.58	25.72	32.2	34.94	42.58	46.1	45.26	44.9	38.04	36.42	29.76	28.36	23.92	22.78	21.6	21.98	21.04	19.48	20.02	19.96	19.22	23.1	27.46	28.76	30.14	29.52	28.94	27.5	27.88	26.6	27.24	22.16	19.7	20.12	18.64	18.74	17.98	16.32	15.84	16.04	14.02	13.62	14.06	13.16	15.78	17.1	17.42	17.7	17.6	16.38	16.74	15.94	16.18	15.74	15.06	13.58	12.46	12.54	11.3	10.7	11.26	10.18	11.12	11.54	10.28	11.02	11.76	12.5	12.06	11.28	11.92	10.32	10.76	11.02	10.4	9.5	9.92	9.78	9.38	8.66	8.3	7.1	7.0	6.44	6.8	6.34	6.28	7.5	7.26	7.36	6.22	6.52	
53.22	50.92	35.26	33.66	30.14	29.28	27.62	27.08	25.6	32.52	37.04	41.4	43.92	44.8	45.24	39.04	37.98	30.42	29.06	22.46	22.34	21.72	21.28	20.58	20.8	19.1	18.26	18.96	23.76	26.68	27.64	28.78	29.86	28.98	27.88	27.98	26.92	26.7	22.24	20.1	20.28	20.36	18.32	18.34	17.92	16.28	14.94	14.76	13.88	13.82	13.84	14.42	17.6	18.58	17.84	16.82	17.64	17.18	16.56	15.46	15.1	14.74	13.66	12.06	11.66	11.18	11.04	10.68	10.58	10.64	10.74	10.98	10.96	11.62	12.58	12.4	11.86	11.14	11.18	9.82	10.02	10.18	9.8	9.92	9.0	9.68	8.98	8.36	7.62	6.9	6.84	6.62	6.92	7.44	7.26	6.92	6.26	6.42	6.14	
54.56	52.16	35.1	33.34	28.62	29.1	28.6	27.58	26.14	32.96	35.52	42.02	47.28	44.96	43.72	40.96	38.6	29.38	28.26	23.02	21.52	21.0	21.86	20.18	19.58	19.5	19.88	18.6	22.22	26.76	27.9	30.62	28.06	28.8	27.5	26.34	26.42	25.66	21.72	20.34	19.5	19.12	19.32	18.52	16.8	16.12	14.76	15.32	14.52	14.28	14.8	14.78	17.34	17.22	17.12	17.58	16.68	17.9	16.0	15.82	16.12	13.68	13.64	13.38	11.82	11.04	11.62	11.4	11.44	10.9	11.0	10.4	11.32	11.78	11.76	12.62	12.08	11.2	10.66	9.92	9.96	9.82	9.9	10.48	9.82	8.88	9.2	8.76	7.44	6.8	6.82	6.3	6.72	6.4	6.7	6.32	7.08	6.46	6.44	
53.72	49.82	33.78	32.94	29.7	29.04	27.46	27.64	26.16	32.36	37.18	42.64	45.64	44.44	44.28	39.54	38.32	30.14	27.6	24.16	24.92	21.44	21.68	20.94	19.72	18.8	18.92	19.16	21.82	26.98	28.38	28.4	29.5	29.0	27.98	28.7	27.0	26.92	22.5	21.06	19.78	18.2	17.44	18.4	18.34	15.52	15.68	14.4	13.62	14.24	12.48	16.06	18.2	18.48	18.04	17.14	16.84	17.04	17.2	15.72	15.78	15.46	13.34	12.56	11.26	11.64	10.88	10.8	10.64	10.16	11.04	10.5	10.72	11.18	11.58	12.18	11.32	11.48	10.7	10.16	10.42	10.22	10.18	9.04	9.64	9.02	8.32	7.76	7.12	7.42	6.36	6.96	6.14	6.98	6.44	6.4	6.7	6.24	6.0	
53.68	51.62	35.4	33.62	29.3	29.0	27.7	26.84	25.92	31.48	35.2	42.68	46.74	43.62	46.6	39.12	36.72	30.1	27.5	23.7	22.9	20.8	20.52	19.76	19.14	18.78	19.0	17.72	21.42	26.42	29.12	29.34	30.14	29.8	27.28	27.02	26.06	26.94	21.3	19.26	19.56	19.06	17.4	19.22	16.34	16.46	15.68	14.9	14.2	14.22	12.96	15.34	18.18	18.46	17.04	17.74	17.24	16.62	16.8	15.64	15.98	13.26	14.06	13.48	11.18	11.38	11.44	11.24	11.2	10.34	10.0	10.44	11.16	11.82	12.24	12.56	11.88	11.76	11.02	10.42	10.36	10.1	9.74	10.12	9.46	8.6	8.34	7.58	7.36	7.24	6.28	6.38	7.28	8.06	6.94	6.78	6.74	6.96	7.0	
53.36	49.32	33.94	30.64	28.9	29.78	26.88	27.28	24.96	31.86	34.96	42.44	46.68	44.36	45.26	37.74	36.6	27.62	27.2	22.94	21.96	21.48	20.76	19.68	20.38	19.84	18.02	18.6	21.94	26.44	27.84	30.06	28.48	27.18	26.8	27.76	28.36	27.02	21.72	19.06	19.22	18.48	18.82	17.68	17.56	15.78	15.1	14.34	15.34	12.76	13.74	14.26	16.94	18.12	17.56	16.4	16.44	16.44	17.74	16.72	15.72	13.86	13.72	12.1	12.04	11.56	11.32	10.56	10.48	10.66	10.98	9.94	11.06	11.96	11.6	12.24	11.2	11.16	10.26	10.14	9.46	10.24	9.42	9.48	9.86	9.34	9.16	7.16	7.3	6.7	7.68	7.14	6.9	6.58	7.28	7.36	5.82	6.86	6.84	
52.96	48.58	34.56	32.68	28.56	28.34	28.0	27.14	27.04	30.14	34.38	41.7	45.54	44.82	45.72	39.48	37.62	30.16	27.28	21.98	22.0	19.98	21.56	21.34	19.56	18.6	18.4	18.36	22.48	26.54	28.12	29.08	30.54	27.8	27.94	27.9	27.92	26.7	21.14	20.86	19.3	18.82	17.68	18.72	17.5	16.1	14.4	15.44	14.16	13.88	13.78	14.54	17.88	16.62	18.1	15.98	17.26	16.44	16.7	15.82	15.18	15.16	13.62	11.14	10.94	11.76	11.26	10.98	11.34	9.86	10.24	10.9	10.88	11.08	11.12	12.46	11.08	11.06	10.92	9.46	10.56	9.78	9.06	9.42	9.22	10.04	8.74	7.46	7.66	6.46	6.82	7.34	6.84	6.98	6.9	7.1	6.36	6.66	5.64	
53.5	51.0	34.32	32.68	28.06	29.52	26.54	26.24	25.48	31.18	37.18	40.24	42.86	41.74	44.34	39.3	36.96	30.0	26.94	22.92	22.66	20.58	20.96	19.68	19.28	17.56	19.32	18.36	21.6	26.66	28.04	28.82	27.46	29.0	27.98	27.52	28.18	25.82	21.44	19.42	18.58	18.72	18.02	16.84	16.22	16.42	14.88	15.04	14.78	13.98	12.9	14.98	17.48	18.4	17.52	16.8	16.88	15.26	16.04	16.02	15.72	14.0	13.52	11.86	11.14	10.5	10.74	10.38	10.64	10.6	10.26	9.6	10.86	12.24	12.18	12.32	10.56	11.16	10.26	9.38	9.88	10.46	9.52	9.06	8.98	9.86	8.66	8.4	7.66	6.38	6.96	6.84	6.46	7.52	6.52	5.88	6.5	7.18	6.96	
54.78	49.94	32.54	32.58	28.02	29.32	27.74	27.18	26.2	30.2	35.18	41.24	45.42	41.92	41.8	39.4	36.24	28.84	27.16	22.26	21.86	19.74	21.84	20.7	18.42	19.88	18.02	19.46	22.22	26.94	28.02	28.62	29.06	27.86	28.12	27.32	25.22	27.02	20.42	20.8	18.28	18.52	17.44	17.84	16.66	16.92	14.66	14.42	14.16	13.08	13.16	14.86	16.56	17.42	17.08	16.56	16.32	16.88	16.8	16.36	14.68	14.6	13.84	12.94	11.12	10.44	11.6	11.08	10.48	10.36	10.72	10.22	8.98	11.08	10.94	11.96	11.22	10.76	9.8	10.4	10.26	8.86	9.98	9.1	9.58	8.76	9.02	8.26	7.14	6.26	6.44	6.8	6.26	7.32	7.4	7.54	5.78	6.58	6.08	
54.06	50.22	34.14	32.6	28.86	26.12	27.6	25.78	26.0	30.1	34.28	44.3	44.9	44.34	42.38	37.3	36.32	29.08	29.76	23.36	21.44	22.44	20.58	20.58	18.18	18.48	18.52	18.66	21.58	26.02	27.34	29.12	28.14	27.68	26.56	27.32	26.86	26.14	20.34	19.4	19.08	18.16	18.72	16.82	15.98	16.64	13.88	13.1	14.12	14.24	13.14	14.84	18.54	17.26	18.24	15.84	16.5	16.44	14.98	15.04	15.46	13.6	14.36	12.0	10.58	10.82	11.32	10.06	10.36	9.74	11.02	11.14	9.98	11.2	11.88	12.54	12.28	11.14	9.78	10.0	10.68	9.64	9.64	9.22	9.18	9.7	8.76	7.12	7.1	6.92	6.48	6.06	6.5	6.32	6.22	8.1	6.38	7.18	6.18	
54.16	49.08	32.1	31.66	29.66	27.74	28.44	26.92	24.76	32.04	34.18	42.26	46.5	43.36	43.38	38.9	37.2	28.08	25.42	22.94	20.98	20.44	19.48	18.92	18.48	19.02	18.24	18.34	21.62	26.68	26.98	29.7	28.36	27.7	27.26	26.62	27.18	26.04	21.24	19.6	18.06	19.14	18.58	16.68	16.34	16.04	15.02	13.5	13.24	13.1	12.7	14.58	17.68	16.22	17.24	16.82	16.5	17.06	16.08	15.58	15.22	14.22	14.02	12.12	10.82	11.76	10.64	10.88	11.08	9.88	10.84	10.14	10.28	11.28	11.3	11.64	11.24	11.0	8.88	10.1	10.02	9.74	9.54	10.1	9.3	8.8	8.42	8.08	6.56	6.52	6.26	6.08	6.38	7.0	7.02	6.78	6.58	6.58	6.44	
52.2	50.06	33.92	32.72	27.78	27.24	25.84	25.14	25.9	28.82	33.48	40.36	44.84	42.96	42.12	39.28	37.18	28.54	26.92	21.44	21.78	22.32	20.88	18.78	19.88	18.04	18.62	18.52	21.6	26.24	28.62	28.94	29.78	28.02	27.56	27.02	25.98	26.54	20.64	18.82	18.12	18.22	17.72	17.92	16.5	15.84	13.76	14.08	14.4	13.06	13.24	14.3	17.6	17.34	15.7	17.52	15.84	15.62	15.64	15.18	15.68	14.42	13.14	11.88	11.24	10.92	10.3	10.98	10.98	10.16	10.04	10.2	10.46	11.74	11.8	12.84	11.56	10.58	9.8	9.96	9.64	9.6	9.02	9.36	9.66	8.38	8.3	7.38	6.66	6.78	6.6	6.22	6.92	5.94	6.98	6.76	7.26	6.26	5.8	
53.18	47.62	34.04	33.08	28.12	28.94	26.12	26.0	25.02	31.38	33.66	41.74	43.14	42.78	42.58	36.76	37.04	28.48	26.28	22.16	20.08	21.6	20.66	19.8	17.96	18.64	17.62	17.86	21.54	26.62	27.76	29.8	27.66	27.12	26.62	26.84	25.68	25.28	20.98	19.64	17.74	18.34	18.6	17.38	15.76	15.2	13.42	13.22	13.06	13.56	13.14	15.04	17.04	16.5	16.88	17.4	16.92	16.64	16.42	15.32	16.0	14.16	13.98	11.92	11.6	10.8	11.32	10.38	10.34	10.54	9.94	10.18	9.92	11.04	10.8	11.66	10.9	10.68	9.88	9.54	9.64	8.98	9.56	9.26	9.7	8.56	7.84	7.84	7.08	6.82	6.26	6.06	6.9	6.8	6.74	6.54	6.16	6.64	6.48	
52.14	49.5	33.58	32.88	27.8	28.0	27.32	25.6	25.54	30.26	33.54	40.52	44.08	43.16	42.68	39.12	36.74	28.8	27.64	21.86	20.78	20.86	20.44	19.76	17.74	18.32	17.78	17.1	22.6	25.12	26.82	27.84	29.6	28.18	26.48	26.62	28.04	25.5	21.3	18.82	19.08	17.66	17.88	16.36	15.42	16.14	14.18	13.42	13.5	13.08	13.36	15.34	17.96	17.38	16.3	16.4	17.54	16.6	15.92	16.18	15.44	14.4	12.58	11.94	10.1	11.0	11.1	11.9	11.5	10.46	9.62	10.58	10.56	11.38	11.34	11.2	11.3	9.52	10.48	9.4	9.44	10.04	9.74	9.4	9.62	8.64	8.86	7.86	7.34	6.42	6.82	5.98	6.68	7.02	7.1	6.42	6.66	5.88	5.94	
50.1	48.56	34.76	33.64	27.34	26.44	27.44	26.46	25.22	31.66	33.66	40.6	42.36	43.68	42.0	36.64	36.86	27.78	28.22	21.14	20.58	19.66	20.22	19.36	18.24	18.08	18.18	17.1	21.56	26.68	27.62	28.18	27.5	28.32	26.62	26.42	26.84	26.04	19.9	19.78	18.32	17.64	17.7	17.22	16.28	14.76	13.36	13.16	13.86	13.46	13.06	15.0	17.38	17.42	16.76	16.74	15.22	15.02	14.64	15.84	14.72	12.92	13.24	11.68	11.3	11.42	10.3	11.04	11.16	10.18	9.76	10.86	10.56	11.2	11.12	11.9	11.3	10.5	10.28	9.9	10.1	9.48	9.12	8.86	9.18	8.14	8.14	7.84	6.92	6.38	6.58	6.12	6.58	6.68	6.04	6.54	6.0	7.22	5.64	
53.04	48.08	33.56	31.52	27.04	25.04	27.28	25.2	24.66	30.3	34.64	39.5	44.28	41.4	43.16	37.78	35.86	27.84	26.5	21.96	22.02	21.18	19.52	18.86	18.34	18.46	17.46	17.78	21.4	25.74	27.2	28.64	28.2	27.08	27.62	26.68	25.3	25.4	22.08	19.94	18.72	17.18	17.5	17.86	15.36	15.34	13.66	14.32	13.38	13.54	11.66	14.7	17.42	15.98	16.88	15.8	16.12	15.62	16.04	15.08	15.52	14.16	13.26	11.34	11.04	11.52	11.04	10.86	10.38	9.68	10.06	10.34	10.08	11.02	12.14	12.52	10.98	10.42	9.64	9.92	10.54	9.1	9.42	8.74	8.86	8.36	7.92	7.44	7.18	5.86	6.66	5.98	6.36	6.28	5.9	6.62	7.44	6.54	6.88	
52.78	48.58	32.54	31.16	27.6	26.68	25.96	26.3	24.42	30.56	36.64	40.18	45.54	41.62	42.58	37.42	36.24	26.14	25.9	21.44	21.76	21.48	19.56	19.36	18.48	17.58	18.62	17.14	22.08	26.08	26.5	29.7	27.82	27.0	27.76	26.86	26.86	27.04	21.36	18.58	17.64	17.7	17.28	18.02	16.38	15.52	14.14	14.5	13.56	13.08	13.16	15.14	17.46	18.1	16.36	16.16	16.76	15.74	15.58	15.78	15.62	13.3	13.02	11.3	10.54	9.36	10.32	10.44	10.14	10.28	9.96	9.8	9.86	11.56	10.98	11.32	10.74	10.14	10.22	10.88	9.28	8.76	10.26	8.66	8.62	8.38	8.52	7.68	7.18	6.56	6.28	6.18	6.52	7.62	6.54	6.38	6.46	6.54	6.44	
52.56	47.46	34.1	30.86	26.66	26.6	26.68	25.0	24.18	30.1	32.98	42.78	43.96	42.38	41.22	39.42	36.26	26.62	26.4	22.06	20.9	20.02	21.22	19.16	18.48	18.62	18.02	17.48	20.84	25.36	27.08	28.14	28.18	27.44	26.88	27.16	26.02	25.2	19.88	19.7	17.86	18.86	16.54	17.22	15.74	15.4	13.56	14.1	13.38	12.88	13.2	14.64	17.04	16.44	16.0	16.32	16.38	16.06	16.6	16.14	14.66	13.94	13.1	11.54	11.32	11.24	10.46	10.28	9.16	9.56	9.28	9.06	9.86	10.96	10.64	11.18	9.78	9.42	10.02	9.64	9.34	9.58	9.2	8.76	9.24	8.26	7.8	7.48	7.04	5.94	6.46	6.14	6.5	6.22	6.4	5.88	5.92	6.54	6.16	
52.46	48.64	32.64	31.48	28.2	26.42	25.4	27.34	24.16	30.18	35.38	42.36	44.06	42.96	41.48	39.7	35.1	27.8	27.06	21.14	21.96	20.5	21.36	20.04	19.66	17.86	17.84	16.56	21.72	27.3	27.02	29.28	28.74	27.96	25.64	26.78	26.66	25.18	21.16	19.08	17.96	19.32	18.0	17.72	15.58	15.34	15.2	12.92	12.8	14.18	11.98	13.46	16.42	18.12	17.08	17.1	15.76	15.1	15.22	14.92	15.2	14.1	14.26	12.24	11.04	10.62	10.4	10.44	10.28	10.22	10.12	10.3	10.42	10.24	11.78	11.4	11.6	10.28	9.68	9.48	9.7	9.86	8.86	9.22	8.58	8.12	8.42	7.8	6.28	6.24	6.02	6.12	6.8	6.34	6.34	6.8	6.4	6.26	6.16	
51.92	49.52	34.5	32.74	27.3	27.4	27.4	26.86	26.22	30.48	35.0	40.6	43.24	43.08	41.92	36.46	37.3	28.28	26.48	20.9	21.36	19.5	20.12	19.1	19.7	17.12	18.58	17.6	20.52	25.7	26.32	29.28	29.3	28.2	26.1	26.42	26.18	25.06	20.92	18.62	17.26	18.68	17.78	17.66	15.62	15.56	14.24	13.64	13.92	14.1	12.2	14.8	16.3	18.26	16.92	17.42	16.68	17.04	15.76	15.5	15.74	13.68	14.06	11.6	10.84	11.22	11.38	10.16	9.78	9.64	10.62	9.98	9.4	10.42	11.32	11.52	11.66	9.92	9.54	10.14	9.14	9.9	8.86	9.52	10.46	8.34	8.64	7.64	6.98	6.44	6.08	6.52	6.38	6.54	6.24	7.32	6.04	6.26	6.22	
50.46	48.84	34.16	32.9	26.88	26.92	25.52	25.78	24.58	30.5	34.82	40.28	43.82	41.28	41.84	36.32	37.98	27.74	25.4	22.36	21.44	20.94	20.64	19.58	19.14	17.62	17.56	17.82	21.32	25.94	27.76	28.06	28.36	27.9	25.5	27.08	26.14	25.3	20.82	18.48	19.14	18.08	16.32	17.34	15.88	15.16	13.78	13.78	14.16	13.28	12.48	14.16	16.06	16.6	16.7	16.38	16.32	15.76	16.24	14.42	15.34	13.96	13.42	11.7	10.38	10.24	11.18	10.32	10.1	10.32	9.5	10.08	10.94	10.9	11.34	11.68	10.56	11.48	9.76	8.8	9.6	10.0	10.06	9.34	9.6	8.88	8.16	7.92	7.46	6.28	6.22	6.04	6.56	6.7	6.22	6.14	5.9	6.16	6.64	
51.98	48.76	33.7	30.92	27.34	27.2	26.18	25.52	23.86	30.7	35.5	39.92	44.92	43.14	41.72	36.7	37.64	28.38	25.7	21.94	20.72	20.56	20.88	19.0	17.82	18.14	17.14	17.62	21.02	26.02	27.86	29.78	29.1	28.22	25.7	27.9	25.72	25.8	20.7	19.84	18.16	18.24	17.5	17.58	16.34	15.22	14.5	13.04	12.8	12.78	12.58	14.6	15.46	17.22	17.04	16.38	16.3	15.94	15.92	14.86	15.02	12.96	13.74	11.66	11.58	10.72	10.34	9.84	10.48	10.74	10.36	9.46	10.32	10.66	10.42	11.28	11.96	10.68	10.2	10.72	9.44	9.14	9.68	9.04	9.16	8.5	8.18	6.76	6.86	6.5	6.3	6.54	6.0	6.2	6.66	6.88	6.52	6.7	5.98	
51.08	48.38	34.04	31.32	27.76	26.62	26.2	24.48	23.5	30.22	34.2	41.16	44.48	43.1	42.38	37.82	36.58	27.74	27.1	21.92	21.2	20.3	19.48	20.28	17.94	17.14	18.34	18.04	21.38	26.0	26.92	28.64	27.6	26.24	27.24	26.74	26.44	24.46	19.62	19.04	17.7	18.8	16.76	17.08	14.94	15.32	13.84	13.64	13.88	12.46	12.78	14.08	17.44	17.66	17.08	16.24	15.84	16.06	15.78	14.84	15.86	13.78	12.98	11.42	10.62	10.58	10.78	11.02	10.12	10.62	10.1	9.78	10.56	10.68	10.64	11.54	11.18	10.74	10.14	9.9	9.1	9.8	9.54	8.66	8.98	9.18	9.38	7.02	6.4	6.46	6.4	6.0	6.16	6.94	6.58	5.8	6.44	6.4	6.36	
54.5	48.6	32.58	31.26	26.86	27.66	24.52	24.58	26.0	30.86	33.36	41.4	45.22	43.94	42.1	37.48	35.24	28.96	27.06	22.0	19.8	19.86	19.7	18.68	19.0	17.96	17.12	17.42	22.8	25.66	26.82	28.4	29.06	28.16	26.92	25.72	25.46	25.14	21.9	19.32	18.92	18.26	17.66	17.12	16.08	15.32	15.2	13.02	12.58	12.82	13.5	13.76	17.62	17.32	17.28	16.42	15.74	16.02	16.0	16.74	14.7	14.44	13.18	11.72	11.0	10.66	11.06	10.4	11.24	10.44	10.5	9.7	10.28	11.06	10.54	11.6	11.14	10.5	10.18	9.54	9.42	9.38	8.82	8.86	9.2	9.32	8.08	7.8	6.86	6.18	5.84	6.38	6.1	6.62	6.66	6.2	6.0	6.58	5.48	
52.1	47.24	33.4	31.22	27.3	27.14	26.34	26.58	25.28	30.98	34.3	42.26	43.64	43.96	43.08	38.6	36.0	29.98	28.08	22.26	21.22	20.08	20.3	19.74	19.14	18.76	17.48	17.28	21.34	26.7	27.76	29.72	28.4	27.24	26.6	25.98	27.1	25.46	20.08	19.66	17.72	17.48	17.18	18.06	14.42	14.16	14.42	13.86	13.42	13.64	12.46	13.64	16.78	17.54	16.94	15.88	16.76	15.94	14.94	14.94	15.32	14.04	13.64	12.0	10.8	11.18	11.0	10.16	9.8	10.16	10.54	10.18	9.86	10.12	11.04	11.96	11.4	10.3	10.56	9.58	10.0	8.74	9.16	10.0	9.12	8.76	7.7	8.08	7.16	6.68	6.44	6.48	6.0	6.22	6.52	6.78	6.6	6.68	5.92	
55.2	48.36	33.9	33.04	28.64	27.6	27.54	25.78	25.46	30.46	33.92	41.88	45.08	43.0	42.46	37.94	36.48	28.66	26.96	21.58	21.76	20.76	21.02	18.42	19.92	17.96	18.88	17.24	21.24	24.82	28.24	28.44	29.4	27.44	28.04	27.94	26.84	25.02	20.2	19.06	17.7	19.26	17.16	18.24	16.94	15.04	14.46	13.3	13.94	12.66	12.36	13.84	16.58	17.04	16.52	17.12	16.44	16.2	15.14	15.96	15.8	14.52	13.14	11.6	9.84	11.06	9.6	10.84	10.3	9.8	10.32	10.44	10.3	10.92	11.3	10.72	11.48	10.18	9.8	9.5	9.42	9.76	9.1	9.54	8.88	8.58	8.06	7.82	6.46	6.2	5.7	6.54	5.92	6.4	6.54	6.14	6.86	6.1	6.66	
52.2	50.0	34.18	31.8	28.02	26.88	26.74	25.16	25.4	30.62	34.24	42.34	45.98	44.0	44.94	38.98	36.46	29.14	25.9	21.26	20.38	20.2	20.54	17.88	20.0	18.32	17.58	18.26	21.34	25.74	28.38	28.56	29.14	28.98	27.36	27.72	26.84	25.46	21.54	19.74	18.88	17.42	18.06	17.92	15.52	15.14	15.12	12.56	13.72	13.5	12.96	15.1	17.66	17.36	16.58	17.58	17.0	15.86	16.26	15.78	15.24	14.84	13.66	11.4	10.48	9.9	10.5	9.98	11.32	10.54	10.22	10.64	10.64	11.54	11.42	12.04	10.46	10.36	10.0	10.06	9.52	9.02	9.04	8.64	9.56	8.46	8.24	7.64	7.18	6.78	6.76	5.48	6.64	6.62	6.38	6.52	6.9	6.2	6.16	
54.0	52.04	34.88	32.58	27.02	28.28	27.52	27.18	24.8	30.36	34.0	41.24	46.34	44.9	43.92	38.1	35.36	28.1	26.74	21.48	20.38	21.28	20.2	19.48	19.12	17.34	18.02	18.06	21.08	27.64	27.68	30.26	29.98	29.2	28.72	27.0	26.28	26.04	21.56	20.38	19.06	17.86	17.5	17.36	17.26	15.2	14.12	14.26	13.92	14.12	13.86	14.2	17.58	16.96	18.66	17.68	17.62	15.92	16.12	14.92	15.42	14.18	13.68	12.64	11.52	10.96	10.28	10.7	9.5	10.26	9.42	9.8	10.18	10.76	11.48	11.0	12.1	10.84	10.22	9.4	10.34	9.64	9.12	8.88	9.54	9.64	8.74	7.36	7.54	6.68	6.56	6.8	7.1	6.5	6.4	6.68	6.88	6.18	6.44	
56.52	50.74	34.48	32.52	28.94	28.24	27.04	27.06	23.72	31.44	35.6	43.52	45.84	45.84	44.78	39.04	38.22	29.84	27.84	23.0	22.26	21.46	21.18	20.42	18.94	19.52	17.92	18.2	21.46	28.14	29.0	28.74	30.64	29.08	28.52	29.28	26.82	25.48	22.02	20.52	18.82	18.84	16.92	18.6	15.66	15.62	14.86	15.2	13.34	13.64	13.08	15.46	18.04	16.98	17.44	16.96	16.46	16.08	16.66	16.14	17.28	14.54	12.82	11.94	11.64	11.88	11.26	10.56	10.42	9.88	10.06	10.42	10.32	11.68	11.94	12.52	11.56	10.46	9.02	9.5	9.02	9.84	10.14	9.1	9.32	9.42	8.72	7.74	6.98	6.32	6.78	6.92	6.34	6.62	6.9	6.64	6.6	6.92	6.02	
56.02	51.26	35.86	32.88	29.06	28.88	29.0	27.04	26.06	32.22	35.56	46.9	47.18	46.5	44.12	40.64	37.56	29.38	28.84	22.7	21.36	22.52	21.4	19.8	19.1	18.88	19.64	17.58	22.32	28.36	29.82	31.06	31.04	30.2	28.5	29.6	28.08	26.64	21.72	20.06	19.74	19.32	18.26	18.62	16.5	16.48	15.3	15.08	14.22	14.14	13.4	15.28	17.16	18.36	17.6	16.82	17.34	17.6	16.92	17.54	15.92	15.2	13.6	12.14	11.38	11.02	11.06	10.92	10.98	10.98	10.76	10.6	10.98	10.98	11.86	11.9	11.8	10.66	10.8	10.28	9.26	10.0	10.6	10.58	8.74	9.22	8.54	8.82	6.58	6.28	7.18	6.82	6.82	6.96	7.06	6.4	6.56	6.38	5.86	
58.3	54.4	36.44	34.62	29.56	28.4	28.24	27.7	27.4	32.18	35.9	45.92	48.94	45.9	45.56	40.94	38.98	29.52	29.0	22.3	22.42	22.16	22.3	20.96	19.26	20.48	18.78	19.42	22.12	29.36	30.28	32.12	32.5	30.52	31.54	29.28	28.64	27.86	22.52	20.58	20.38	19.72	19.92	19.6	17.84	15.74	15.24	14.62	15.08	13.58	13.6	15.18	18.04	20.1	17.88	18.4	16.82	17.6	16.78	16.96	15.9	15.72	14.88	13.26	11.5	11.1	11.0	11.18	10.24	11.58	10.8	10.44	11.78	11.92	12.64	12.94	12.5	10.04	10.98	10.76	10.54	10.48	10.42	10.04	9.52	10.1	9.08	8.54	7.84	6.6	6.42	6.3	6.5	6.84	6.92	6.52	6.76	6.92	6.96	
57.94	55.04	36.84	35.8	30.34	30.22	29.14	27.54	27.08	33.44	37.92	48.14	50.0	48.96	47.28	42.5	40.48	31.12	28.9	23.54	23.64	23.32	21.72	20.12	20.38	20.12	20.06	19.18	24.7	28.94	31.74	33.08	32.66	30.98	31.22	31.14	29.46	29.0	23.34	20.84	19.8	20.18	19.56	18.64	18.58	16.72	15.48	13.82	14.48	14.18	13.82	15.98	19.68	20.76	19.02	17.92	18.02	17.22	17.7	17.16	17.46	15.68	14.42	12.08	12.4	11.52	12.16	11.62	10.56	10.9	10.58	10.56	11.52	11.68	12.06	12.86	12.88	10.94	10.98	10.88	10.54	10.52	10.22	10.28	9.02	10.08	8.82	8.44	7.38	7.04	6.82	7.02	7.58	6.86	6.9	7.22	7.08	6.74	6.78	
61.3	55.72	37.18	36.38	30.4	30.72	29.98	29.08	26.96	34.96	39.18	47.56	52.34	48.86	49.2	44.28	41.46	31.58	29.68	23.78	22.26	23.34	22.58	21.08	19.58	19.5	20.74	20.78	25.48	30.66	31.32	33.34	31.96	31.12	30.58	29.32	29.96	28.82	23.5	21.48	20.72	20.4	20.78	19.14	18.34	16.64	15.56	16.02	15.48	14.32	14.42	16.32	20.02	20.06	18.92	19.56	18.98	18.66	17.9	17.46	16.66	16.52	14.8	13.78	12.28	12.54	13.02	12.8	12.0	11.52	11.7	11.3	11.28	13.48	13.0	11.78	11.92	11.16	12.06	10.88	10.6	10.18	9.94	10.08	9.7	9.5	9.18	8.56	8.18	7.36	6.94	7.02	6.58	7.64	7.46	6.6	6.88	7.28	6.88	
59.74	56.8	38.02	36.72	31.18	30.96	30.5	29.9	30.42	36.22	40.24	48.34	52.02	49.62	49.1	43.56	42.98	32.36	29.9	24.38	23.56	22.84	23.76	22.08	22.26	20.76	21.44	19.7	24.14	29.0	32.08	31.54	34.0	32.24	31.78	32.18	31.62	28.64	24.4	21.54	21.08	19.82	20.02	20.42	19.04	16.86	17.3	14.78	14.88	14.58	14.22	16.36	18.78	20.44	19.9	18.86	18.58	18.52	18.26	17.18	17.7	16.18	14.42	13.64	13.38	12.62	12.56	12.08	11.2	11.86	11.02	12.12	11.9	13.14	13.04	13.76	12.94	11.62	10.94	11.06	10.0	11.68	10.92	10.92	10.48	10.64	8.64	8.66	8.22	7.08	6.34	6.1	6.98	7.14	7.2	7.44	6.66	6.96	6.22	
59.8	56.3	39.4	36.2	32.52	31.18	29.9	30.54	27.74	34.0	40.64	47.66	50.88	51.66	49.88	44.7	42.38	31.52	30.84	23.82	24.92	24.14	23.16	20.82	21.0	21.62	19.4	19.84	23.7	30.28	32.36	35.38	33.28	33.0	31.06	31.28	31.28	31.36	23.78	21.22	20.24	20.9	20.46	20.1	17.64	17.7	16.82	15.0	15.16	15.02	14.42	16.56	21.0	19.76	19.82	19.84	17.76	18.44	17.26	17.94	17.18	16.12	15.12	13.66	12.96	11.86	11.52	12.42	11.7	11.0	11.1	11.02	10.9	13.26	13.12	13.28	13.38	11.62	11.48	11.02	11.96	10.94	10.96	10.5	11.06	10.18	9.38	8.72	7.76	7.38	6.98	7.48	6.96	7.74	7.2	7.04	6.48	6.88	6.46	
